-2.4841809425929748e-18
-4.0387256865526247e-13
-1.0283800871831559e-11
-7.257009618095525e-11
-2.9640498480545483e-10
-8.932467808624598e-10
-2.218592754456022e-9
-4.821714137871963e-9
-9.506347454668328e-9
-1.740606196651197e-8
-3.0079098330999815e-8
-4.9628956663676234e-8
-7.885905929084755e-8
-1.2147265117099737e-7
-1.8233306049729315e-7
-2.6780501273358e-7
-3.8620560315861327e-7
-5.484048896568468e-7
-7.686325592057441e-7
-1.0655713751812177e-6
-1.4638542751177307e-6
-1.9961367214266593e-6
-2.70600010507342e-6
-3.6520738486878222e-6
-4.913974383495664e-6
-6.601002591308763e-6
-8.865114937217752e-6
-0.000011920667085914942
-0.00001607516560640676
-0.00002177843261529671
-0.000029703591383847173
-0.00004088514698188897
-0.00005696406930800037
-0.00008064395397010116
-0.0001165897795023499
-0.0001733262487666063
-0.00026761157214410906
-0.0004357055823503558
-0.0007670168193740159
-0.0015257165278244884
-0.003566553867363001
0.05093580390655207
-1615.0273204489783
1034.2613492830978
-0.11997018951852363
-0.0033866063029954914
-0.001815124416823995
-0.0012809349296723166
-0.0009835745691544164
-0.0007975151918694199
-0.0006726520040219432
-0.0005845558623869011
-0.0005200350764016495
-0.0004714205783415311
-0.00043399040416679214
-0.00040469973965235446
-0.0003815092341677078
-0.0003630090385937777
-0.00034819819883856327
-0.00033634990326101265
-0.00032692627917878757
-0.0003195229019141927
-0.00031383169019795937
-0.0003096155269483798
-0.00030669054721504734
-0.0003049135566738722
-0.00030417295703532644
-0.000304382115788783
-0.00030547446901582387
-0.0003073998761711188
-0.00031012189336652833
-0.00031361573262108397
-0.00031786674246950106
-0.00032286929271909326
-0.00032862597935325326
-0.0003351470895026292
-0.0003424502840982484
-0.00035056046888176564
-0.0003595098347468951
-0.00036933805655204845
-0.00038009264654969346
-0.0003918294646907779
-0.0004046133939678937
-0.0004185191948520832
-0.00043363255916760587
-0.0004500513908237749
-0.00046788734894260154
-0.0004872676987220116
-0.0005083375272618545
-0.0005312623963392506
-0.0005562315226502047
-0.0005834615995529924
-0.000613201404473589
-0.0006457373750051983
-0.0006814003874042486
-0.0007205740376415384
-0.0007637048131403072
-0.0008113146607521533
-0.0008640166146223385
-0.000922534362506758
-0.0009877269240927834
-0.0010606200241320967
-0.0011424463173065507
-0.0012346974369173013
-0.001339192011912971
-0.0014581655065926589
-0.0015943902685117222
-0.001751337978614161
-0.0019334025300449054
-0.0021462104678852756
-0.0023970606419183144
-0.0026955584225910553
-0.0030545495175643687
-0.003491526824257672
-0.004030805482835259
-0.004706985941597107
-0.00557065691100765
-0.006698161488645035
-0.00820910704026872
-0.0102995245248581
-0.013308975646465203
-0.01786803821216003
-0.02525851145004707
-0.03842587847443352
-0.06544965755383499
-0.13572526312030958
-0.4339529108626492
-9.67833456087705
-1.280584284909512
-0.22959423187922476
-0.09218075234498462
-0.04930115845376677
-0.030590733495972543
-0.020790085319813426
-0.015025615000912528
-0.011351415947898182
-0.008866936859561596
-0.007108981056222435
-0.005819562647063349
-0.004845756867857414
-0.0040922549316640576
-0.003497154420948884
-0.0030188356616661057
-0.002628480700044543
-0.0023056235958988946
-0.002035405526486182
-0.001806827189888468
-0.0016116049460475359
-0.0014434035995180814
-0.0012973104878505454
-0.0011694678816846224
-0.0010568114827253308
-0.0009568814062365769
-0.0008676835541735043
-0.0007875865795762353
-0.0007152443562683522
-0.0006495369703473428
-0.0005895253268878369
-0.0005344158775397707
-0.00048353294891358996
-0.00043629683261498203
-0.0003922062797018885
-0.00035082438717907045
-0.0003117671135233272
-0.0002746938421944949
-0.00023929954597082644
-0.00020530820409576868
-0.0001724671979932697
-0.00014054246629266156
-0.00010931424076610838
-0.0000785732148691046
-0.00004811701817118732
-0.000017746884748425628
0.000012735587385363072
0.000043531684879585696
0.00007484893577196126
0.00010690468046723951
0.0001399299746169965
0.00017417395943236693
0.0002099088606650583
0.0002474358130719166
0.0002870917556845437
0.0003292577088721942
0.0003743688331642322
0.00042292679073941173
0.0004755150959494568
0.0005328183694180485
0.0005956467279028035
0.0006649669890029963
0.0007419430059474915
0.000827988364905833
0.0009248360181226295
0.001034631416297904
0.0011600587061216462
0.001304514170550281
0.0014723483125272576
0.0016692095416396156
0.0019025413629265803
0.0021823168253472885
0.0025221491650525884
0.0029410163301870447
0.003466020483832937
0.004136958933538896
0.005014205769426978
0.006192959693275819
0.007830496440898348
0.01020200717754779
0.01382525796729952
0.01977138653546939
0.030563655371080488
0.05339051951995024
0.11618731336275012
0.42362592306490443
53.443437974590466
0.6155715700453639
0.13817595007522904
0.05905960361546087
0.032466016292005774
0.02042679261433979
0.01398158427188124
0.010136533891771372
0.007661736524220845
0.0059766808939964
0.00477844317907357
0.0038964382926021672
0.003228672830374009
0.0027111388349925613
0.002302028292324043
0.0019731006996803226
0.001704726147821647
0.001482918717397836
0.0012974968091837209
0.0011409065557328516
0.0010074486691964662
0.0008927580833138796
0.0007934461845649035
0.0007068500803025198
0.0006308538226731471
0.0005637589283661221
0.0005041892550802214
0.00045102020087368433
0.0004033253717135874
0.00036033596082749443
0.0003214094917567548
0.0002860055368793194
0.0002536666867844382
0.00022400351077764567
0.00019668257856033644
0.00017141684963180472
0.0001479579085324637
0.00012608964964862864
0.00010562310820055796
0.00008639220331221539
0.00006825021115754686
0.000051066825684924216
0.00003472569455583818
0.000019122341112289407
4.16240112318838e-6
-0.000010239883015837378
-0.0000241629570322602
-0.00003767907632701785
-0.000050855285428110516
-0.00006375428110720963
-0.00007643518071564577
-0.00008895421396482295
-0.00010136535375558352
-0.00011372089963558603
-0.0001260720259142151
-0.0001384693053024092
-0.00015096321817849155
-0.00016360465707451906
-0.00017644543582169992
-0.00018953881287204764
-0.0002029400387107186
-0.00021670693797005356
-0.00023090053786823932
-0.0002455857560165228
-0.0002608321624769786
-0.0002767148333378862
-0.0002933153161000505
-0.00031072273098085385
-0.00032903503707926114
-0.00034836049838228285
-0.00036881939229512227
-0.00039054601305020607
-0.00041369103471252246
-0.00043842431425596096
-0.00046493823544141774
-0.0004934517204039483
-0.0005242150698923129
-0.0005575158376802207
-0.0005936860034789729
-0.0006331107868807003
-0.0006762395497067337
-0.000723599376002665
-0.0007758121126528561
-0.0008336159209227315
-0.0008978927620636594
-0.0009697037662195876
-0.0010503351855186238
-0.0011413587205602073
-0.0012447116083841982
-0.001362804245795502
-0.0014986667429667526
-0.0016561514007684254
-0.0018402169380047
-0.0020573345436699117
-0.0023160793870349253
-0.00262801124299938
-0.0030090179958244907
-0.003481422860086359
-0.004077395626516129
-0.004844680029826823
-0.005856627890258481
-0.007230686386973478
-0.009164586621275093
-0.012012652130344918
-0.01646252320397406
-0.02399771740984036
-0.038329387681008895
-0.07107247509591362
-0.17586589965587807
-0.9834871038286898
-6.823822735743944
-0.3159016381697175
-0.09832936781917442
-0.04703191716937979
-0.027358475701469064
-0.01780767169078605
-0.012469032180057368
-0.009189907363324479
-0.007034906419905068
-0.005544681557909174
-0.00447236046275718
-0.003675718095157064
-0.003068164039625553
-0.0025945521370348322
-0.0022184226973688804
-0.0019148962823878981
-0.0016665297404910445
-0.0014608034060190694
-0.0012885451825781831
-0.0011429127350520937
-0.001018718926093995
-0.0009119743757790458
-0.0008195708426621415
-0.0007390580056112117
-0.0006684834552776522
-0.0006062762505646752
-0.0005511610030464394
-0.0005020936805273658
-0.0004582130789646914
-0.00041880374338512395
-0.00038326735413011967
-0.00035110044125334373
-0.00032187687785545203
-0.00029523401675105525
-0.0002708616293965556
-0.00024849301807368526
-0.00022789782661963571
-0.00020887618837503452
-0.0001912539341012363
-0.00017487864548893775
-0.0001596163873480367
-0.00014534898756255943
-0.00013197176154529285
-0.00011939159913626908
-0.00010752534843104275
-0.00009629844388944643
-0.00008564373616935781
-0.00007550048913391752
-0.00006581351577658537
-0.00005653242987943847
-0.00004761099422214667
-0.00003900654940695626
-0.00003067950996656537
-0.000022592916505911762
-0.000014712034324393451
-7.003990315195212e-6
5.625589792415021e-7
8.017734419052497e-6
0.00001539072202958787
0.000022710046572931507
0.00003000383568099493
0.00003730007907047477
0.00004462688727991288
0.0000520127543760219
0.000059486829237749857
0.00006707920030642512
0.00007482119910939688
0.00008274572845847163
0.00009088762199939609
0.00009928404279836051
0.00010797492992642591
0.00011700350361155646
0.00012641684158154576
0.00013626654174836244
0.00014660948962408
0.00015750875291179747
0.000169034630859547
0.00018126589250691595
0.00019429124633308262
0.00020821109455518763
0.0002231396392560381
0.00023920742563941517
0.0002565644314434704
0.00027538384294945875
0.00029586669978059067
0.0003182476467826792
0.00034280210730729013
0.00036985529615639145
0.00039979363417894467
0.0004330793272570757
0.00047026915627315516
0.0005120389309745526
0.0005592156502816509
0.0006128202797592418
0.0006741253557494231
0.0007447336020430211
0.0008266868097287455
0.0009226190813000204
0.0010359763921257393
0.0011713374538205275
0.0013348930984065275
0.0015351805315452383
0.0017842401077030883
0.0020994974620514896
0.002506942005437062
0.003046733477586717
0.0037836150915960954
0.004827496024302711
0.006377376680572195
0.008824645530322658
0.013029008226359762
0.021197455031516266
0.04052791771336695
0.10701620649963177
0.773284405376248
1.5617211521796504
0.13302001249151227
0.04531035080959056
0.022494255818986543
0.013360404261226796
0.008815582074860275
0.006233476614762035
0.004628802034357856
0.0035647503466367824
0.0028236571661361697
0.0022872222836844906
0.00188668154664089
0.0015798626790346278
0.001339742931754722
0.0011483627165988358
0.0009934110243673057
0.0008662219805228938
0.0007605535358546637
0.0006718179402693889
0.0005965826878842161
0.0005322385396347314
0.00047677364915309017
0.00042861674904335115
0.0003865262890524751
0.00034951076350769026
0.00031677059230231973
0.00028765514255781326
0.0002616305463769184
0.00023825532314705424
0.00021716171551012394
0.0001980412572275567
0.00018063350943064435
0.00016471719276203554
0.00015010314804385084
0.00013662870446717507
0.0001241531397609544
0.00011255399368796448
0.00010172405275421963
0.00009156886592577953
0.00008200468257669116
0.00007295672745785663
0.00006435774546437656
0.000056146762562572624
0.000048268019746602166
0.00004067004481166409
0.00003330483289816031
0.000026127111338551208
0.000019093667790936516
0.0000121627231177204
5.29333208370771e-6
-1.5552041119563086e-6
-8.423929270833859e-6
-0.000015354843847263884
-0.000022391554279505448
-0.00002957997949593405
-0.00003696913708916619
-0.00004461203587288082
-0.000052566707266642
-0.00006089741569072443
-0.00006967609849419456
-0.00007898409983630223
-0.00008891428159087026
-0.00009957361964733288
-0.00011108642841575087
-0.0001235984037538202
-0.00013728174034876767
-0.00015234167197871146
-0.00016902491433330009
-0.00018763067886601645
-0.0002085252014787401
-0.00023216113753942434
-0.00025910378803305423
-0.0002900670610076151
-0.00032596353898665497
-0.00036797536156751046
-0.00041765644947448245
-0.0004770829893521802
-0.000549080118078293
-0.0006375723608318043
-0.0007481415863874365
-0.0008889459082661979
-0.0010722935264708172
-0.0013174652761604292
-0.0016560620893759455
-0.0021428338083339885
-0.002879499724338943
-0.004073001871894376
-0.006199562261995086
-0.01056873584391411
-0.021967639293092037
-0.0708196032539984
-1.719020063212451
-0.19505933943507225
-0.03567503077695205
-0.014362533012140067
-0.007674557816717718
-0.004750412650241221
-0.0032178348314389786
-0.0023165468577645396
-0.0017424083084198014
-0.0013545085554680534
-0.001080324047502148
-0.000879447705971036
-0.0007279242668996338
-0.0006108236824149451
-0.0005184496241397694
-0.00044428345658113717
-0.0003838119455208921
-0.00033382987711594276
-0.0002920098203145632
-0.00025662818094304463
-0.0002263858696048388
-0.00020028798634876585
-0.0001775613041766055
-0.00015759653640859425
-0.0001399071965308211
-0.00012409977322914084
-0.00010985174693674949
-0.0000968951146546343
-0.00008500382458670508
-0.00007398400289399402
-0.0000636661728834474
-0.00005389887794302152
-0.00004454325791009567
-0.00003546821522597009
-0.000026545854404064383
-0.000017646891701875516
-8.635711915606391e-6
6.353093551460823e-7
0.000010332709076229148
0.000020650740083782446
0.00003182304568925494
0.00004413865743995012
0.0000579645544851287
0.00007377833647132176
0.00009221681146844037
0.00011415027047988199
0.00014079947233825007
0.00017392614563431163
0.00021615522902524044
0.00027154456144511693
0.0003466460240591334
0.0004526104645938461
0.0006096998175902699
0.0008579583155432524
0.0012859330674141174
0.0021231414157274076
0.00412981447601024
0.011225581741072294
0.09079856657114099
0.12379047983246189
0.01231455345646005
0.0043106688886127
0.0021618365512119037
0.0012892869947915399
0.0008516126622785284
0.0006017075991519703
0.00044591402307954343
0.0003424168285002994
0.0002702704643182419
0.00021804505764732356
0.00017907531945582898
0.00014926270297164454
0.00012597522352369902
0.00010746043237646179
0.0000925152123686133
0.00008029159526195153
0.00007017815164258589
0.0000617251255511125
0.000054595806793443896
0.00004853413798426302
0.000043342647009802335
0.000038867109257427737
0.00003498569333821502
0.00003160115341708718
0.000028635129172386816
0.000026023927769084348
0.000023715363583154292
0.000021666363269687293
0.000019841131624922772
0.0000182097331745131
0.000016746985292773367
0.000015431587126949152
0.000014245428685049462
0.000013173038782862805
0.000012201140894728976
0.00001131829349906383
0.000010514597067287516
9.781453974815229e-6
9.111370707837806e-6
8.497794078901602e-6
7.93497494499885e-6
7.417854287878163e-6
6.941967570880592e-6
6.503364106560313e-6
6.098538810398491e-6
5.7243742203544205e-6
5.3780910611022994e-6
5.057205949041019e-6
4.759495088071743e-6
4.48296300981028e-6
4.225815576520195e-6
3.986436598396437e-6
3.7633675253947255e-6
3.555289762637932e-6
3.361009231253426e-6
3.1794428565804086e-6
3.0096067152923537e-6
2.850605614203702e-6
2.701623907848785e-6
2.5619173905245177e-6
2.4308061225712204e-6
2.30766807078571e-6
2.1919334599272466e-6
2.0830797466217294e-6
1.9806271391847625e-6
1.884134597243034e-6
1.7931962538590999e-6
1.7074382104092629e-6
1.626515660926194e-6
1.5501103081594956e-6
1.477928038371894e-6
1.4096968260066074e-6
1.3451648429030284e-6
1.2840987498244334e-6
1.2262821507114141e-6
1.171514192409212e-6
1.1196082946226351e-6
1.0703909966175301e-6
1.0237009087242284e-6
9.793877580469823e-7
9.373115189627422e-7
8.973416200271814e-7
8.593562198249281e-7
8.232415450968391e-7
7.888912851920209e-7
7.562060375170678e-7
7.250927992112436e-7
6.954645007644375e-7
6.672395777367199e-7
6.403415771212458e-7
6.146987952386751e-7
5.902439443623241e-7
5.669138455400982e-7
5.446491453343907e-7
5.2339405440833e-7
5.030961060949047e-7
4.837059332517428e-7
4.6517706186867953e-7
4.4746572003211685e-7
4.3053066098226185e-7
4.1433299910931903e-7
3.988360578427011e-7
3.84005228476772e-7
3.698078390637083e-7
3.562130325778468e-7
3.4319165362723547e-7
3.307161430479375e-7
3.1876043977510834e-7
3.072998894348698e-7
2.96311159148432e-7
2.85772158081625e-7
2.756619633116628e-7
2.6596075061793896e-7
2.566497298357323e-7
2.4771108444046603e-7
2.3912791505671257e-7
2.3088418661095322e-7
2.2296467886804612e-7
2.1535494011303443e-7
2.0804124375700217e-7
2.0101054766386612e-7
1.9425045600976605e-7
1.8774918350117505e-7
1.8149552179095882e-7
1.7547880794375442e-7
1.6968889481264269e-7
1.6411612319958815e-7
1.587512956815634e-7
1.535856519922495e-7
1.4861084585783677e-7
1.4381892319228832e-7
1.3920230156419336e-7
1.3475375085374752e-7
1.3046637502392964e-7
1.2633359493523103e-7
1.2234913213839095e-7
1.1850699358375462e-7
1.1480145719050462e-7
1.1122705822238757e-7
1.0777857642062354e-7
1.0445102384763674e-7
1.0123963339847926e-7
9.813984793983262e-8
9.514731003871705e-8
9.225785224596546e-8
8.946748790141455e-8
8.677240243025565e-8
8.416894510155156e-8
8.16536212221996e-8
7.922308474093095e-8
7.687413123891683e-8
7.460369128464754e-8
7.240882413244584e-8
7.028671174511366e-8
6.823465312243103e-8
6.625005891836662e-8
6.433044633090733e-8
6.24734342494024e-8
6.067673864516762e-8
5.8938168192036844e-8
5.7255620104303245e-8
5.562707618022973e-8
5.405059903999492e-8
5.2524328547694144e-8
5.1046478407456186e-8
4.961533292446089e-8
4.822924392213389e-8
4.688662780723021e-8
4.5585962775102906e-8
4.432578614782669e-8
4.31046918382345e-8
4.192132793343858e-8
4.077439439159236e-8
3.9662640846178774e-8
3.85848645122905e-8
3.7539908189752964e-8
3.652665835817503e-8
3.554404335935157e-8
3.459103166259894e-8
3.366663020892034e-8
3.276988283008525e-8
3.189986873891989e-8
3.10557010873329e-8
3.023652558871744e-8
2.9441519201638154e-8
2.866988887181926e-8
2.7920870329597825e-8
2.7193726940198565e-8
2.6487748604299206e-8
2.580225070648049e-8
2.5136573109284044e-8
2.4490079190751947e-8
2.3862154923357026e-8
2.325220799242587e-8
2.2659666952179245e-8
2.2083980417665965e-8
2.152461629091145e-8
2.09810610197121e-8
2.04528188875755e-8
1.9939411333377715e-8
1.944037629938921e-8
1.895526760638442e-8
1.84836543546034e-8
1.802512034940092e-8
1.757926355049571e-8
1.7145695543738575e-8
1.6724041034413107e-8
1.6313937361116297e-8
1.5915034029305482e-8
1.552699226364058e-8
1.5149484578317162e-8
1.4782194364582807e-8
1.4424815494707256e-8
1.4077051941681711e-8
1.3738617413974183e-8
1.3409235004696204e-8
1.3088636854553257e-8
1.2776563828002728e-8
1.247276520204873e-8
1.2176998367141944e-8
1.188902853967393e-8
1.1608628485576858e-8
1.1335578254560397e-8
1.1069664924549725e-8
1.0810682355888914e-8
1.0558430954913743e-8
1.0312717446501987e-8
1.007335465523146e-8
9.840161294794826e-9
9.612961765332145e-9
9.391585958355997e-9
9.175869068965161e-9
8.965651415048737e-9
8.760778263197891e-9
8.561099661058572e-9
8.366470275864517e-9
8.176749238902111e-9
7.991799995678134e-9
7.811490161552707e-9
7.635691382631782e-9
7.464279201705993e-9
7.2971329290379555e-9
7.1341355178113035e-9
6.975173444054115e-9
6.8201365908678406e-9
6.6689181367922e-9
6.521414448144826e-9
6.37752497518502e-9
6.2371521519526256e-9
6.100201299643559e-9
5.966580533382562e-9
5.836200672268942e-9
5.7089751525681555e-9
5.584819943930033e-9
5.46365346852039e-9
5.345396522956682e-9
5.229972202941784e-9
5.117305830494739e-9
5.007324883683064e-9
4.899958928761665e-9
4.795139554632495e-9
4.692800309534056e-9
4.592876639884573e-9
4.495305831194564e-9
4.4000269509763966e-9
4.30698079357637e-9
4.216109826860494e-9
4.12735814068457e-9
4.0406713970869725e-9
3.955996782139193e-9
3.873282959395921e-9
3.792480024887553e-9
3.713539463598772e-9
3.6364141073809027e-9
3.5610580942473806e-9
3.4874268290023048e-9
3.4154769451557418e-9
3.345166268079573e-9
3.276453779361719e-9
3.209299582314438e-9
3.143664868598708e-9
3.0795118859237315e-9
3.0168039067859323e-9
2.955505198209509e-9
2.8955809924556748e-9
2.836997458666031e-9
2.779721675407852e-9
2.7237216040914804e-9
2.6689660632282642e-9
2.6154247035021093e-9
2.563067983625403e-9
2.511867146953526e-9
2.4617941988324e-9
2.41282188465354e-9
2.3649236685932914e-9
2.3180737130131483e-9
2.2722468584992073e-9
2.2274186045189635e-9
2.1835650906747622e-9
2.1406630785353386e-9
2.0986899340240792e-9
2.057623610347597e-9
2.0174426314454236e-9
1.978126075944956e-9
1.9396535616034393e-9
1.9020052302223426e-9
1.8651617330182123e-9
1.8291042164350883e-9
1.793814308384198e-9
1.7592741048968351e-9
1.7254661571779634e-9
1.6923734590457553e-9
1.6599794347468279e-9
1.628267927133548e-9
1.5972231861925932e-9
1.5668298579128406e-9
1.5370729734827945e-9
1.5079379388058736e-9
1.4794105243244804e-9
1.4514768551425286e-9
1.4241234014369247e-9
1.3973369691495754e-9
1.3711046909499588e-9
1.3454140174611707e-9
1.320252708739922e-9
1.2956088260033584e-9
1.2714707235947407e-9
1.2478270411804482e-9
1.2246666961716305e-9
1.2019788763628374e-9
1.17975303278135e-9
1.1579788727409547e-9
1.1366463530933497e-9
1.1157456736714345e-9
1.0952672709185625e-9
1.0752018116982011e-9
1.0555401872781753e-9
1.0362735074845966e-9
1.017393095020172e-9
9.988904799416194e-10
9.807573942919786e-10
9.629857668828534e-10
9.455677182216842e-10
9.284955555806669e-10
9.117617682020661e-10
8.95359022636486e-10
8.792801582099488e-10
8.635181826160148e-10
8.480662676290745e-10
8.329177449354223e-10
8.180661020784923e-10
8.035049785150945e-10
7.89228161779117e-10
7.752295837497279e-10
7.615033170209964e-10
7.480435713699563e-10
7.348446903202096e-10
7.219011477982786e-10
7.092075448802448e-10
6.967586066256025e-10
6.845491789963348e-10
6.725742258583395e-10
6.608288260630701e-10
6.493081706070391e-10
6.38007559866844e-10
6.269224009077365e-10
6.16048204863496e-10
6.053805843856931e-10
5.949152511601835e-10
5.846480134891876e-10
5.745747739368874e-10
5.646915270368375e-10
5.549943570594469e-10
5.454794358377676e-10
5.361430206501714e-10
5.269814521579456e-10
5.179911523966774e-10
5.091686228196934e-10
5.005104423920638e-10
4.920132657339866e-10
4.83673821311979e-10
4.754889096766313e-10
4.674554017456624e-10
4.595702371309777e-10
4.5183042250854726e-10
4.442330300298903e-10
4.367751957741331e-10
4.2945411823937445e-10
4.2226705687240815e-10
4.1521133063569754e-10
4.082843166106368e-10
4.0148344863604856e-10
3.948062159810269e-10
3.8825016205115094e-10
3.818128831272011e-10
3.75492027135486e-10
3.6928529244893084e-10
3.6319042671811994e-10
3.572052257314386e-10
3.5132753230364096e-10
3.4555523519194955e-10
3.3988626803906546e-10
3.343186083423157e-10
3.2885027644827423e-10
3.234793345721655e-10
3.182038858413666e-10
3.130220733624735e-10
3.079320793111686e-10
3.029321240444083e-10
2.980204652342978e-10
2.9319539702306327e-10