-8.650452293786236e-19
2.2003051644756445e-18
7.688054296222344e-19
0.000023780316865551737
-0.000536153052041924
0.0003814185019388157
-0.00013344475238627473
0.0001957973965482298
-0.0002878228350299779
-0.000046404029611262517
0.00033786352991226526
-5.384905733959302e-6
0.00009184292454026095
-0.00008876756714712844
0.0001811546510602767
-0.00009433596869421189
-0.00012162372946064842
0.00039353568392425326
-0.000414123352721917
-0.00012582429391808846
0.0003181198490295497
0.00020735977822895584
0.00008682865595333706
0.0006306447787973993
-0.00003675679119442315
-0.00010557271545886668
-0.00043926128367324915
0.000093064168655781
-0.0013596616048224051
-0.0001466979347899224
0.0011882093343043587
0.0010455483115139582
-0.001058474000726836
0.003983178540147672
0.001012814116203111
-0.0033485025225046205
-0.003923685372642672
0.0024957855072652887
-0.03343134922636865
-0.011229058796745323
0.03583611984515226
0.09264062327588653
0.16223808746242901
0.09818046997673323
0.015366708203515106
-0.02096412716114043
-0.015907645627112714
0.005261860642233003
-0.0059557598678519254
-0.0014360857110726276
0.00266267577379429
0.0027146521719862322
-0.0010355307691369468
0.0018611503045155799
0.00048538622360557647
-0.0009022604845045189
-0.0008885218622933832
0.0004431383183392959
-0.0007875194082832011
-0.00004700076345617385
0.0004488932620351478
0.00025726132721536006
-0.00040832994621408904
0.0003799128245631577
-0.00019175266242252181
-0.00017915391279749504
0.0001151104923085624
0.00033802154897256807
0.00023320489588438942
0.00037949113853175305
0.00007248225060499241
-0.0003853242211852283
-0.0004827097195670074
-0.0003599614084166859
-0.0006211504705811417
-0.00003814420232482068
0.0006479700387446173
0.0004945902363303466
0.0008094148190290017
0.0008678385434259983
-0.00011160016496954508
-0.0009858598802202998
-0.0007772400369889682
-0.0009888818144905345
-0.0012687821325304653
0.000055277327403180684
0.0012881119704369515
0.0008533433023344166
0.0016103880785759024
0.0017775097369878699
-0.0002470563851034896
-0.0018684157807446898
-0.0010438556167600454
-0.001951486074826158
-0.0020571742936535894
0.0004680278579964685
0.002492384682438619
0.0012838155754519396
0.0030698435142345404
0.0030797514420525317
-0.0007645855201936803
-0.0037501981195577263
-0.0019011537584388016
-0.005023797667098204
-0.004652617211186272
0.0007420998536930506
0.005284622082852335
0.002356489039961437
0.009111755652553925
0.007798663150894707
-0.002246584471258647
-0.007897429227768872
-0.002800994689117907
0.046322335848089806
0.08469072791309963
0.09798098473319546
0.0838468040091779
0.02641473441144621
0.018989589384502736
0.02355032281666779
-0.013210036596814587
-0.07970430087330148
-0.06055484849279885
-0.10716275421062586
-0.18434991127163508
0.20594698637019992
1.7636217397508647
5.750625576458287
3.2456245356552755
0.6544715785528435
-0.12646229129835782
-0.19393039451031632
-0.04237167510254051
-0.07689330229592344
-0.040405515568315106
0.01876082379937233
0.03716434820497161
0.013124303080721109
0.01902195196403898
0.013912072823774503
-0.00578528895486367
-0.014606859475240942
-0.005085096886797025
-0.011653612916527934
-0.005675450619659435
0.0041851182830604195
0.009040218716181688
0.0033293114974506577
0.008105925478008053
0.004534213662363653
-0.0031736247614242295
-0.006352073110870643
-0.0011608781077045147
-0.005768945861349457
-0.004418835069968366
0.0021462715133389603
0.005240279238340008
0.001476133224207903
0.0035638333747722893
0.004169165842643468
-0.0004044892467574329
-0.0045742753636614205
-0.002512915968209344
-0.004146148918520414
-0.004555459559334776
0.000592738075423866
0.004632918420905846
0.003680571695369112
0.002716856076805196
0.005429543811484265
0.0001297555575167912
-0.00484206674415195
-0.005455684483945863
-0.0032270836972077962
-0.006706607203046097
-0.0014554374869524286
0.005948219343735808
0.006579112473177368
0.004356544128027288
0.008818959502982499
0.0023773620146885143
-0.007585786098318593
-0.009267392774751379
-0.004910692677361088
-0.013168324844692759
-0.00394168701289054
0.010427272858695553
0.012273629181090304
0.008515741660322618
0.020681804693862823
0.005826485211246054
-0.012514780929489855
-0.017153621371514997
-0.009257097970035516
-0.04313693460725116
-0.05848657786419159
-0.0581481376267746
-0.037265945472255015
0.006967179894240199
0.0431396756421448
0.0252701167344082
-0.09203077866235
-0.11284201650182647
-0.03132461576127791
-0.12400540343137986
-0.05722428341793976
0.1594170028531433
0.4547648351630979
0.10888057125185535
0.5824955040824917
0.5135492652013115
-2.9628564553334455
-5.893405598803986
-24.92939717040156
-11.068106967415787
-1.8730139193052988
1.3415170083207093
0.7914306284944925
0.15345769547896668
0.3320451561629786
0.05434741154657825
-0.15154690884375227
-0.1642374300532681
-0.03152895875345237
-0.09591703217523392
-0.03517428932443718
0.053017062653806575
0.05709735168612245
0.012227719283482982
0.04335717423868084
0.01094975721190229
-0.028625814904814657
-0.03617640944848099
-0.009410310567876784
-0.024979942722051715
-0.005435473237969687
0.016966941593588324
0.017023596018369266
0.004676872987785031
0.015090227987392686
0.0032761865259643254
-0.011552376524110005
-0.011698342422306924
-0.006548127796327557
-0.010104760654811376
-0.000812902255495309
0.008434549631993625
0.005492020077066564
0.004088677329943858
0.0058624311907783935
0.00010711842219193918
-0.005405163140019496
-0.00549051379787202
-0.00313690021867718
-0.0044416801427699356
-0.0006207055797920646
0.004102277577720065
0.0021382808824910527
0.00336430398087247
0.0021270652144642003
-0.0007613341571854974
-0.0026408722001885873
0.00005921274696620157
-0.0032039151207759625
-0.0009982743621831489
0.0017719462497089234
0.0014561295055465493
-0.0010012070812305195
0.001988041830653727
-0.00045879981770031726
-0.001904018198856653
-0.0007092942204477728
0.001711742182524962
-0.0017482155234344978
0.001351498496855037
0.002319740395259221
-0.0001431678799269059
-0.0029015498070017144
0.00214769658130467
-0.0031156971423160155
-0.0021328994949771727
0.0007712790251361917
0.0032631186957063525
-0.000539519382033074
0.0032172532143305626
0.005193429099499676
0.005545874012885023
0.0042109684400635184
-0.00031100006793026447
-0.003122261064870388
-0.004523935560458582
0.008238532008331356
0.011684943340381684
0.0014648896172777413
0.008520649751094539
0.0030981504699676876
-0.004976320944073478
-0.017527770493026285
-0.003421196407488168
-0.012801983121244396
-0.005279660971502838
0.014652055647038668
0.022849561076125444
0.006873004606221459
0.018519356749885096
0.0030172401148168275
-0.023197600382940355
-0.02918980439713558
-0.007613539566892484
-0.02397581067699626
-0.004784469169949706
0.05133990249749116
0.05283382471982623
0.04118781486350288
0.07896857972641273
-0.0396059295835873
-0.14724660848717475
-0.20533166238658238
-0.2268702885197559
-0.28251549140214144
0.06548069704142707
2.443143346991867
4.905930243617844
14.053448261984709
4.504375356133198
-0.7168395930243036
-0.6221184568033894
-0.17485334443491252
-0.12206285380012868
-0.07220317478498024
0.04556389896476129
0.09872357503213673
0.025375650744562137
0.05788037161626265
0.03942971461167375
-0.006397162218897007
-0.023418910816719644
0.003904405855631802
-0.034068755874429604
-0.0027259525896325145
0.01326639234281071
0.018270637980724546
0.0031882666685603316
0.017895792173270957
0.007925633483796827
-0.003083230805537884
-0.006561943347349305
-0.0003230848079562835
-0.011936677101090514
-0.0062036984781251225
0.003932308146482574
0.007526275694198777
0.0001944976401558641
0.008217792963492704
0.0022895669645712005
-0.0035811863388238298
-0.00664446835483435
-0.0008206413539390007
-0.0032220099445667903
0.0006052556035513587
0.0018000126257636318
0.00351112327863328
0.000490150207655294
0.004070685766987079
0.0007881450681836845
-0.0024611230825452267
-0.002088503191192499
0.0019789989337165863
-0.0034302026296522676
-0.0013450470572682711
0.0019531957604127913
0.0019245649782740895
0.000499120529305428
0.002915831804919067
-0.0000273689067533571
-0.00044389399423413876
-0.00006277358190189503
0.0010930434512833142
-0.0007907334747685189
0.000507108530336139
0.0011827715901277314
0.0007504649259145646
-0.0002669496429554576
0.0016640186524369304
-0.0002566576696375047
-0.0003186969565606536
-0.00006483409683256041
0.00005611528545983202
0.000198670009827273
0.00009187097535705119
-0.000025091762832167433
-0.00006952030004076125
0.0001236881868483583
-0.0002925530063295088
-0.000106577163488617
0.00033720768500445763
-0.00008675930917152561
-0.0019176772849275455
0.0003890003274605781
-0.0010497177483425148
-0.0019136531407504683
-0.0010863919796135892
0.0012520870411415613
-0.0023999439203193497
0.00012391993502411524
0.0012279888800800283
-0.0008437077220172802
-0.005434509562298504
0.0032322590258621925
-0.003843130260761246
-0.006089244347493725
-0.0034179568819751095
0.002010966846854412
-0.0032457130361256137
0.0002802162172506101
0.0023297485734178262
0.0014914648696128725
-0.0023807477228988475
0.008790531412913635
-0.012519308058312972
-0.004333740776875845
-0.009943651846543677
0.007519018101030731
-0.012173171863269695
0.004571308117819997
0.020431616108761267
0.020629974657675753
-0.009686992467965741
0.03969196384990377
0.016525063024288484
-0.026130886101306924
-0.017609553068456532
0.08903996902150214
-0.09955220894566005
-0.03394754191216024
0.07885493384938463
-0.4342761196097101
-10.424273513014242
3.868463714720329
-1.7485663541555265
-1.641638676104477
-0.43194281838243426
0.13780928164329265
-0.3433348087273034
0.023720886739566852
0.014376168507824612
0.036964996138095584
-0.06698929469157257
0.007842800133367857
-0.037342621541124346
-0.04636857532874186
-0.022860020121820247
0.008467183570965918
-0.02650870788335493
0.000696703220868485
0.004037901275205485
0.002690039120646358
-0.017562274311587914
0.0030181879019019952
-0.008147035051496549
-0.010920417346252922
-0.00487701468205319
0.0026462138922712305
-0.007369670091227758
-0.0007147242694302946
0.001297783309041375
-0.001432295310925212
-0.004961162303384497
0.0012637524068781767
-0.002201775139960567
-0.0036747713152582946
-0.0019717149566970205
0.0006321619182336585
-0.002776677108775479
-0.000545817539711769
0.0005410035371330597
0.0000799418601079298
-0.000531096160517152
-0.0013447902992386402
-0.0020351732031514513
-0.002065426604033436
-0.001568190412405977
-0.00045275396539558543
-0.00027238682691778046
-0.0004877993517888243
-0.00033406854752170693
0.00005075842139272459
0.00019452981900986113
-0.000382287393597669
0.00022298470099364114
0.0003132045424392938
-0.00018166451500942364
-0.000792776841842439
0.0006268019969599817
-0.00031909227064561084
-0.0006377223605561716
0.00016711403329251122
0.0019262323660829354
-0.0004398696932400322
0.001050008583635731
0.0019113012385285606
0.0010247916504132252
-0.001182608086625337
0.0024004024515581635
0.00042110173625572897
-0.000546798888058967
0.0015113606907508831
0.0049986575973667196
0.00016813303907069614
0.0039545419483887545
0.005993185374738526
0.0029947484548840993
-0.00045931002021125416
0.007729589200965195
0.0026342047635524992
0.0006790830214634283
0.007797944825861245
0.017155159391706285
0.000024387708599830256
0.017716888746606
0.02336332770500683
0.02032753642504865
0.004825905211572095
0.04505829848123989
0.024745976165678307
0.021457313071033327
0.08856222662919691
0.3420650367843185
0.12052714337017921
3.601555104527937
3.4247155089664436
1.1158234352233725
0.093364345754152
0.2033231535971404
0.05448779914634215
0.009983131789252786
0.012281941895569953
0.02684449503573764
-0.005141250669067419
0.008836621774167918
0.014637217245315809
0.011514962950276318
0.0015659352351308745
0.015312548201184056
0.0043442453885304
-0.0025236586425116977
-0.0012041053992759997
0.0013294678902745194
0.004609167197816692
0.005427797220990314
0.004814235040056776
0.0028463378940599034
-0.0008548959968443394
0.002379181339307652
0.0006141472822876701
-0.0010269331836294806
-0.00044061328039362755
0.0036569506404662234
-0.0005780428639731927
0.0011936101473696999
0.001981243232195363
0.0008733107092240439
-0.001125435200511473
0.001319737917268133
-0.0003438858143069048
-0.0009502016728654205
0.00017907990267903735
0.0018881687399411706
-0.0009584904263325037
0.0009614836438287844
0.0010207922998900362
-0.0009791681195420799
-0.003240021247793796
0.00012522580996364706
-0.0035015342661791835
-0.0035195357465471764
-0.0004061077321502384
0.0027495019245928056
-0.003183822957502801
0.0029798619477373854
-0.00009437520972140244
-0.012975012075986923
-0.02413430019075492
-0.018041401728793358
-0.061981220988402065
-0.04670417840127785
0.025432989733907837
0.9948113277426271
0.06146724395019588
0.1824827130201837
0.0037868139976225184
-0.022151073197223918
-0.024035281319419847
-0.018512241254882895
-0.013361421720226876
-0.005478998430714684
0.007316458198683154
0.027070863177403072
-0.0007881839992688522
0.0040368736714651065
0.0015017578059685736
-0.0059368461127709046
-0.007917560045068
-0.0013136833951569768
-0.004129360217320689
-0.002827089705032546
0.00033441928227608567
0.0025015537645292807
-0.001071986808738256
0.0007468494205005572
0.00045807324879899907
-0.0015428414149300722
-0.003058497473169198
-0.0003579582448725281
-0.0017927673683828754
-0.0015576548876437954
-0.0001609150058455789
0.001004830109502813
-0.00103072432307721
0.0003264134833095876
0.00033080135931100996
-0.0008988174608472674
-0.0016994266487769774
0.00008122773384153506
-0.0012694587444052447
-0.0009577321740069929
-0.000248845674961881
0.0007989418589955278
-0.0007502858189904079
0.0005525792230959416
0.00044708509236020835
-0.00037000994785444725
-0.0012580009289692427
0.0002182030286063715
-0.0007202240638507362
-0.0009280203388523017
-0.0001734302533043726
0.0007990686092515841
-0.0005996337101468643
0.0003606532924128368
0.0006968214042626296
-0.0002530468066717593
-0.0010447919831976823
0.00027110387367636863
-0.0004623805467392901
-0.0007402974784238943
-0.000019965756439414134
0.0006409495552742347
-0.0005180979817258156
0.0002543548649921069
0.0005041386658467499
-0.000046638841188296275
-0.0008765357325903391
0.0003375504067809873
-0.0006181169296868335
-0.0007046309748124531
-0.00003451111021087771
0.0006868565788798787
-0.00045443573177695034
0.0002522542594287994
0.0003850442832397577
-0.000040425393583110114
-0.0007629930318010145
0.00022829006376883252
-0.0004114039564050125
-0.0005182558339297388
0.00007562879674607622
0.0006736164033699039
-0.0002847138866307396
0.00034684726721456916
0.0005224417831196406
-0.0001496065141861978
-0.0007825585689859034
0.00024308758665487432
-0.0002884304878966743
-0.0005229048689172926
-0.00013253216748981652
0.0006951267206784145
-0.0003605455564473263
0.0003135632225588224
0.00048160879382745544
3.2459028323306578e-6
-0.0007371352222770059
0.0003754263490873456
-0.00038797762985488555
-0.0005108538218296508
-0.00004142102631345191
0.0006321662360807284
-0.0003455612213911714
0.00020319320532575312
0.0004241052502046044
0.00017378270204964933
-0.0006080699388935436
0.00033816632585924387
-0.0002477869485276354
-0.000523753501342291
-0.00009742782667427183
0.0005673665218181757
-0.00033360565534188785
0.00024199296757612798
0.00043914807551215116
0.00015154541485018684
-0.00040356201660107424
0.0003704183592837622
-0.0003561751510601195
-0.0004576931642923104
-0.000024392558459376883
0.0006023144869384206
-0.0003805728563908006
0.00020607714231539703
0.00041175528944743946
0.00016546199388588437
-0.0005929479056705365
0.0003045915241283248
-0.000139990456903771
-0.0004139240321742984
-0.00002354755645117386
0.0005862186855908987
-0.00036276031768033115
0.00024109722710926527
0.00036488701979898465
0.00015139883136880498
-0.0005272098743172698
0.0003058066727630953
-0.0002694563295786663
-0.0004431795989558435
-0.000034248356740839216
0.0004507544482262649
-0.0003813059355965135
0.00013955977301039293
0.0003281757425146804
0.00006798244607815534
-0.00048436280423754777
0.0003240819379607162
-0.0001811152851351563
-0.0003425139204028053
-0.00012909042582538854
0.0005246471827426787
-0.0003476761047009625
0.0002317269291372332
0.00039141302303826424
0.000056660308307754106
-0.0004994455987035017
0.0003527985734384569
-0.00023465235541569792
-0.0004210154448327591
-0.00012815435240183992
0.000400327453508883
-0.00032786048657992324
0.00019622628930485083
0.0003778830976995627
0.00007758902906544157
-0.00047893235042737776
0.0003216027933180413
-0.00013942949132493093
-0.00039284119471595305
-0.00013368339982220917
0.0005135368892991699
-0.0003781230380420133
0.00014704305193457103
0.0003433226343196741
0.00018063559121416205
-0.0004657039847771702
0.00032141144341484755
-0.00019175589585167176
-0.00043823165053423247
-0.0001664683205587437
0.0005216074264984232
-0.0003823443412703276
0.0001916307445473515
0.000383615303938255
0.000050056435923356294
-0.00040093534996849136
0.0003545376822315213
-0.00016849277714147784
-0.0003262313028608511
-0.00018167707255386145
0.0004647795232371639
-0.00034743979975734483
0.000031423279788542236
0.00032688043381269176
0.00006330276847258736
-0.0004322231595064974
0.0003388490714506077
-0.0002609343275725896
-0.0003728672987757165
-0.0001181223538837546
0.0004376776826844087
-0.0003759277809744425
0.00017677509522983191
0.00030197484775369547
0.00014842796931381578
-0.0005393808580692014
0.00035476023002866785
-0.00015057325174942383
-0.00041388783198097727
-0.00014816976593630757
0.000463194909940814
-0.0003767569821693411
0.00023840033900794286
0.0003240892681827752
0.00015826444818339396
-0.00035911424259474936
0.00041585528791687407
-0.00024325381849734807
-0.0003406024589539658
-0.0000584190703413779
0.00030071482406775907
-0.000324101153605435
0.00014733243635798403
0.0003217991646962064
-0.000049559919909995046
-0.000539309669026271
0.0003979366897772201
-0.00019873739833105428
-0.00036606690312580945
-0.0001609199530811868
0.0004699280702454011
-0.00043188590367520397
0.00003470062555268767
0.00029704460957843905
0.00013907819914403603
-0.0004910958586818882
0.00035372571329050304
-0.0001004312595437508
-0.0003468905075403761
-0.00009347766379683266
0.00029670491401866334
-0.00029595537081674025
0.00012573105365349277
0.00034615276666482073
0.00009905739876737585
-0.000453132053755329
0.0004623497993021236
-0.00014465148876756302
-0.00036082017593640523
-0.00023796730532753702
0.00036958408060903714
-0.00039715766147190983
-0.00011822617853000899
0.00036195192654613805
0.00021237924117041074
-0.0006044474167475215
0.00038140409179066693
-0.00006390597923241277
-0.00032204003971655974
-0.000059801783188604504
0.00041745024576511446
-0.0003961267486609847
0.00017519976436604744
0.0002836889652416366
0.00021093779917164386
-0.0004323158250857848
0.00022765809768381215
-0.00009142381629379129
-0.0002990379752283314
-0.00008047656301718452
0.0003898890909679478
-0.00028637120539744927
0.00013006952511578288
0.0003391688741611451
0.00021728717085462866
-0.0003331003756575392
0.00032141536843020347
-0.0000646209292520986
-0.0002977718020433624
-0.0002491133156884442
0.00035100364243914367
-0.0002628850343029484
0.0001637704950064976
0.00034522281397647326
0.000029906567031116645
-0.000363739159189057
0.00025821670699674497
-0.000037358433840635567
-0.0002951845499291748
-0.00020116502972599584
0.0004006491155631224
-0.00042269334062908454
5.923597948711668e-6
0.00034144360244301196
0.00016470766563517347
-0.00043999817400226077
0.0004309551998374796
0.00009000547947137869
-0.0002392549636155512
-0.00002455532003882419
0.00048286057867899247
-0.00025923418927765925
0.000262526203101027
0.00034332102803242686
0.0001331437115571878
-0.0002601270172697368
0.000417906176038859
-0.00009779131543698968
-0.0003099746142767746
-0.00013985545948747737
0.00045471117164072085
-0.00031234913901468584
0.00011400404891370359
0.00023867466893399964
0.0001343474711694478
-0.0003168771238090816
0.0002749245716640749
-0.00014479655872584707
-0.00035353661665631065
-0.00003448586641865524
0.0004560130445054743
-0.0003242352734345894
0.00017909733827108852
0.00029620255278830934
0.00016641679683408522
-0.00017785325634473868
0.00030366861886458127
-2.641176825784168e-6
-0.00032281535508522913
-0.00012309144482219625
0.00040199333169430067
-0.0002740237113802437
0.00025501134330916633
0.00035838612626375594
-0.000050184138624114784
-0.0003264487977650339
0.0002496936916055257
0.000248790326072035
-0.0003067054795225367
-0.00012890482280545905
0.0003385070877187603
-0.00042135309156072007
-0.000011520405498134207
0.00029348821047225796
0.0000497462521813346
-0.0003384152364010116
0.0003045598021248884
-0.00012432530264752905
-0.00029239778573578255
-0.0001739768199632077
0.00023296211746469053
-0.0003985946077593215
-0.00004394924112557486
0.000331917325236739
0.00013671164137404282
-0.00046918987761958026
0.00022540196854779716
-0.00012952231447536597
-0.0003306491758195888
-0.000212853435952963
0.0002457881634597868
-0.00046328461674858087
-0.00004228835118778189
0.000394516322464435
0.00009446883759316422
-0.0003478055923952161
0.0002920473897792992
-0.00018136079352975524
-0.0002525622239004693
0.000052619207018930073
0.00015057100677144097
-0.0004067888860570603
0.00001555708652293761
0.0003158899740816666
0.00007512355242163181
-0.0003508297627529004
0.00027304571932893585
-0.00008302603390886966
-0.00025893534786754126
-0.0002959352289939186
0.00020168809532915058
-0.00023994975698323832
-5.8291403124054115e-6
0.0002706035631878964
-0.00008414768434803205
-0.00033239533170935316
0.00036334903659413116
0.00017646233577444696
-0.0002649217895938226
-0.0003154424135748873
0.00036613795838810726
-0.00035043329508463824
0.00013424983024963195
0.0002742814754758807
0.00021252593387403014
-0.00019971610363703977
0.00030071605609736474
0.000014529534643845212
-0.000258918502833494
-0.00011649414227410775
0.00017390914252576745
-0.00035991673530092735
0.00019604538679680094
0.0002983758333484383
0.00010949074359880477
-0.00016845444069573155
0.0002642516289710486
-0.0000294350136045403
-0.00026861184743727376
-0.00016322997518896496
0.0001427585183638836
-0.0003155459865723481
-0.000016719093146219735