0.14285732350736252
0.14287900612709203
0.14293687106093914
0.1430310405170913
0.1431617147627378
0.14332917457696048
0.14353378475473355
0.14377599877305647
0.14405636477113185
0.1443755330458291
0.14473426532461225
0.14513344615482968
0.1455740968463724
0.14605739253189776
0.146584683075692
0.14715751878373343
0.14777768216477916
0.14844722739580196
0.14916852969923397
0.14994434760982928
0.1507779021939207
0.15167297883330091
0.1526340594322421
0.15366649621598397
0.15477674325344895
0.15597266942879243
0.15726398844809034
0.1586628604440362
0.16018475091413698
0.16184968547255624
0.16368413117457026
0.1657239029034048
0.16801881182670883
0.1706404095677514
0.17369553315212988
0.1773514398722384
0.18188601241973343
0.18779794527715252
0.1960806969076975
0.20902915512182257
0.23304490350489046
0.2489969731184236
4403.231048171034
9828.090646182169
0.04009743781255068
0.1255736752652158
0.13930310946179775
0.14802378561553142
0.15453321677750084
0.15981420957220552
0.16435527566834054
0.16843003220475836
0.17220446503291267
0.1757857395928113
0.17924669787410225
0.18263909787097427
0.18600120670824305
0.1893623730738456
0.19274589699225977
0.1961708967814294
0.19965356297887504
0.20320802523653525
0.2068469682756991
0.2105820812464464
0.21442439436798943
0.21838453815181416
0.2224729488781922
0.22670003657477625
0.23107632693409105
0.2356125853752246
0.2403199293307967
0.24520993337793248
0.25029473085415316
0.25558711494114567
0.26110064177412373
0.2668497378780239
0.2728498141035847
0.2791173882154537
0.2856702183505411
0.2925274497162454
0.2997097771279235
0.30723962630233326
0.3151413572330622
0.32344149349066703
0.33216898193348626
0.3413554881087635
0.3510357336034387
0.36124788281038683
0.3720339880672818
0.3834405039728371
0.39551888398413765
0.40832627527195825
0.4219263314207793
0.4363901671211428
0.45179748479866116
0.46823791053973945
0.4858125862262768
0.504636077185104
0.5248386708646549
0.5465691634186497
0.5699982594986336
0.5953227487178039
0.6227706740042757
0.6526077780129785
0.6851456121639339
0.7207518310464007
0.7598633915770837
0.8030036602800166
0.8508048486953554
0.9040378188509093
0.9636522468387902
1.0308316021318418
1.1070697362517659
1.1942796840685945
1.2949516752241912
1.4123884389708734
1.551065827355934
1.717204205225726
1.9197098267620143
2.1717995068552542
2.4939668303296068
2.919788459277501
3.508345349843015
4.37411096212316
5.771730316558216
8.405137800690225
15.199045167306942
72.01130144628912
-26.719582342513668
-11.4651297902173
-7.35808679436562
-5.451558566540139
-4.351804348413771
-3.636910886894994
-3.1355076394391017
-2.7648383712884996
-2.480042768678741
-2.2546941763777455
-2.072214365598863
-1.921677621249569
-1.7955916293717429
-1.6886477406134426
-1.5969801153952727
-1.5177073725465966
-1.448638577860874
-1.3880787096713953
-1.3346964351010318
-1.2874320966743644
-1.245432335757561
-1.2080027753803737
-1.1745732033488852
-1.1446715704214399
-1.1179043103960447
-1.0939412641691382
-1.0725040041024987
-1.053356702461384
-1.0362989263339788
-1.0211599078982971
-1.0077939566627392
-0.9960767647251229
-0.9859024173649305
-0.9771809662808517
-0.9698364562060544
-0.9638053207357218
-0.9590350822669461
-0.9554833056033332
-0.9531167661836384
-0.9519108029043021
-0.9518488327500788
-0.9529220103965536
-0.9551290209689031
-0.9584759985173271
-0.9629765667410268
-0.9686520022616338
-0.9755315245024496
-0.983652720158389
-0.9930621145395081
-1.0038159069609092
-1.0159808931017171
-1.0296356041931185
-1.0448717014466367
-1.061795674851921
-1.0805309090992834
-1.1012201969195858
-1.124028802953871
-1.1491482112769789
-1.1768007295758274
-1.2072451765218868
-1.240783951541448
-1.2777718859230527
-1.3186274127436466
-1.3638467880175793
-1.4140223735067328
-1.4698663941455317
-1.532242175223023
-1.6022057511521213
-1.6810620911113585
-1.7704422970734395
-1.8724114980592261
-1.9896226834277222
-2.1255410298984287
-2.2847795175877046
-2.4736160441400172
-2.7008178814752077
-2.9790100053988002
-3.327057563740432
-3.774462947279149
-4.370090931238869
-5.201167331308505
-6.440109262598205
-8.482115806462849
-12.476624912138936
-23.76740402429826
-261.1467776339769
28.571601988301
13.53320023019593
8.849412099545814
6.566313267976993
5.21561832417494
4.323613760418533
3.6910027394663554
3.219335881972768
2.8543873159603366
2.563830747299591
2.3271983042433844
2.130900046500977
1.9655591015657765
1.82449669961566
1.7028270642667984
1.5968937517254194
1.5039060507621034
1.421697228656037
1.348559506555384
1.2831287805872578
1.224302431349088
1.1711796479577348
1.1230173859819415
1.0791973812819786
1.039201112342589
1.0025905633371377
0.968993278797116
0.9380906334229716
0.9096085385172312
0.8833100147994988
0.8589892089892174
0.836466537524746
0.815584717782709
0.7962055037243868
0.7782069848692101
0.761481338957431
0.7459329524484027
0.7314768411461777
0.7180373171909185
0.7055468594602122
0.6939451528569224
0.6831782685836402
0.6731979627432949
0.6639610747770113
0.655429010588096
0.6475672978946639
0.6403452035344884
0.6337354042257592
0.627713703750775
0.6222587907374665
0.617352032220921
0.6129772990157508
0.6091208196468878
0.6057710602049876
0.6029186280323086
0.6005561976191486
0.5986784575253208
0.5972820775373977
0.5963656956538267
0.595929924859495
0.595977380024025
0.5965127256471052
0.5975427455852232
0.5990764363494429
0.6011251260705618
0.603702621809908
0.6068253885716025
0.6105127641685169
0.6147872150526769
0.6196746393691017
0.6252047248997061
0.6314113712868032
0.6383331880619814
0.6460140826672413
0.6545039559972968
0.6638595272152772
0.6741453149729328
0.6854348090627569
0.6978118754373538
0.7113724491351836
0.7262265848796391
0.7425009552899416
0.7603419135964822
0.7799192741380275
0.8014310135377103
0.8251091638936076
0.8512272648598087
0.8801098766025908
0.9121448493865923
0.9477993277270105
0.9876408848127949
1.0323658127948554
1.0828375633048546
1.140139855732571
1.205651424759028
1.281153441487694
1.3689875783127343
1.4722949461947552
1.5953886759256102
1.7443563146224528
1.9280763620880008
2.160024091321429
2.4616878804714553
2.8695642675483284
3.4510302060144746
4.345760329276115
5.898226144523435
9.2500351190566
21.79949354940192
-56.942713413125865
-12.311633410138294
-6.859430152350364
-4.73829243525629
-3.6106488629514435
-2.911405962277945
-2.435713379466863
-2.0913652164181555
-1.8307319399718813
-1.6267278747762621
-1.4628132497630193
-1.3283170736361194
-1.2160463652235909
-1.1209760458585363
-1.0394895348639166
-0.9689176623412408
-0.9072475817589885
-0.8529327920001296
-0.8047655375928299
-0.761788932079745
-0.7232350891252026
-0.6884807036511824
-0.6570145989448327
-0.6284136407530031
-0.6023246055206658
-0.5784503536810373
-0.5565391610367202
-0.5363763977107633
-0.5177779734775053
-0.5005851271249122
-0.48466024910863803
-0.4698835062500026
-0.4561500945596354
-0.44336798808585476
-0.43145608252610007
-0.42034265531268855
-0.40996408115314087
-0.40026375511034706
-0.39119118532823133
-0.3827012252334047
-0.37475342104722387
-0.3673114551296203
-0.3603426693774903
-0.3538176558209636
-0.3477099038988386
-0.3419954957645691
-0.3366528424805513
-0.33166245518487064
-0.32700674630805215
-0.32266985673806
-0.31863750550218434
-0.31489685909330195
-0.31143641803389277
-0.30824591865995693
-0.3053162484369727
-0.30263937340147895
-0.3002082765620033
-0.2980169063032612
-0.29606013402256787
-0.2943337203918895
-0.29283428978906795
-0.29155931258330214
-0.2905070950897969
-0.28967677714195206
-0.2890683373580697
-0.28868260631411957
-0.28852128797777016
-0.28858698991366194
-0.28888326294074695
-0.2894146511190844
-0.29018675316603737
-0.29120629666589154
-0.2924812267432938
-0.29402081124433926
-0.2958357649127137
-0.29793839559128577
-0.30034277614195926
-0.30306494659751076
-0.3061231520712187
-0.3095381232231002
-0.31333340767547413
-0.3175357627921028
-0.3221756228146374
-0.32728765665671666
-0.3329114369374007
-0.33909224641882557
-0.3458820553450398
-0.353340712911282
-0.3615374091085074
-0.37055248078747466
-0.38047965982197635
-0.3914288944566577
-0.40352992136163546
-0.41693683170996304
-0.43183396914023864
-0.4484436354722608
-0.4670362848289134
-0.48794419643524
-0.5115800939187688
-0.5384629322144099
-0.5692542911779486
-0.6048108396449741
-0.6462618058068258
-0.6951265582996534
-0.7534988137641911
-0.824346108262782
-0.9120184710306416
-1.0231592615188478
-1.1684453994935688
-1.3661956892342093
-1.6506964192810525
-2.094442584807462
-2.8819006497113517
-4.661478862818263
-12.459195758117879
17.60643509601838
5.140159723215053
2.992139344500226
2.1032586984910986
1.6177347972953489
1.3120282669948853
1.1020176254040173
0.9489721712026774
0.8325764127111092
0.74114833870272
0.667493846995104
0.606940567403132
0.5563220754360231
0.5134165038914749
0.4766188614609191
0.4447409158493158
0.41688423524711854
0.3923569780108017
0.37061779861337585
0.3512370920096632
0.3338696306589313
0.3182348698630385
0.3041025264738352
0.2912818543747265
0.27961355681280714
0.26896360932932767
0.2592184870322018
0.2502814377044564
0.24206954320130405
0.23451138166023827
0.22754515237371
0.22111716038296056
0.21518058327717726
0.2096944612649218
0.2046228653142704
0.199934208397487
0.19560067259060626
0.1915977306473558
0.1879037451558881
0.18449963187370655
0.18136857653598085
0.17849579657652664
0.17586834087948497
0.17347492204604073
0.1713057767441697
0.1693525506191343
0.1676082049801405
0.16606694311661488
0.16472415464457946
0.16357637677110687
0.16262127181895403
0.16185762078156102
0.1612853331139543
0.16090547341499947
0.16072030614507862
0.16073336008060657
0.16094951485047937
0.16137511267364432
0.1620180993650274
0.1628881998582059
0.16399713498559687
0.16535888817809194
0.16699003322687686
0.16891013751535688
0.1711422594504948
0.17371356461305698
0.1766560929950157
0.18000772043011162
0.18381337222393537
0.18812656790036272
0.19301140573363626
0.19854513872397006
0.20482155672879399
0.2119554836232082
0.22008884163838624
0.22939895763342186
0.24011014004176487
0.2525101327409863
0.2669740218446945
0.28399985353465584
0.3042632486915414
0.32870398570428866
0.35866873944810784
0.39615761467858607
0.4442746655268508
0.5081107987591468
0.5966353545044466
0.7272568555505868
0.9387974671588025
1.3390222986296973
2.3796164247833533
11.492861461513247
-3.876141017282539
-1.6463615630505877
-1.0373106343226215
-0.7534331560192556
-0.589413511153172
-0.48272417752774405
-0.40788583166717507
-0.3525690901641161
-0.3100810289555182
-0.27647490248672185
-0.24927293013355245
-0.2268412473602344
-0.208058990786841
-0.19213178293902858
-0.17848109070154372
-0.16667573723464463
-0.15638795199878344
-0.14736428282347608
-0.13940582249864003
-0.1323544496301632
-0.1260830560945952
-0.12048847949279073
-0.11548630998432635
-0.111007021050743
-0.10699305211268274
-0.10339658709004267
-0.10017785021970327
-0.09730379282948454
-0.09474708100348361
-0.09248531968366795
-0.09050046730390439
-0.08877840893368337
-0.08730866676201926
-0.08608423579416519
-0.08510154082340875
-0.08436051896700215
-0.08386484125117438
-0.08362229805411926
-0.08364538827500219
-0.0839521732931517
-0.08456748792639443
-0.0855246479315778
-0.0868678677261576
-0.0886557215324101
-0.09096617968062946
-0.09390409248774044
-0.09761260017630399
-0.10229107057400699
-0.10822434900571637
-0.11583258735414569
-0.12576075166879766
-0.13905026908359033
-0.15749658088163207
-0.18447917398798808
-0.22719802965190664
-0.30418984049313635
-0.48208421913376026
-1.3171510472942403
1.4807034138913584
0.45203758126851695
0.2583849846841688
0.17691691329563253
0.13220733659892486
0.10405634166185267
0.08476770218838703
0.07077124397048418
0.06018486939362477
0.051922491069341214
0.04531356961201261
0.03992181612967903
0.03545118652757613
0.03169377662190075
0.028499336368010508
0.02575661537475643
0.023381508551267416
0.021309275757854566
0.01948929066378812
0.01788140903887995
0.016453402414057725
0.015179109584968403
0.014037082213764922
0.013009577081393883
0.012081795767477995
0.011241303713270001
0.010477581196833782
0.00978167258034235
0.009145909646459383
0.008563691408761105
0.008029307408289724
0.007537794811892133
0.007084822015415362
0.0066665932000924575
0.006279769579805499
0.005921404039048784
0.005588886585922162
0.005279898594944285
0.004992374236097693
0.004724467811884653
0.004474525977215136
0.0042410640149794995
0.004022745496233408
0.003818364777623747
0.003626831887363706
0.0034471594301643616
0.0032784512053096126
0.0031198922837392187
0.002970740332051294
0.0028303180057567085
0.0026980062623578878
0.0025732384681431894
0.0024554951918878223
0.0023442995946977886
0.0022392133386282967
0.0021398329479160303
0.002045786566092514
0.0019567310601816277
0.0018723494299036714
0.0017923484855075617
0.0017164567626915728
0.0016444226472156662
0.0015760126853369204
0.0015110100592382657
0.0014492132092240053
0.0013904345867049284
0.0013344995239374146
0.0012812452081620762
0.0012305197492452208
0.0011821813311975872
0.0011360974390491705
0.0010921441535243638
0.001050205506808068
0.0010101728934323896
0.0009719445309655097
0.0009354249657551344
0.0009005246194847079
0.0008671593727447882
0.0008352501822160785
0.0008047227284091072
0.000775507091215286
0.0007475374507982089
0.0007207518115986755
0.0006950917474452857
0.0006705021659556552
0.0006469310905877819
0.0006243294588559593
0.0006026509353649356
0.0005818517384402574
0.0005618904792454829
0.0005427280123769355
0.0005243272970175763
0.0005066532678135817
0.000489672714709942
0.0004733541710492399
0.0004576678092963774
0.00044258534380787914
0.00042807994011267536
0.00041412613021655993
0.0004006997334826562
0.0003877777826776264
0.00037533845480622937
0.00036336100638796154
0.00035182571285686544
0.00034071381179124233
0.0003300074497028094
0.0003196896321363988
0.000309744176850169
0.000300155669864277
0.00029090942418193426
0.0002819914410017533
0.00027338837325377235
0.0002650874913040014
0.00025707665068387794
0.00024934426171149067
0.0002418792608810778
0.0002346710839062233
0.0002277096403104933
0.00022098528946657418
0.00021448881799218975
0.00020821141841730398
0.0002021446690432063
0.00019628051491946152
0.00019061124986978777
0.00018512949950265454
0.00017982820514671172
0.00017470060865514426
0.0001697402380268047
0.0001649408937954575
0.0001602966361415659
0.0001558017726841476
0.0001514508469128864
0.0001472386272232997
0.00014316009652012954
0.00013921044235634252
0.00013538504757716922
0.0001316794814405687
0.00012808949118723996
0.00012461099403501472
0.000121240069573984
0.00011797295254018115
0.0001148060259469783
0.00011173581455460775
0.00010875897865944652
0.00010587230818571969
0.00010307271706338502
0.00010035723787686495
0.00009772301677024784
0.00009516730859534876
0.00009268747228988707
0.00009028096647370624
0.00008794534525171989
0.00008567825421284696
0.00008347742661486205
0.00008134067974563184
0.00007926591145174705
0.0000772510968260577
0.00007529428504610585
0.00007339359635587762
0.00007154721918371633
0.00006975340738963484
0.00006801047763563183
0.0000663168068729596
0.00006467082994061575
0.00006307103726965109
0.00006151597268815052
0.00006000423132204331
0.000058534457587135276
0.00005710534326800357
0.00005571562567962698
0.00005436408590783586
0.00005304954712485769
0.00005177087297645531
0.0000505269660372955
0.00004931676633139412
0.000048139249914614774
0.00004699342751637186
0.000045878343237817275
0.00004479307330393933
0.00004373672486711701
0.00004270843485980766
0.000041707368894150645
0.00004073272020638318
0.000039783708644071614
0.00003885957969424657
0.00003795960355063633
0.000037083074218274895
0.000036229308653838126
0.000035397645940152386
0.00003458744649338241
0.00003379809130148486
0.00003302898119257403
0.00003227953613191755
0.00003154919454632937
0.000030837412674797624
0.000030143663944227392
0.000029467438369238144
0.000028808241975000532
0.00002816559624214556
0.000027539037572822513
0.00002692811677702363
0.00002633239857833567
0.000025751461138314777
0.00002518489559871671
0.00002463230564084911
0.00002409330706134913
0.00002356752736371393
0.000023054605364945448
0.00002255419081670049
0.00002206594404036047
0.00002158953557546106
0.000021124645840950408
0.000020670964808762305
0.000020228191689217217
0.000019796034627782356
0.00001937421041274313
0.000018962444193358767
0.00001856046920809018
0.0000181680265225084
0.000017784864776507315
0.000017410739940459823
0.00001704541507997329
0.000016688660128912857
0.000016340251670375826
0.000015999972725314177
0.000015667612548513253
0.000015342966431647972
0.00001502583551314909
0.000014716026594622847
0.000014413351963577582
0.000014117629222221954
0.000013828681122107514
0.00001354633540439891
0.00001327042464556278
0.000013000786108275306
0.00001273726159735632
0.00001247969732054564
0.00001222794375394355
0.000011981855511947126
0.00001174129122151708
0.000011506113400619174
0.00001127618834068972
0.00001105138599297903
0.000010831579858635272
0.000010616646882393054
0.00001040646734973968
0.000010200924787434618
9.999905867263446e-6
9.803300312911702e-6
9.611000809849188e-6
9.422902918118806e-6
9.238904987927457e-6
9.058908077942351e-6
8.882815876197735e-6
8.710534623521498e-6
8.541973039394454e-6
8.37704225015872e-6
8.2156557194938e-6
8.057729181082903e-6
7.903180573394405e-6
7.751929976506374e-6
7.6038995509050035e-6
7.459013478189029e-6
7.317197903616964e-6
7.178380880433854e-6
7.042492315918591e-6
6.9094639190933606e-6
6.779229150040353e-6
6.651723170771459e-6
6.52688279759994e-6
6.404646454963663e-6
6.28495413065243e-6
6.167747332392855e-6
6.052969045745988e-6
5.940563693275019e-6
5.8304770949411625e-6
5.722656429687975e-6
5.617050198175066e-6
5.513608186624273e-6
5.412281431742154e-6
5.313022186684061e-6
5.215783888026244e-6
5.120521123713661e-6
5.027189601952508e-6
4.93574612101658e-6
4.84614853993941e-6
4.758355750063058e-6
4.672327647417094e-6
4.58802510590118e-6
4.5054099512460405e-6
4.424444935728433e-6
4.3450937136163135e-6
4.267320817321432e-6
4.19109163423739e-6
4.116372384241692e-6
4.043130097841177e-6
3.971332594941009e-6
3.900948464217998e-6
3.831947043079492e-6
3.764298398189806e-6
3.697973306547222e-6
3.63294323709404e-6
3.569180332844098e-6
3.5066573935114285e-6
3.445347858625429e-6
3.3852257911172538e-6
3.326265861363546e-6
3.2684433316736623e-6
3.211734041206999e-6
3.156114391307559e-6
3.1015613312432315e-6
3.048052344337877e-6
2.995565434484223e-6
2.9440791130265505e-6
2.8935723860020677e-6
2.8440247417303902e-6
2.795416138740869e-6
2.7477269940278024e-6
2.7009381716239663e-6
2.655030971483059e-6
2.609987118662163e-6
2.5657887527952504e-6
2.52241841784955e-6
2.4798590521563406e-6
2.4380939787083656e-6
2.3971068957160647e-6
2.3568818674152607e-6
2.317403315119003e-6
2.2786560085065693e-6
2.2406250571428952e-6
2.2032959022217565e-6
2.166654308526427e-6
2.1306863566015347e-6
2.0953784351302064e-6
2.0607172335106547e-6
2.0266897346265116e-6
1.9932832078056107e-6
1.960485201961716e-6
1.928283538914256e-6
1.8966663068809212e-6
1.8656218541383764e-6
1.8351387828464147e-6
1.8052059430309942e-6
1.775812426721638e-6
1.7469475622391385e-6
1.7186009086292187e-6
1.6907622502382073e-6
1.6634215914268092e-6
1.6365691514182218e-6
1.61019535927681e-6
1.5842908490138555e-6
1.5588464548169065e-6
1.5338532063993192e-6
1.5093023244668008e-6
1.4851852162976386e-6
1.4614934714337243e-6
1.4382188574792514e-6
1.4153533160042043e-6
1.392888958549854e-6
1.3708180627335258e-6
1.3491330684499236e-6
1.3278265741664823e-6
1.3068913333102336e-6
1.2863202507437215e-6
1.2661063793276516e-6
1.2462429165678901e-6
1.226723201344686e-6
1.2075407107218681e-6
1.188689056833939e-6
1.1701619838489965e-6
1.151953365005537e-6
1.1340571997211595e-6
1.1164676107712996e-6
1.099178841536184e-6
1.0821852533142121e-6
1.0654813227000677e-6
1.0490616390258111e-6
1.0329209018634055e-6
1.0170539185870623e-6
1.0014556019938058e-6
9.861209679808497e-7
9.710451332782713e-7
9.56223313235566e-7
9.416508196607235e-7
9.273230587104805e-7
9.13235528830422e-7
8.993838187437003e-7
8.857636054871034e-7
8.723706524932868e-7
8.592008077180227e-7
8.462500018112648e-7
8.335142463310072e-7
8.20989631998803e-7
8.086723269959235e-7
7.965585752991047e-7
7.846446950549523e-7
7.729270769919797e-7
7.614021828693731e-7
7.500665439615586e-7
7.389167595776867e-7
7.279494956151809e-7
7.171614831464623e-7
7.065495170381004e-7
6.961104546015254e-7
6.858412142745718e-7
6.757387743330672e-7
6.658001716317374e-7
6.560225003737269e-7
6.464029109080131e-7
6.369386085540361e-7
6.276268524529031e-7
6.18464954444499e-7