0.1428573035767275
0.1428778098284282
0.14296463480077864
0.14304742466730683
0.14222719970873657
0.14328003381950763
0.1443367422296645
0.14387586620571075
0.14431715047705812
0.14433568165931662
0.14473058025067997
0.14527380321270883
0.14555833668414925
0.1462086686024955
0.14678719440159985
0.14710766862642147
0.14815480320307148
0.14877813690044472
0.14936327642925795
0.14996405018182032
0.1508492653459068
0.15127255802330314
0.1524836809541886
0.15350258460620061
0.1541051766742369
0.15573492584853432
0.15791675431042432
0.15919791954054396
0.16039004279296604
0.16309655106414242
0.1642464929535326
0.16467676100891232
0.16596065073408367
0.17046081673097302
0.1702494155581618
0.1751594305000101
0.18532967316217344
0.19513089542787135
0.1954521342409492
0.24205185281181726
0.2652498891614339
0.26089529853095034
0.2344709557388869
0.052452849333291654
0.061667044491299214
0.11084754372492764
0.15100846103687657
0.16701515417953858
0.15405277472753276
0.16381234933765831
0.16649873179636346
0.16656631175142325
0.1685306220000254
0.17580068836598645
0.17806244472359162
0.18196127894628977
0.18666309699743955
0.19059471553039195
0.19299730336116716
0.19666969701735557
0.1997578568972818
0.20273485074807152
0.20647432197782442
0.21014046810290182
0.2142297599915053
0.2185293459698528
0.2227334849932215
0.22661564868520662
0.23141474166973486
0.23556760577843272
0.239939033774151
0.24499629548590857
0.2506641546125269
0.25494244810658806
0.2612172187646898
0.26750734960173167
0.2731759417929709
0.2783386530635177
0.286469141001059
0.29228101190208505
0.29884297832578827
0.3072320932024084
0.3161582945138826
0.3223605553254221
0.3327172074370183
0.342546962725791
0.35142610519948897
0.35979385630912114
0.373288789884479
0.38304712426014975
0.3938886951287644
0.4079983156643991
0.42426516642531464
0.43434786943243503
0.4529072908312825
0.47046559926992115
0.4860447471603974
0.5016256859737142
0.5275259739211603
0.544849424261049
0.5667055243873418
0.5951218172064218
0.6268314881943987
0.6483270677965834
0.6880171905787377
0.7258161893126756
0.7602039525509063
0.7968914900632214
0.8580822667525537
0.8987597524540277
0.9556448301967818
1.0308390276192596
1.1148198709077661
1.295651120692774
1.3386387067318115
1.3913525103842483
1.452149503657259
1.5077997617414174
1.9330088716406157
2.1528311198452776
2.45161980613453
2.9162981739101492
3.67967039674369
4.293650950278495
5.90002907712372
8.864864348847007
14.977383330241308
41.747257448492356
-23.809802467085444
-11.944154728272165
-7.658296330399226
-5.4388512444262185
-4.196843611318096
-3.6733508726819575
-3.1022309803789225
-2.726982695086838
-2.486901696685392
-2.290683425470951
-2.058079577283693
-1.932200781090229
-1.809182112573997
-1.687940728046713
-1.5806866827371746
-1.522512369387086
-1.4412021085705813
-1.3800073909411046
-1.3381270057651087
-1.2967185279597442
-1.2418347955636952
-1.2135055251039395
-1.1801001471875303
-1.1436596336451381
-1.1101695651673587
-1.097014487429019
-1.069934073934695
-1.048969843098009
-1.0366941307377238
-1.0271587747222435
-1.0037935069029311
-0.9975638479756874
-0.9903000132959257
-0.9780841849004415
-0.9650083566593871
-0.9677317377753839
-0.9573755826505529
-0.9511789510349049
-0.9520470743887096
-0.9564770740801872
-0.9457075206706755
-0.9539403025939278
-0.960056568790645
-0.9608082487265222
-0.9583935140364007
-0.9757614105254095
-0.9744786702632987
-0.977199133016981
-0.9899767049831467
-1.0096645104977473
-1.0056832868683325
-1.0304213488494025
-1.0529267256694463
-1.0670038623568563
-1.0739016652768774
-1.1157930342501667
-1.1244869248787492
-1.1373472689309119
-1.169570995891663
-1.2161367716384737
-1.2131902500163245
-1.2779377605503321
-1.3344679562962918
-1.3746951548053203
-1.4050839283060357
-1.5527355713459596
-1.577815020777562
-1.6095538683466444
-1.6450486990160946
-1.679374022448079
-1.8433552434580829
-1.9858184324218444
-2.189950450321877
-2.3339181075844553
-2.376243480938296
-2.8109529474228387
-2.9738882066804053
-3.1872762014105622
-3.6100600293270277
-4.566072944199372
-4.8038465961069114
-6.305817979229387
-9.698289169103075
-13.899135527774469
-15.81695967548576
61.16421681617224
24.38887073158321
16.733295609825518
9.605219160428499
5.9888065922729234
5.793717994110013
4.3440735427757575
3.4822228558787205
3.096158251353704
2.9680412412853854
2.4410905195533346
2.3209683537379893
2.204273552078339
2.0118830581773324
1.771705138748787
1.7621653239469293
1.5949406346320212
1.471572744483324
1.3999815501071826
1.3704508573387884
1.253862645219185
1.2240439914335874
1.1920748746359788
1.1373520265559494
1.0613826272390123
1.0588215779686485
1.0010628144374119
0.9573417735960671
0.9311821035090545
0.9199960169000656
0.8731869081723571
0.8595859994086338
0.8452052231462802
0.8178888215872194
0.7870383083146154
0.7860853865342843
0.7612940549702721
0.7401365554035472
0.7293479902384582
0.7225844436555403
0.7012166603641755
0.6952384263722943
0.6869844253588923
0.673402621027719
0.6605002638319524
0.6581397577465322
0.6463869001007193
0.6383028477864461
0.6339121794385647
0.6313336540880043
0.6220748421752144
0.6189657280559877
0.6143881209459601
0.6079013928702365
0.6039025462926809
0.6021770328767
0.5988909853004113
0.5984000141006287
0.599037694017647
0.5976790950472105
0.5981866050478636
0.5979619214452855
0.5957713383539573
0.5949272450252643
0.5984977079334839
0.5960325317694689
0.6017302019481001
0.6085578401608587
0.6129165030371653
0.6152590812545305
0.6280385903179576
0.6301522235249833
0.6328803452353076
0.6361007480731801
0.6392003390842659
0.6511064714899147
0.6612458748743661
0.6792836880820308
0.6936517902595966
0.6900317883785483
0.7200869102001856
0.7267207507081577
0.7344229582815807
0.751291059851136
0.7861226717888662
0.788960571159022
0.8241003423967057
0.8649669889458732
0.8909684769277729
0.8992270805681191
0.9648662884882868
0.9825934848293735
1.0115771872604975
1.0693608963221841
1.1534388495799024
1.1734378533669674
1.2743410246209064
1.4190219262141341
1.4962977184755002
1.5336900240425815
1.794579241866059
1.8908360641601738
2.047811651929996
2.4100993470682037
3.1201181236057933
3.190893900560977
4.345808983803854
6.438362980568288
8.802536845136101
12.330510920422762
-21.887118264292955
-13.280040768736217
-8.307084625687496
-4.683868013786684
-3.247642590494717
-3.1095238941054295
-2.44897944596725
-2.0455451769287705
-1.8299375098288286
-1.7311327838415482
-1.435298446059943
-1.3716424012215949
-1.248815743516923
-1.1208288283486716
-1.0204658188659814
-0.9833821220227918
-0.9021784688239544
-0.8478377588346447
-0.8110524243484173
-0.7866908038840517
-0.7188245872722937
-0.7013681495218207
-0.6657053596197043
-0.6267240371527646
-0.5892339345879651
-0.5821660838232915
-0.5507286165246045
-0.5300628020833635
-0.519936721366179
-0.509837662125247
-0.48329091813827624
-0.47689046056058676
-0.46039698654238004
-0.44165141117453444
-0.4248884863913881
-0.4207026588037678
-0.40779118045730134
-0.3974895305748919
-0.3926607800699143
-0.38687988302381243
-0.3752639109031839
-0.3711963823896854
-0.36289609382498994
-0.3526757087329501
-0.3472078335616624
-0.34243267216330603
-0.33504178546563435
-0.3312892097179055
-0.3292473335966062
-0.32506142845091873
-0.320379891004107
-0.3171060468500641
-0.312333983985642
-0.308018529815438
-0.3047303705621242
-0.3023179776352117
-0.2996224946346533
-0.2980524538113814
-0.29699169612050696
-0.29500522567143717
-0.29345291123649836
-0.2925077355480501
-0.2905067908192434
-0.28951480538195645
-0.288953722488349
-0.28860845448435046
-0.28856338170901247
-0.2886102805076518
-0.28875511152534494
-0.2889592870915326
-0.2899740431825381
-0.2907707461744168
-0.2922300671507156
-0.2948087414580609
-0.29608665314879307
-0.2981498978491031
-0.3009664298905045
-0.30235890411887123
-0.3039399176400884
-0.30746220189555135
-0.3111138914884912
-0.3157680617518432
-0.3210230240772528
-0.3287854762397266
-0.3329935341203788
-0.3383161371083294
-0.34754499290288493
-0.35039764343528157
-0.3540490203932309
-0.36357483298826015
-0.3784284467943909
-0.38645854512826555
-0.3993606665425362
-0.4245054770069537
-0.43793514105962694
-0.4489145680973873
-0.46922118251804973
-0.4890677124989498
-0.4875513536612429
-0.5171801810199662
-0.5553804848875719
-0.5785801114691166
-0.6392014835706786
-0.7046791460010251
-0.7729414144747837
-0.8270579052352092
-0.9380265047926241
-1.0223812843577846
-1.1103629749654078
-1.227849228224116
-1.476404180709085
-1.6233400857482578
-2.482431964375688
-6.878858499435674
-3.6917048146192832
8.418504958102936
3.841983224981035
3.001852396593578
2.9472453870588358
1.9557836517783997
1.582506830058793
1.2020456939108886
1.005280488703717
0.8210761371068959
0.7117964850473467
0.6641070097831906
0.6055401021528816
0.5793070810360816
0.5556425508264641
0.5024319856094921
0.47212755517590116
0.4408855276628061
0.39796894175463277
0.36491078760163914
0.350229596267828
0.3315389927735586
0.3168606734648197
0.3094072635319082
0.30090545425888404
0.2858613037035532
0.276053871427579
0.26604087575454083
0.2521167718122241
0.24065095127112204
0.23396866326484209
0.22666371985606243
0.21976917618439076
0.21596912692534956
0.21226859255672956
0.20657646467975377
0.20129924412889139
0.19752028784393988
0.19220740184490698
0.18745815016395384
0.183973907156871
0.1788538217242557
0.17754410001479862
0.176297504816908
0.17519306552569677
0.17439225164238087
0.1691558863233307
0.1677037296256778
0.1664514157779765
0.1650408242302545
0.16331800152587897
0.1631849232607414
0.16231158002608428
0.16105612060817628
0.16033602339127515
0.16045170082959634
0.1599230080322978
0.16010476922907962
0.16131052658216136
0.16268834939866467
0.1629897055898729
0.1645444694738582
0.16602194559546743
0.16580450512141054
0.16656746337547002
0.1693010808286366
0.17096234027155194
0.17364890901405744
0.1788514426484466
0.1846505945122629
0.1872656592422572
0.1926578748210626
0.19829619662893178
0.20071365322062865
0.20483791110710559
0.21401603993822305
0.2203368397854651
0.22911610964023996
0.2464166445560564
0.2658302584365932
0.2780024187560726
0.3011230961428776
0.32257631783248225
0.33821951344062484
0.36035607384798357
0.410393848862474
0.44723825777300324
0.5157951926030401
0.6579229676508352
0.894944055516906
1.09185668116345
1.9716744210211912
2.9464365382500803
-1.5637447077050632
-2.2771708505417023
-1.3755743984712507
-0.8555559984728978
-0.6898285458205264
-0.5227775748821994
-0.4152200204338385
-0.3527789986210087
-0.3170764201166262
-0.2746295075366216
-0.25059500355825176
-0.23677996346769262
-0.21756765691131646
-0.19402695126939679
-0.18823522575281748
-0.17002892473507122
-0.15473978736588123
-0.14521320379702551
-0.13446245133104173
-0.131301234738181
-0.12833196538986805
-0.12568845387310823
-0.12366174160555164
-0.11219302244895192
-0.10906432726052341
-0.10434082318694309
-0.09839611505121242
-0.09541518024113398
-0.09418511374575984
-0.09150029870903667
-0.09098278352360496
-0.09066557817189311
-0.08869232252741512
-0.08760591147061512
-0.0864189103865506
-0.08409569470648055
-0.08239205376569722
-0.0829845597804642
-0.08190226293207963
-0.08260393862613064
-0.08483782582204294
-0.08652037544371484
-0.08624032826015596
-0.09028950937817652
-0.09075228685119474
-0.09015069513812177
-0.09235276976380188
-0.10034518393493336
-0.09796684185345811
-0.1086843461557699
-0.12629955309247362
-0.1412868314471717
-0.14047052342627978
-0.20667664310652248
-0.2038924092452829
-0.2080880964928286
-0.294920411787071
-0.7528543965257124
-0.23497267521027435
0.264005291789394
0.20021523302465286
0.15276260372248773
0.1282963568232567
0.1010954639583164
0.09198697131543261
0.0839643808084036
0.07444591578235024
0.05015054325504268
0.0533137772460518
0.042545462918801416
0.03133274272336011
0.028570000532184055
0.03246050525160186
0.022354761208967473
0.02354452667537843
0.024551007855307866
0.023022191470623624
0.01801294464363634
0.019725815780048603
0.016880681521828506
0.01366814143482116
0.012192264789118164
0.01313390287969643
0.01042383124056007
0.010649221956327112
0.011378216015362439
0.010968748751659565
0.009253810670105986
0.009629896607979707
0.008866091124015957
0.007042988527551172
0.005906516804100553
0.006522770876637867
0.005349157310671929
0.005390660673235153
0.006163146080802397
0.006330910060940867
0.00518420380364337
0.005761174103603189
0.005162740708640748
0.003930351387297566
0.003241485944878879
0.0037531635429556664
0.002331293295972283
0.002880779685382207
0.0036720798045027673
0.0041380715259605304
0.0032116380885815754
0.003547552590519579
0.003299947532720609
0.001992672800367149
0.0017950274979402145
0.0021294125741920552
0.001387833189710925
0.0016742817178326892
0.0024336334523873226
0.0026641488507806546
0.0020913853393464423
0.0025530828345336383
0.0022867876625367314
0.0013502431416596863
0.00098645249291642
0.0012757402706401186
0.0009221225784980941
0.0009690011672591814
0.0016356960408586676
0.0019540549889955575
0.0014648870392745116
0.0017730003255051919
0.0016097980327954174
0.0009989040620582675
0.0004342865689637505
0.0009520735508911251
0.00039383116548430164
0.000531728530229105
0.0010959950867146183
0.0015262654543337886
0.0009636279789314728
0.0016571073789016784
0.001297887361630902
0.0006377039550260101
0.00009798558204791981
0.0005634319739208298
-0.000031992148311994957
0.00019843074410305295
0.0008948880971418666
0.0011396232626516669
0.0007238564082314876
0.0014801907369608141
0.0010550324219537964
0.0004060446808062867
-0.00004592628266253432
0.00030388768942619335
8.668897182897349e-6
0.00010154400599996125
0.0007052718261139529
0.0009449074030404511
0.0007347043763853816
0.0007491426955692914
0.0009303263241088814
0.0003749601467488327
-0.00014074411980616363
0.00010108511353780531
-0.00009127686230577203
-0.00003057130374205821
0.0005237566535519492
0.000731828332697658
0.0005519342148189649
0.0007113029471449673
0.0007165328656109977
0.00019951295582031384
-0.00011972091660494792
-0.00009652091559508
-0.00008780576614707408
-0.00011996344272417819
0.0004312408337875977
0.0007041372961211943
0.00046206299605982
0.0006651826371686362
0.0005944396445437141
0.00022657039288050056
-0.0002289842644016956
0.000048988411580909436
-0.00032570919980700415
-0.00017147039673061322
0.0003033300882380111
0.0006804439605390293
0.00035127462738429707
0.0005340198230566295
0.0005345270460958865
0.00007367383910157289
-0.0002661823404779457
-0.00003125832022199925
-0.00020627600850617138
-0.00018305532821683872
0.00017732778487111284
0.0005564331608368559
0.0005240147983350288
0.0004906981831069938
0.0005235573430593984
0.000034564560842642364
-0.00032349302534850677
-0.0000937134317199681
-0.00025108397066793913
-0.0002512909818300475
0.0001234489163570325
0.0005239615970797742
0.00028594406233346624
0.0004899675448334684
0.00043160420932455675
0.000012472632474711335
-0.000296618834003329
-0.00016048444783417026
-0.00028600319651295663
-0.0002645058903936804
0.00011673775811008944
0.00047240154860405786
0.0003571723288850189
0.0003267119387624894
0.0004343634378930485
-4.229941362659304e-6
-0.00032973301259898964
-0.000297244026343787
-0.00027299942660330304
-0.000291649846628979
0.0001694642497136306
0.0004820737678319254
0.0003239922053131534
0.0003521673634718456
0.00040038571683726566
-0.00009921101247015983
-0.0002973118251409136
-0.00024214142484477036
-0.00021589372311775457
-0.0002750137304120203
0.00008997107246542264
0.0004453537840459298
0.000280408932946945
0.00027858987394617664
0.00040943478396330516
0.0001234517140972227
-0.0003156617281995932
-0.00024293784068598687
-0.00015961208153278294
-0.00030806728262595755
-1.9817861106325753e-6
0.00039205567035745134
0.0003239002169726039
0.0003650760329846719
0.0004024032694868658
0.0000745050711499367
-0.00037221083024705577
-0.0002298969190316218
-0.0002319599167550459
-0.0002728564712408211
0.00010543807463412679
0.0004046345527331415
0.0002481096898985683
0.00034272672853334185
0.00031351793867067014
0.0000817346799292273
-0.00031906837022857776
-0.0001436693074473393
-0.0002022492545887438
-0.00028599323841345473
0.00006548536917542152
0.0003586635331271295
0.0003540395573099678
0.00029583758036712563
0.0003234522928644304
-0.000025121989455664743
-0.0003083028625649517
-0.0002517115700129972
-0.00009613316098541343
-0.00028363126434984
0.00004086846571373545
0.0003535965466186491
0.000380050088028671
0.00020822620541442873
0.0003496893901042999
-0.000016375633760445865
-0.0003572689966364541
-0.00019947150426607248
-0.00027058035024068815
-0.00029305115207287633
4.218702423945064e-7
0.0003291637064812815
0.0002858965633765114
0.0002511917851285027
0.00032619697785772335
0.00005546300495462782
-0.00029843161287938607
-0.00012329708894035903
-0.00031653744753582023
-0.00034263203553923187
0.00010468879463517252
0.0004331664534047603
0.0003757443632649701
0.00033152681275585986
0.0003534473463491336
-7.472298740066661e-6
-0.00032544590891083554
-0.00020331864432843153
-0.00018585996211974753
-0.00034309357313298827
0.000027677039799966473
0.00030923849474478755
0.00033524907957152187
0.00014369378870849608
0.0003350233892818524
-0.00009003210521137311
-0.00033985801636333713
-0.000013752766956801562
-0.0003008918222239102
-0.00038484785806174504
-0.00013541372390781368
0.0003211035153452298
0.00027195251950394117
0.00016150810088926787
0.0003331903292146509
9.083662209295e-6
-0.00031898211274604914
-0.00021988421110681903
-0.0003004645406397765
-0.0002960946726444328
-0.00014642422978656142
0.000403254523497709
0.00021146487359804153
0.00035516985635379496
0.00042428475195706327
-0.00004306632110711917
-0.0003245734935326451
-0.0003383746874191312
-0.00026107952290367397
-0.00033395799176944864
-0.00010577661451604967
0.0002173284902155642
0.0004637821341779732
0.0003333805038115051
0.0003492045367571292
0.000040260086709212
-0.0003809148203927666
-0.0002894540935397531
-0.000337586854053467
-0.00034178475230272216
0.0001322614752263493
0.0002870310763982474
0.0002450007175186087
0.00013742912670882133
0.0003362881401961706
-0.00009703594679566572
-0.00031629303969863044
-0.00023784854520612282
-0.00017280576329303473
-0.00040678105133785546
-0.00011126174655886096
0.00037185511783129565
0.0001578191442875317
0.00029348313016719493
0.0003509595879622638
-0.000057732834181625836
-0.00034470728485069114
-0.000431096564431195
-0.00020819552485848048
-0.00030940812443372185
-0.00005953686227957007
0.00037348953940068093
0.00020372573624450382
0.00015649372849885915
0.00023983768904385148
-0.00009966217053306801
-0.000313725719977657
-0.00024740770478671103
-0.0002392637959747745
-0.00025734512954393127
0.000027256437103090645
0.00033843668462585683
0.0001948690142297211
0.0003270438979436358
0.00029067972263916814
-0.00006574686823691428
-0.00037112399529664735
-0.0003124908305831482
-0.0003902786404240797
-0.00036422488267978345
-0.00006162876519992225
0.0003479934138858359
0.00020404966244908055
0.0002555623899142562
0.00036328053377292246
-0.0001234078660448733
-0.0003105201815994996
-0.0003094387849045725
-0.00023513081991891782
-0.0003989063853773805
0.000013366034214331921
0.00028082166167126883
0.00014703522092545404
0.0000297269041181096
0.0003402445876779179
-0.00003241806097611413
-0.0003461085977929508
-0.00013455386141359693
-0.00031999029017357097
-0.00030590896840829407
-0.0001866848915918873
0.00026696417179361277
0.00038499551354915915
0.00011281691943688706
0.00036618913775830205
0.00013969220481313123
-0.0003202646140192918
-0.000022042663395102886
-0.00030832358638783537
-0.00031370472015912785
-0.00006685174339539232
0.00027481416283908826
0.00032623880278076495
0.000015752261407427318
0.00029299099422481286
0.000018055331744513173
-0.0003548348021627973
-0.00010880436107591748
-0.0001618780043437017
-0.00026005513112263323
0.00009985130451138825
0.00038503170274783565
0.00047291218964571865
0.00004519903246565192
0.00023589457864365144
-5.82653383720358e-6
-0.00024288617738190077
-0.0001534454514447586
-0.00018441191585635218
-0.0002488938693031635
-0.00015287318727928123
0.00024728439079796843
0.00027025540582921995
0.0002713105594073045
0.00024662242487268906
0.0002575265820093723
-0.00031734768633592933
-0.0002518909331132867
-0.00010949208172227209
-0.00036910620228570274
0.00023668430083743634
0.0002940754632269061
0.00010661495399919504
0.00009703887935013023
0.0002534035966542659
0.0000990453392185782
-0.0002664878811668101
-0.0002509100298416033
-0.00017440357989835812
-0.00030775666907415346
-0.00004771714497501307
0.0002630862884141624
0.00041745438733539774
0.00011901919803347599
0.0002418356222188485
-0.000029472002033296364
-0.00025826454761323337
-0.00045888927599789324
-0.00024731543693579637
-0.0003286858758430411
-0.0002118946836239628
0.000258457481705743
0.00039194004661177696
0.00015004344960025022
0.0003395930535550274