0.00021873591465382416
-0.000028125096808128804
-0.00024201746382875966
-0.00018405063497610308
-0.00016706908427188843
-7.5690739403188605e-6
1.9014377515054254e-6
9.362046186593627e-6
0.000010815320270274911
0.000050785470654076445
0.00018708952718176874
0.00012912205485727211
-0.0009270259392998726
0.000021221878254510684
0.0005243886180506785
0.000404956634362471
-0.00036556162343747166
-0.0003033395898674418
-0.0004178485745073753
-0.00008733215058973274
-0.00015357581052181487
-0.0002935482137142019
0.0002301611587933384
-0.00011929131415798712
2.6888560382380025e-6
-7.636566286695285e-6
9.8659984009575e-6
-0.00015258819377465837
0.00022568107520252298
9.904223057841602e-6
-0.00009324097797123883
0.00042302801184797897
0.00034352525899320916
0.0001929611128853261
0.00023363113268856715
-0.00031862965606699713
0.00029720741358173983
0.0003389212362638283
-0.000054680846179514314
0.0001638989751167861
-0.00011103670531099095
-0.00005821561941253323
0.00006898055620439018
0.00014063045437431857
0.0003601764832786072
0.00005173902233085753
0.00007480325334803359
0.0003369876679670317
-0.00002749799984647784
0.00022497012396255123
0.00009201896358531917
0.00019335116304327723
0.0003764339491855027
-0.0000446460441301515
-0.00001663626886681179
-0.000019191026016825897
-0.00002756905611682803
-0.00002170501018200827
0.000022231747193211276
-0.00008578656947711983
-0.0001655132498092752
0.000034592605626457563
0.00003929750515468222
0.00004179066920891237
0.0004588104601987157
0.00031870678988391764
0.0004810750313865716
0.0005073413717244993
0.00023767323535678027
2.2464014220434965e-7
0.0003907035348785109
-0.0001809168059667535
0.00006477913553367224
0.000025030301816425516
-5.974161764388372e-6
-0.00007018245650343465
-0.00002167517672178618
-0.000016989118347648457
0.000013545091779567426
-0.00002554346594651062
-0.00002457348888935092
-0.000013937812214725334
-6.338040532439052e-6
-0.00005711703608696567
-0.000033742568941051745
0.000023585140007942016
0.000026511313088839306
-0.0000663179637289703
-0.000014372016590611828
-0.00004091554141161657
-0.00003346549985789189
0.00002808464639714078
-0.00008211969673903707
-0.00004702736432062316
-0.00004190971823782068
-0.0001746879830655893
-0.00015255014308018254
-0.0002459877440844964
-0.00013748412712759505
-0.00041957513757718743
-0.00010972132817287393
-0.00002589046247296962
-5.030369781839469e-6
-0.0002448379054201267
-0.0002483165993191933
-0.000039252852572890944
8.328163922454412e-6
0.000011473359218671891
0.00003318306386729553
0.00004292226867655274
0.000059093978909345184
0.00005425884560901857
0.0004044339493973987
-0.0001120918668939647
-0.0002636159124159256
0.000045103973850437776
0.000244559604627819
-0.0002718963661853139
-0.0005264999281823371
-0.0001722617880753787
-0.00018943486069885235
-0.0001845936197147547
-0.00006473764208972873
-0.00008486341924553544
0.00005013537210721216
0.00005152068799164997
0.0000554967083428119
0.00009688109570441817
0.00010560711629166904
0.00008935381585896578
0.0001460845254060737
0.00009552639546027203
0.00012807436192084715
0.0005907703767169966
0.0004249390328553029
0.0005047685344914867
0.00005377675407765971
0.00003535302989560725
-0.000015537196348054522
0.00008364226309892297
0.00008114436344918773
0.00008720427886616782
0.0000756769214572752
0.0001570152779936365
0.0001845986077584241
0.00008031595749667721
0.0001305798955175066
0.000013944911305962791
0.0003517786099036699
0.000480740161293265
0.00006300193652751511
0.0003891501749741994
0.00012025707981930297
0.00002348855205012844
0.00035126289584160763
-6.42267614569459e-6
-0.00005239682696667722
-0.000082081005303846
-0.00010127109024583727
-0.0001300904752241335
-0.00018162977137733177
-0.00018572685140997024
-0.00018051930021909077
0.00023114486739085938
0.00021300770071302214
0.00033594490915293926
0.0001759410874956584
0.00011792887741236434
0.00015159614847355633
0.000016602455139157135
0.00008602321643179303
0.0001930245066337988
-0.00004641036685841418
-0.0001587405241773621
-0.00011880166478863827
-0.00012124858140567048
-0.00016743227545619883
-0.00016039359303664084
-0.00011972929153753064
-0.0002057879775004929
-0.00018618205627615947
-0.00023313831108082685
-0.00021988410038986943
0.00003478993105988772
-0.00006706005709701428
-0.00013127954262670603
-0.00010081859494228117
-0.000010183731162534262
-0.00009705339241715442
-0.00018341077766590423
-0.00002858551889629079
-0.0002689770102158591
-0.00029678523631367207
-0.00035014635737220807
-0.0003575924628508328
-0.00033037274842214327
-0.0002824358640466044
-0.0004112987760961703
-0.00038700487482045857
-0.0004129430635615811
-0.00048826264630992815
-0.000266378071179851
-0.0007271799713521424
-0.00012996600116465387
0.000015407795114135828
0.000023589006695622193
0.00009777608855302953
0.00019032832201167129
0.0003090673652026999
0.0004001976092239747
0.0004486140613298006
0.0005742212858209914
0.0007121756743659328
-0.0008700397489872905
-0.0007724952269737215
-0.0006668946935587937
-0.0005816516899051545
-0.00036529143359072155
-0.00023026131534959176
-0.00014898145641635617
-0.0000202662298556885
0.00007475143373939714
0.00019904226084921156
0.00030922704487020187
0.00041159060661097075
0.000488822115651142
0.0005638794132276037
0.0006219088445932412
0.0007016093586479184
0.00066296061915815
0.0006224124528740189
0.000685900548946224
0.0006917055812001729
0.0006087395033087666
0.0005672639982995999
0.0003775076759014177
0.00020072106369952626
6.3239259518350715e-6
0.0003160422695284361
0.0005861822001286927
0.0008075216668974926
0.0010142246611000423
0.001151033491725689
0.001233452224177356
0.0012965989900741136
0.0012341822027560725
0.0012619325966939455
0.0012200438137245006
0.0011272502040306157
0.0009861434981904582
0.0008025891547359711
0.0006498544609046796
0.0003925329167757339
0.0001467227461449734
-0.00009830312045225105
-0.00041246197567112693
-0.0007092397236411285
-0.0010240762491436565
-0.0013258658430018277
-0.001583037026720168
-0.0019284919152040441
-0.0020886259517498918
-0.0023440515759654717
0.003700573880288399
0.003283594886216223
0.0027785818872743096
0.002402653199401486
0.0016859374848810704
0.0011193771123018548
0.0006038865654342855
0.00003545304629481199
-0.000543893015990595
-0.001057840388985773
-0.0017331928220285894
-0.002260271749819188
-0.002726414123143495
-0.00310676530078305
-0.0034117729439640367
-0.0036470051198768134
-0.003768202680893206
-0.0038136120543586
-0.003712372567924279
-0.0034683649134085205
-0.0031885515416182823
-0.0024149191198654498
-0.001754676564670679
-0.0006328722731495359
0.0006114217870927113
-0.004781442230287934
-0.007473406257858449
-0.009776201655787771
-0.011627132750724974
-0.013063505405170714
-0.014011521293583563
-0.014500992341081756
-0.014577338516581275
-0.014242648620083136
-0.013665329436721392
-0.01236510619734746
-0.010905294569003384
-0.008870387218419307
-0.006476348922306257
-0.0036097771788179446
-0.000330691701211044
0.003403430954091957
0.007550533595074731
0.01225981385861159
0.01717648566159604
0.022824914603100883
0.028883511497608753
0.035604351933613
0.04298425060694673
0.05155575323719652
0.20426652747857466
0.21326854382676813
0.22175971844659242
0.22988253262540018
0.23791545655306529
0.24596323455545166
0.25359338011491944
0.26043970459396854
0.26594499968593893
0.27075177876035555
0.2729767865556541
0.2725705459597087
0.26911180896206566
0.26283486390598493
0.2530274195191901
0.23994671883344515
0.22317130520984785
0.20220587933804682
0.17702495199560514
0.14743327868475475
0.1123459666827026
0.07305211476498458
0.029764627715436535
-0.014511006870703589
-0.05820413536123564
0.008116481510214813
0.01125374048362578
0.013271846863446351
0.014471528891600104
0.014930821957343719
0.014778162750708198
0.0141623514089822
0.013166171213424805
0.011849967927698008
0.010295627936951891
0.008751468815932218
0.007015064245391482
0.005211069926127299
0.003394938049106636
0.0015528835738691119
-0.0002209277779008694
-0.0019068930502055537
-0.0036041368299150308
-0.0050664700884211185
-0.006355330289985235
-0.0075419117243375995
-0.008502493172857367
-0.00928579070396628
-0.009852794655176677
-0.010222553752179024
0.0050717837295025095
0.004170555030776427
0.003418798565978664
0.0024901123634720954
0.001802031908896697
0.0011489462202273599
0.0003590966504112692
-0.0004014839371847878
-0.0008120698486414274
-0.0013258851768300002
-0.0017736862057620873
-0.0021176229923189184
-0.0023838182671086423
-0.0025625089851328154
-0.002662028169509769
-0.002693890125825204
-0.0026237840340373286
-0.002500869775421031
-0.0022085223095473414
-0.001837106597624273
-0.0015781946087217579
-0.0012094357063543051
-0.0006586192632209492
-0.00008503351120918446
0.0005079352336095253
-0.0007253796187713629
-0.00100550115293499
-0.0012712608217964813
-0.0013664906749199172
-0.0014219104232104565
-0.0014390132202219583
-0.0014145843731725373
-0.0013720398080249844
-0.0012242185172625544
-0.0011009717466281099
-0.0009226711263593695
-0.0007179086538425682
-0.0005593841115196384
-0.0004057365706562993
-0.0001487286667735316
-0.00005773550738539758
0.0001793563653041474
0.0004497711024932835
0.0006564196148354413
0.000789135649668851
0.000998866439830089
0.0011557651584632087
0.0012909314510685345
0.0013510175297896901
0.001406999638961151
-0.00091406224972513
-0.000768372438133787
-0.0006147176527174904
-0.0004363075181601542
-0.00031980797272682587
-0.0001811835795459496
-0.00003795385018178556
0.0000982926853498959
0.00017777931038276764
0.00029049708712277
0.0003547522837856007
0.0004200439615098502
0.00047593966107925035
0.0005163287309852714
0.0005615012731800663
0.0005527212088174327
0.0005486586792827904
0.0004921421350125074
0.00045153786584949975
0.0003979814226959346
0.00021036900647096896
0.00017558936895638262
0.0001138877905646788
-2.332784025985185e-6
-0.00019144469101173905
0.00010886978588098156
0.00018923060538135394
0.0002583885784285744
0.00027060490304335984
0.0003020936424572072
0.00027778808275787694
0.00028575043440812675
0.00026405877332844583
0.0002743173143461984
0.0003214072895578938
0.0002581983878567989
0.00023181074593989215
0.00019281426322931012
0.0001388063835375228
0.00007177469823293946
4.6539455424111005e-6
-0.0000866525121101011
-0.00006877077655965491
-0.0000960763648198753
-0.00014127140405892894
-0.00019269244379884775
-0.0002115221531198533
-0.00021082618115548786
-0.00030777690808550697
-0.00032109996508894353
0.0002277714422174296
0.00021150636658811385
0.00003719360287194275
0.00018152934939061628
0.00011114379631372708
0.00005994289886330086
0.0001742399373261789
-0.000033203668753877485
0.00005879445407290939
0.00003364621220996143
-0.000019588782712121245
-3.3284743514685077e-6
-3.6428621966013125e-6
-0.000020706295755366898
-0.0000877706788297516
-0.000017935887594895965
-0.00009319288944210631
-0.00004524956782464294
-0.0001296411352218894
-0.00004591956903336169
-0.00006183386770908071
-0.00009764443213566653
-0.00006863113011227932
-0.00013653717928128223
-0.0001075504691288459
0.00016144683935616998
0.0001497665103241334
0.00009747446035035863
0.00009250728680765894
0.00008534406682075766
0.00007937832649253646
0.00013106266195964992
0.00008322109233596611
0.00006702377816167127
-9.70755707734875e-6
-0.00002552846516045046
-0.00004719940747281981
-0.00006548555907166689
-0.00016174342485845313
-0.00006440637052500208
-0.00004985623415584092
-0.00010688680505368231
-0.00016014892517094616
-0.0001744873175995282
-0.00013122021816869874
-0.00015074978822422188
-0.00016144988395009284
-0.00012851740967766557
-0.00016078541289822346
-0.00006451031848171099
0.00012741897078850006
0.00014731677083445167
0.00008614567868697815
0.000042794585022560686
-0.000019252303590761987
-0.00004050030341913166
-0.0001390592078745599
-0.0000984255341727324
-0.00020585549180967522
-0.00017620134646863144
-0.0001441523601652643
-0.00019640191595543733
-0.000196595389507993
-0.0002321574133044596
-0.00019764833817803568
-0.00018626159770471332
-0.0001724418586073582
-0.00015161666625199255
-0.00016361327648670843
-0.00006975991973097235
-0.00003234247520957546
-2.4465104612485973e-6
0.000040581317193261006
0.00012349436779281696
0.0001379735210785613
-0.0002758829020051701
-0.00033840218535737183
-0.0003466550405561142
-0.0003329495568353601
-0.0003253819938988275
-0.00030239691125742344
-0.0002599984454160097
-0.00023595521056850194
-0.00016781007646992694
-0.00013821708544772788
-0.00006030330735403525
-0.000016880960462224623
0.00003399981616053361
0.00009117074258576115
0.00013369342730697344
0.00020225509128933471
0.00022257030571483252
0.00027466167910178895
0.0003064204559510563
0.0003305612721435905
0.0003519413261778273
0.0003757232320559878
0.00038428208231063113
0.0003569364188916218
0.0003420141096381845
-0.0002973008979003384
-0.00022904030352014344
-0.00015573311284807382
-0.000019470716179802215
0.00004464761265287057
0.0000975918617460159
0.00019185320465990192
0.00023922489890948275
0.0002972186286689961
0.0003124454175138257
0.000346405001524511
0.00037408025244685373
0.0003701478466560643
0.00037327581790279606
0.00034403931904045224
0.0003398660743385565
0.0002917731184239625
0.00021952353966930404
0.00015909911202876534
0.00006783547444414467
-0.000021778232818263966
-0.000014265507724103854
-0.0001679094108519563
-0.00024604812001975044
-0.00037556552430377614
0.0004591206004919597
0.0005459699005105953
0.0007219119397235671
0.0005602138368592743
0.0005312898782205917
0.000489217503277481
0.0004296945057141699
0.0003967694059277384
0.0003019183225195514
0.0002569636476566817
0.00020569727914015686
0.00009845125427097068
-3.826812810382449e-6
-0.00010670458840753842
-0.0001813868826411044
-0.00024422005867043647
-0.0003258595406925023
-0.0003979427825234353
-0.00045820021498098237
-0.0005283581039668826
-0.0005591880110590782
-0.0005797588504665098
-0.0005928322168222603
-0.0005944522632015696
-0.0005750801363124719
0.00048364809301372757
0.0003225571384333649
0.00022140152787612414
0.00010575051045945047
-0.00009335324030884518
-0.00014901923028039308
-0.00020461147957434226
-0.0003314723460934658
-0.00034300814322552303
-0.0004759900896564001
-0.00047407242530999433
-0.0005256147750551547
-0.0005483978017641494
-0.0005642155007752457
-0.0005623271783724534
-0.00048668635421630864
-0.00044748207189818643
-0.000371547813437205
-0.0002909638111077163
-0.00015825083134199603
-0.000052163010871813854
0.00005996734015419197
0.0002517035870167595
0.0003383649923031847
0.0005336363492520014
-0.0007072896169212077
-0.000767140377642068
-0.0007843012954571749
-0.0007719963252478498
-0.0007601447463662568
-0.0006868457247052401
-0.0006196118456893221
-0.0005519582395091695
-0.0004441073396402852
-0.00037771919051100144
-0.00025477151677437827
-0.00016031266584582823
0.00010859520884750431
0.00008293980016437433
0.00019825580205555228
0.00030504177430962974
0.0004128525130689284
0.0005693576738365473
0.0006265266506754297
0.0007673015579403804
0.0008128801794132928
0.0008747274861316866
0.0008879281888101467
0.0008750870987870835
0.0007265536985298006
-0.0007232998028323133
-0.0002894575958380523
-0.00015563779263686017
-0.00010401274733715836
0.0001983786383036884
0.00004027655897112822
0.0004895951362367914
0.000481652229648043
0.0005626676868371458
0.0007293164772621073
0.0007125067009780036
0.0008195216302114048
0.0007747130105923056
0.0007712951338749851
0.0007262562847367449
0.000675434881144085
0.0006358145855513132
0.0005380620359225471
0.0002907310976444458
0.00024375616292964607
0.00011229322314027814
-0.00006457390334901326
-0.00028837467365128226
-0.0005461898551834324
-0.0007747033710796657
0.0010126307253154564
0.0010726735727599826
0.0010972357360180228
0.0010798279320344017
0.0010545607104607859
0.0009820089378690874
0.0008712565151674941
0.0007906292504785184
0.0006671967568303148
0.0005554247960297052
0.00035018870899751947
0.0001592283904368872
0.00007777932883970394