0.14469658752841885
0.14473426532461225
0.14477234749383003
0.14481083499201347
0.14484972878888372
0.14488902986809904
0.14492873922741598
0.14496885787885336
0.14500938684885928
0.14505032717848268
0.14509167992354743
0.14513344615482968
0.14517562695823985
0.1452182234350076
0.14526123670187163
0.14530466789127128
0.14534851815154437
0.1453927886471277
0.14543748055876257
0.14548259508370306
0.14552813343593096
0.1455740968463724
0.14562048656312185
0.14566730385166815
0.1457145499951267
0.145762226294477
0.14581033406880262
0.14585887465553996
0.14590784941072857
0.14595725970926943
0.14600710694518704
0.14605739253189776
0.14610811790248374
0.14615928450997268
0.14621089382762315
0.14626294734921683
0.1463154465893562
0.14636839308376906
0.14642178838961908
0.14647563408582404
0.14652993177337967
0.146584683075692
0.14663988963891536
0.14669555313229868
0.1467516752485396
0.14680825770414552
0.14686530223980296
0.1469228106207556
0.14698078463718986
0.1470392261046292
0.1470981368643381
0.14715751878373345
0.147217373756807
0.14727770370455523
0.14733851057542202
0.1473997963457468
0.14746156302022811
0.14752381263239275
0.14758654724507989
0.14764976895093354
0.14771347987290678
0.14777768216477916
0.14784237801168446
0.14790756963065144
0.14797325927115657
0.14803944921569145
0.14810614178034087
0.1481733393153768
0.14824104420586684
0.1483092588722927
0.14837798577119107
0.14844722739580196
0.14851698627673743
0.14858726498266675
0.14865806612101337
0.14872939233867555
0.1488012463227598
0.14887363080133278
0.14894654854419437
0.1490200023636671
0.1490939951154073
0.14916852969923397
0.1492436090599815
0.14931923618837034
0.14939541412190321
0.14947214594578231
0.14954943479384852
0.14962728384954635
0.14970569634691502
0.14978467557160097
0.1498642248619007
0.14994434760982928
0.1500250472622146
0.1501063273218226
0.15018819134851397
0.15027064296042666
0.15035368583519643
0.15043732371119745
0.15052156038883616
0.15060639973186016
0.15069184566871108
0.1507779021939207
0.1508645733695312
0.15095186332656582
0.15103977626653314
0.15112831646297695
0.15121748826307274
0.15130729608925114
0.1513977444408997
0.15148883789606712
0.1515805811132697
0.15167297883330091
0.1517660358811173
0.15185975716777814
0.1519541476924355
0.152049212544383
0.15214495690516425
0.15224138605074589
0.1523385053537536
0.15243632028577062
0.15253483641970675
0.1526340594322421
0.15273399510633814
0.15283464933383764
0.1529360281181143
0.15303813757684226
0.15314098394481163
0.15324457357687526
0.15334891295093347
0.15345400867106632
0.15355986747070596
0.15366649621598397
0.15377390190909787
0.1538820916918465
0.1539910728492857
0.15410085281342836
0.15421143916713226
0.1543228396481317
0.15443506215307756
0.15454811474190047
0.15466200564211674
0.15477674325344895
0.15489233615248638
0.15500879309756427
0.15512612303376191
0.15524433509811073
0.15536343862498303
0.15548344315161391
0.15560435842386056
0.15572619440218666
0.15584896126771702
0.15597266942879243
0.15609732952735497
0.15622295244592468
0.1563495493146774
0.15647713151866738
0.1566057107055728
0.1567352987934716
0.1568659079790328
0.15699755074610883
0.15713023987421854
0.15726398844809034
0.15739880986666716
0.1575347178532921
0.15767172646575375
0.15780985010668758
0.15794910353504232
0.1580895018770526
0.15823106063812964
0.15837379571558907
0.15851772341107903
0.1586628604440362
0.1588092239656331
0.1589568315731242
0.15910570132503307
0.1592558517564188
0.1594073018959038
0.15956007128134592
0.15971417997923842
0.1598696486012004
0.16002649832524699
0.16018475091413698
0.16034442873713836
0.16050555479144812
0.16066815272469473
0.16083224686021522
0.1609978622198615
0.1611650245502724
0.1613337603523243
0.16150409690580741
0.16167606230221196
0.16184968547255624
0.1620249962233462
0.16220202526835856
0.16238080426423993
0.1625613658483532
0.16274374367752797
0.16292797246882307
0.163114088042255
0.1633021273680589
0.16349212860758178
0.16368413117457026
0.16387817577199068
0.16407430446070448
0.16427256070713098
0.16447298945237038
0.16467563716366146
0.1648805519188061
0.16508778345939878
0.1652973832776873
0.16550940468355127
0.1657239029034048
0.1659409351458448
0.16616056071521534
0.16638284109522725
0.1666078400527156
0.16683562375481606
0.16706626087790574
0.16729982271774646
0.1675363833436986
0.1677760197141703
0.16801881182670883
0.16826484288018564
0.16851419940718543
0.16876697149984854
0.16902325294022594
0.16928314142939718
0.16954673877045548
0.16981415109299658
0.17008548914087462
0.17036086842780104
0.1706404095677514
0.1709242385833218
0.17121248712441986
0.17150529285830338
0.17180279985392954
0.17210515880968905
0.17241252762773548
0.17272507170340243
0.17304296453493156
0.1733663880110188
0.17369553315212988
0.17403060053606406
0.17437180090386234
0.17471935606767375
0.17507349915969733
0.17543447601495876
0.17580254530394848
0.1761779802118051
0.17656106853042333
0.17695211456921228
0.1773514398722384
0.17775938433065647
0.17817630798062145
0.17860259207014273
0.17903864075438852
0.17948488378268593
0.1799417759972286
0.18040980161597714
0.18088947762652344
0.1813813524560077
0.18188601241973343
0.18240408081678425
0.18293623002420206
0.18348317131377026
0.184045669827191
0.1846245489810567
0.18522068904160469
0.1858350373907564
0.18646861609218743
0.18712252035580654
0.18779794527715252
0.18849616533676286
0.18921857396007077
0.18996668671388403
0.19074211055632603
0.19154664769199853
0.19238225873933879
0.19325104250633862
0.19415528759780357
0.19509759154817924
0.1960806969076975
0.19710771121709908
0.1981819844800764
0.19930742706322524
0.20048793301582757
0.2017282776522528
0.20303342608315178
0.20440938284732763
0.20586255249829025
0.20739971484082004
0.20902915512182257
0.2107601784958149
0.2126032399371815
0.2145679841948446
0.21666905912350612
0.21892174642812529
0.2213411187568796
0.22394379538686215
0.226749235364838
0.22979054320143005
0.23304490350489046
0.23659919133726545
0.24038576563710945
0.2444151059251529
0.24866094187723115
0.2530089201073951
0.2570864321758334
0.2602120291715358
0.26160641742989865
0.2587980641623501
0.2489969731184236
0.21197581769359872
0.14671250521193357
0.012210510223376174
-0.20287724619627553
-0.4430665425188407
0.7129715188746996
13.194914302823097
102.93208634934355
777.1350486450635
4403.231048171034
1768.0300766935982
-87831.11925518584
-547227.9445872162
8.384410403561211e6
-1.1023484160034205e8
-1.9374288293739584e8
1.3468462353105294e7
-1.0467477372759907e6
49085.217191822616
9828.090646182169
1412.9784524747406
216.20057173101446
33.059776576492915
5.000377433755019
0.23210359320654045
-0.30169531283015344
-0.2057971364973652
-0.10084700831774565
-0.017890484395332272
0.04009743781255068
0.06638240955855061
0.0872331814655895
0.09791241039825613
0.10563467680909418
0.11113547686814662
0.11555250952803461
0.11864909288778917
0.12123741415201345
0.12356292644311519
0.1255736752652158
0.12745362795607548
0.1290975169759019
0.1306450550053886
0.13209045501798114
0.13345654566773354
0.13474064780404363
0.13596450960724527
0.13712847878261278
0.13823958916184687
0.13930310946179775
0.1403234539166133
0.14130463591980952
0.1422487411042586
0.1431591496273627
0.14403698033963527
0.1448858082041464
0.14570717995734153
0.1465028945989124
0.14727458428143608
0.14802378561553142
0.14875170204125804
0.14945992768625393
0.1501492989790868
0.15082116916260496
0.151476351932133
0.15211583905516482
0.1527404778088811
0.15335112705373474
0.15394845158565026
0.15453321677750084
0.15510606958473488
0.15566756075317373
0.15621834510424953
0.15675890698827713
0.15728977087188994
0.15781139942833622
0.15832424528666678
0.1588287376194866
0.1593252712577934
0.15981420957220552
0.16029591248537983
0.16077071133617732
0.16123892374596777
0.16170084850255528
0.1621567703550264
0.16260695879672354
0.16305166822888234
0.1634911364958261
0.16392559990859223
0.16435527566834054
0.16478037192619532
0.16520108378933474
0.16561760628877525
0.1660301162993712
0.16643878583914593
0.16684378006748987
0.16724525398540144
0.1676433603049889
0.16803824035076634
0.16843003220475836
0.16881886703089982
0.16920487044254384
0.16958816323809547
0.16996886118650445
0.1703470747192544
0.1707229108316638
0.17109647162959046
0.17146785487751
0.17183715559533996
0.17220446503291267
0.17256986952904482
0.1729334540935745
0.1732952993618952
0.17365548349602572
0.17401408176896915
0.1743711669134181
0.17472680880430486
0.17508107502193243
0.17543403086570916
0.1757857395928113
0.1761362618571626
0.17648565675158673
0.176833981123005
0.17718129022194679
0.17752763743260735
0.1778730743562724
0.178217651055905
0.1785614161239774
0.17890441649743277
0.17924669787410225
0.17958830448200722
0.17992927926274807
0.180269663977383
0.18060949912751847
0.18094882397432085
0.18128767691219955
0.18162609503937907
0.18196411460271877
0.18230177077633697
0.18263909787097427
0.18297612921423198
0.18331289732767433
0.18364943392854835
0.18398576981835438
0.18432193516102685
0.1846579592927433
0.18499387086982233
0.1853296978613477
0.1856654675818294
0.18600120670824305
0.18633694129029918
0.1866726968003697
0.18700849815815082
0.18734436970422755
0.18768033528652434
0.1880164182052374
0.18835264131092921
0.1886890269556188
0.18902559706273872
0.1893623730738456
0.18969937605980228
0.19003662662827334
0.19037414503881145
0.19071195114980588
0.19105006444794867
0.19138850407541833
0.19172728883907314
0.19206643720119554
0.1924059673053068
0.19274589699225977
0.1930862438181809
0.1934270250336167
0.19376825762222047
0.1941099582984983
0.19445214352018705
0.19479482949385193
0.1951380321824792
0.19548176732462272
0.1958260504275398
0.1961708967814294
0.19651632147639483
0.19686233939096745
0.19720896520702794
0.19755621342995353
0.197904098372052
0.19825263417217792
0.19860183480666366
0.19895171407638093
0.1993022856345916
0.19965356297887504
0.20000555945912085
0.20035828827962437
0.20071176251596826
0.20106599510597997
0.20142099886202688
0.20177678647528083
0.20213337051562347
0.20249076344259517
0.202848977601992
0.20320802523653525
0.20356791848934938
0.2039286694017962
0.2042902899242525
0.204652791915245
0.2050161871462985
0.20538048730708364
0.2057457040057011
0.20611184877261712
0.20647893306622955
0.2068469682756991
0.20721596572004272
0.20758593665369976
0.20795689227020034
0.2083288437052205
0.20870180203595112
0.20907577828658108
0.20945078343132073
0.20982682839456376
0.21020392405429292
0.2105820812464464
0.2109613107641688
0.21134162336161358
0.2117230297570092
0.21210554063165266
0.2124891666376874
0.21287391839360528
0.21325980649247644
0.2136468414972062
0.21403503394998713
0.21442439436798943
0.21481493324877612
0.21520666107115474
0.2155995882965019
0.21599372537060132
0.2163890827268753
0.21678567078632513
0.21718349995939493
0.21758258064865302
0.21798292324929947
0.21838453815181416
0.2187874357433567
0.21919162640666534
0.2195971205261258
0.2200039284858909
0.22041206067288246
0.2208215274770719
0.22123233929367786
0.2216445065249044
0.22205803957996384
0.2224729488781922
0.22288924484851924
0.22330693793277231
0.22372603858491452
0.22414655727401364
0.2245685044846179
0.22499189071808576
0.22541672649433056
0.2258430223525068
0.22627078885221638
0.22670003657477625
0.22713077612504493
0.22756301813161803
0.22799677324836046
0.22843205215584222
0.22886886556226393
0.2293072242045865
0.22974713884890105
0.23018862029336065
0.23063167936742462
0.23107632693409105
0.2315225738904546
0.23197043116877572
0.23241990973797574
0.23287102060433065
0.2333237748124797
0.23377818344677667
0.23423425763222916
0.2346920085353627
0.23515144736538948
0.2356125853752246
0.23607543386288019
0.23654000417150248
0.23700630769160855
0.23747435586113957
0.23794416016710224
0.23841573214624623
0.23888908338621445
0.23936422552644687
0.23984117025920818
0.2403199293307967
0.2408005145422468
0.24128293775061022
0.24176721086963415
0.242253345871209
0.2427413547858509
0.2432312497040983
0.2437230427776115
0.24421674621950315
0.2447123723061861
0.24520993337793248
0.24570944183977034
0.24621091016289381
0.24671435088527488
0.24721977661303615
0.24772720002121418
0.24823663385492092
0.24874809093020256
0.2492615841352814
0.24977712643143637
0.25029473085415316
0.2508144105140286
0.2513361785978487
0.2518600483697711
0.2523860331722431
0.25291414642707377
0.253444401636561
0.25397681238439146
0.254511392336967
0.25504815524427327
0.25558711494114567
0.2561282853480941
0.25667168047262706
0.25721731441042817
0.25776520134606673
0.2583153555545455
0.25886779140225324
0.2594225233480239
0.259979565944382
0.26053893383866145
0.2611006417741323
0.26166470459118746
0.2622311372285237
0.2627999547242823
0.2633711722172665
0.263944804948202
0.2645208682608281
0.26509937760305524
0.26568034852850175
0.26626379669741307
0.26684973787800625
0.2674381879478104
0.268029162894856
0.26862267881891055
0.269218751932849
0.26981739856392595
0.2704186351550973
0.2710224782663498
0.27162894457598086
0.27223805088202585
0.27284981410361114
0.27346425128213636
0.27408137958302603
0.27470121629681854
0.27532377884064496
0.27594908475980906
0.27657715172902053
0.2772079975539777
0.27784164017278745
0.2784780976574685
0.279117388215432
0.27975953019106375
0.2804045420670754
0.28105244246628835
0.28170325015301795
0.28235698403474324
0.28301366316364074
0.2836733067381986
0.284335934104946
0.28500156475991617
0.2856702183505442
0.286341914677081
0.28701667369451106
0.2876945155141852
0.28837546040553724
0.28905952879786934
0.2897467412821568
0.29043711861276145
0.2911306817093551
0.29182745165858437
0.2925274497162471
0.2932306973087847
0.293937216035418
0.2946470276700531
0.29536015416315736
0.2960766176437651
0.29679644042147313
0.2975196449884415
0.29824625402141464
0.298976290383858