-2.8541959032373512e-8
-3.0079098330999815e-8
-3.168443330867632e-8
-3.336040891593483e-8
-3.510954111359196e-8
-3.693441867070138e-8
-3.883770500683998e-8
-4.082214009174518e-8
-4.2890542382175234e-8
-4.504581082028221e-8
-4.729092688018259e-8
-4.9628956663676234e-8
-5.2063053063228324e-8
-5.459645797203245e-8
-5.7232504562947653e-8
-5.997461960789448e-8
-6.282632589402414e-8
-6.579124466487713e-8
-6.887309816218159e-8
-7.207571221417858e-8
-7.540301890107157e-8
-7.885905929084755e-8
-8.244798626519371e-8
-8.617406738730969e-8
-9.004168788979179e-8
-9.405535371772972e-8
-9.821969465264265e-8
-1.0253946755263394e-7
-1.0701955964797077e-7
-1.1166499194892452e-7
-1.1648092273888872e-7
-1.2147265117099737e-7
-1.2664562096376307e-7
-1.320054241933527e-7
-1.3755780520851153e-7
-1.4330866463410575e-7
-1.4926406351891342e-7
-1.5543022755979636e-7
-1.618135514863125e-7
-1.6842060354846303e-7
-1.7525813012269165e-7
-1.8233306049729315e-7
-1.896525117299023e-7
-1.9722379369484626e-7
-2.0505441426624728e-7
-2.1315208462408222e-7
-2.2152472475377094e-7
-2.3018046909456156e-7
-2.3912767232461577e-7
-2.483749153520534e-7
-2.5793101148500005e-7
-2.6780501273428145e-7
-2.7800621637281946e-7
-2.88544171617494e-7
-2.9942868659050857e-7
-3.106698354001198e-7
-3.222779655196021e-7
-3.342637053135516e-7
-3.466379718441436e-7
-3.5941197890296676e-7
-3.725972452521583e-7
-3.8620560315861327e-7
-4.0024920718201953e-7
-4.1474054321275184e-7
-4.2969243778588546e-7
-4.4511806773255717e-7
-4.6103097002906235e-7
-4.774450521040539e-7
-4.943746022892093e-7
-5.11834300735504e-7
-5.29839230605732e-7
-5.484048896568468e-7
-5.675472020845156e-7
-5.87282530971133e-7
-6.076276908159701e-7
-6.285999607355379e-7
-6.502170979529373e-7
-6.724973517370296e-7
-6.954594778076766e-7
-7.191227531935231e-7
-7.435069915905921e-7
-7.686325592057441e-7
-7.945203910838048e-7
-8.211920080335986e-7
-8.4866953406941e-7
-8.769757144770777e-7
-9.061339343767255e-7
-9.361682379797678e-7
-9.671033485239918e-7
-9.989646887522103e-7
-1.0317784022093e-6
-1.0655713751812177e-6
-1.100371259376715e-6
-1.1362064953736362e-6
-1.1731063369790493e-6
-1.2111008762610076e-6
-1.2502210695221848e-6
-1.2904987640805312e-6
-1.3319667262637395e-6
-1.3746586699828556e-6
-1.4186092864041796e-6
-1.4638542751177307e-6
-1.5104303755462362e-6
-1.558375400333438e-6
-1.6077282691851672e-6
-1.658529044683422e-6
-1.7108189684805353e-6
-1.7646404994160495e-6
-1.8200373532293522e-6
-1.8770545425741997e-6
-1.9357384201011645e-6
-1.9961367214266593e-6
-2.0582986111224594e-6
-2.1222747293714884e-6
-2.1881172410377303e-6
-2.2558798861081517e-6
-2.3256180319287107e-6
-2.397388728177365e-6
-2.4712507631898275e-6
-2.547264721974859e-6
-2.6254930478611593e-6
-2.70600010507342e-6
-2.7888522446695826e-6
-2.8741178724829585e-6
-2.961867519680818e-6
-3.0521739163121825e-6
-3.1451120676085906e-6
-3.240759333509543e-6
-3.339195510281653e-6
-3.440502917349966e-6
-3.5447664851936828e-6
-3.6520738486878222e-6
-3.762515443167128e-6
-3.876184603913848e-6
-3.993177672038244e-6
-4.1135941012970955e-6
-4.23753657144051e-6
-4.3651111064805305e-6
-4.496427195406181e-6
-4.631597921353376e-6
-4.770740092971765e-6
-4.913974383495664e-6
-5.0614254738686525e-6
-5.213222205263009e-6
-5.369497731596399e-6
-5.530389685830626e-6
-5.696040350452245e-6
-5.86659683244652e-6
-6.042211249845171e-6
-6.223040926841024e-6
-6.409248591710999e-6
-6.601002591308763e-6
-6.798477109933612e-6
-7.001852395284378e-6
-7.211315006606513e-6
-7.427058056877854e-6
-7.64928148065797e-6
-7.87819230637061e-6
-8.114004943110715e-6
-8.35694148487899e-6
-8.60723201104574e-6
-8.865114937217752e-6
-9.130837332288711e-6
-9.404655301538046e-6
-9.686834354161153e-6
-9.977649788349078e-6
-0.000010277387134167891
-0.00001058634255378816
-0.000010904823314460345
-0.000011233148269595627
-0.00001157164834942732
-0.000011920667085914942
-0.000012280561180012146
-0.000012651701054938647
-0.000013034471498291378
-0.000013429272268712804
-0.000013836518800104455
-0.000014256642851817298
-0.000014690093353026227
-0.000015137337036141477
-0.000015598859430373627
-0.00001607516560640676
-0.00001656678112051064
-0.000017074252981446236
-0.000017598150659815264
-0.000018139067183963606
-0.000018697620221865698
-0.00001927445323655335
-0.000019870236918207716
-0.000020485670240262255
-0.00002112148211244412
-0.00002177843261529671
-0.000022457314786330508
-0.000023158956186635154
-0.000023884220528583574
-0.000024634009729369296
-0.00002540926575117815
-0.000026210972607384508
-0.00002704015868324365
-0.000027897899154099793
-0.000028785317982013485
-0.000029703591383847173
-0.00003065394953949051
-0.00003163768055299953
-0.00003265613280861376
-0.000033710718974443824
-0.00003480291875487896
-0.00003593428374302425
-0.000037106440287111105
-0.00003832109472961137
-0.00003958003701650797
-0.00004088514698188897
-0.00004223839734231442
-0.00004364186179080526
-0.00004509771914546022
-0.0000466082600769887
-0.00004817589420401454
-0.000049803157601636464
-0.000051492718636001565
-0.000053247389443085074
-0.00005507013215011168
-0.00005696406930800037
-0.000058932495227080065
-0.000060978883511770226
-0.00006310690459249342
-0.00006532043325264424
-0.00006762356482273131
-0.00007002062908504633
-0.00007251620505005806
-0.00007511514508229992
-0.00007782258092756509
-0.00008064395397010116
-0.00008358503513195798
-0.00008665194450154195
-0.00008985117910856209
-0.00009318964431512905
-0.00009667467120205875
-0.00010031406705522982
-0.00010411613209226813
-0.00010808971806179269
-0.00011224424813777443
-0.0001165897795023499
-0.00012113704740091833
-0.00012589750307339233
-0.00013088342386599616
-0.0001361078939267718
-0.00014158497850241103
-0.00014732970165150813
-0.0001533582282149418
-0.00015968783699900758
-0.00016633716997469544
-0.0001733262487666063
-0.00018067660128336612
-0.00018841147021208456
-0.00019655589830673057
-0.00020513691095111898
-0.0002141838639940954
-0.00022372824574801723
-0.00023380429495122084
-0.00024444940902896943
-0.00025570380794637894
-0.00026761157214410906
-0.0002802200883497897
-0.0002935822922223767
-0.00030775447387115513
-0.00032279864821904854
-0.00033878351687860984
-0.0003557835202387925
-0.0003738805987623268
-0.000393165474073505
-0.00041373652773282304
-0.0004357055823503558
-0.00045919214052011565
-0.0004843313164895005
-0.0005112745180046662
-0.0005401809414383145
-0.0005712404879100137
-0.0006046651190268412
-0.0006406812259811252
-0.0006795388260108276
-0.0007215473477722056
-0.0007670168193740159
-0.0008163352363019052
-0.0008699028735744719
-0.0009282538658195477
-0.0009918435409173975
-0.001061338820297563
-0.0011373944508696531
-0.0012209061073445984
-0.0013127865931851568
-0.0014139867434125497
-0.0015257165278244884
-0.001649482418966914
-0.001786927436046956
-0.001939036926434626
-0.002108380045941433
-0.002297358568358191
-0.002507557464427707
-0.0027397409686646763
-0.0029955158944944887
-0.003280424981006855
-0.003566553867363001
-0.003883509301194116
-0.004160205623252686
-0.004349052157192207
-0.004368546878876386
-0.004008322786886407
-0.0027493364238182043
0.0004250518456551206
0.007069266007105369
0.021500650938256725
0.05093580390655207
0.13416092987967787
0.3060000440254298
0.740482464104757
1.8302819114635394
5.232556050617912
15.134227187834982
49.391744672148036
156.8408355539337
413.2561666193235
-1615.0273204489783
-21288.234367110657
-53460.624791459224
511163.74617822893
3.0518010100915427e6
1.5811681855505645e7
-1.5921699144981712e8
-2.4796526167388912e7
866443.3422872525
72586.32999036221
1034.2613492830978
-708.4314437540575
-251.22356149587685
-74.12466529539165
-24.878384506464627
-8.783119487144397
-3.152641362614325
-1.214467573575904
-0.5559279389292415
-0.26272798924950524
-0.11997018951852363
-0.06714781530732394
-0.034999765996437414
-0.021588070413206827
-0.013885616493415933
-0.009532225254885512
-0.006735751874375429
-0.005357027431530028
-0.00447573247374418
-0.0038169946387033296
-0.0033866063029954914
-0.003022692284252715
-0.0027968736370767217
-0.0025993895873570702
-0.0024380065876516656
-0.002297656460621334
-0.0021798290169388924
-0.002073191108643268
-0.001978556519449599
-0.0018931375221192784
-0.001815124416823995
-0.0017433887018687732
-0.0016767465451911633
-0.0016149858107040122
-0.001557336299793816
-0.0015038797237268708
-0.001453638644192397
-0.0014064717901448333
-0.0013621200824060784
-0.0013203552303659447
-0.0012809349296723166
-0.0012437383389559827
-0.0012084756301563569
-0.0011751273485203096
-0.0011434525047865584
-0.0011133998295293295
-0.0010848356820234947
-0.0010576633543969071
-0.0010317727708819334
-0.0010071102910048468
-0.0009835745691544164
-0.0009610993408576278
-0.000939636613146957
-0.0009191021604892693
-0.0008994567044267468
-0.0008806420952500411
-0.0008626152889882339
-0.0008453297580802291
-0.0008287419710957316
-0.0008128144316349003
-0.0007975151918694199
-0.0007828085050190027
-0.0007686647196676462
-0.0007550545182579074
-0.0007419506334372523
-0.0007293279577791639
-0.000717162406956623
-0.0007054319816229056
-0.000694116931827278
-0.0006831962795013212
-0.0006726520040219432
-0.0006624667733927075
-0.0006526251826931506
-0.0006431103821633867
-0.0006339086294155353
-0.0006250063381399195
-0.000616390335216315
-0.0006080487583198538
-0.0005999694944839972
-0.0005921420636144112
-0.0005845558623869011
-0.0005772011467529617
-0.0005700686443484796
-0.0005631495022621305
-0.0005564352733265902
-0.0005499181257732166
-0.0005435903801018426
-0.0005374448629781978
-0.0005314748403698768
-0.0005256736675457816
-0.0005200350764016495
-0.0005145533450016806
-0.0005092226765151995
-0.0005040377579136921
-0.0004989934579328084
-0.000494084862078447
-0.0004893072725717675
-0.0004846562315744168
-0.00048012747922126245
-0.0004757169104640215
-0.0004714205783415311
-0.00046723478874215386
-0.0004631559215002946
-0.0004591805578423579
-0.00045530539012746894
-0.0004515272543852642
-0.0004478431362894553
-0.0004442501319495084
-0.000440745435544792
-0.00043732638871185576
-0.00043399040416679214
-0.00043073501556623793
-0.00042755785025970565
-0.00042445661611475923
-0.00042142911750021195
-0.00041847325784278466
-0.00041558698201915714
-0.0004127683473743725
-0.00041001546054705563
-0.0004073265094433952
-0.00040469973965235446
-0.00040213347060334155
-0.00039962607536496756
-0.00039717597890903087
-0.0003947816801027275
-0.00039244171057375163
-0.00039015466696368516
-0.00038791918841211514
-0.00038573396229726366
-0.0003835977193468916
-0.0003815092341677078
-0.0003794673242716052
-0.0003774708453654103
-0.0003755186888711418
-0.00037360978717611537
-0.000371743103298312
-0.000369917638798978
-0.000368132422956641
-0.0003663865185480093
-0.0003646790156079635
-0.0003630090385937777
-0.00036137573221149504
-0.0003597782754423771
-0.00035821586644149955
-0.00035668773133216975
-0.00035519312010068803
-0.00035373130486486337
-0.00035230157865234383
-0.0003509032578049524
-0.0003495356791210025
-0.00034819819883856327
-0.0003468901906601749
-0.0003456110486832008
-0.00034436018410023895
-0.00034313702533648034
-0.0003419410171634594
-0.0003407716206262635
-0.0003396283125396138
-0.00033851058396979373
-0.00033741794078887217
-0.00033634990326101265
-0.0003353060038937594
-0.0003342857893416504
-0.00033328881925860496
-0.00033231466381563864
-0.0003313629065923654
-0.0003304331421305776
-0.0003295249754219981
-0.0003286380234505462
-0.0003277719124925011
-0.00032692627917878757
-0.0003261007699406685
-0.00032529504118789985
-0.00032450875745961645
-0.00032374159297809306
-0.00032299323021071344
-0.0003222633599270347
-0.00032155168139445095
-0.0003208579011680947
-0.0003201817340239282
-0.0003195229019141927
-0.00031888113354862986
-0.0003182561652438399
-0.0003176477396829912
-0.00031705560627690065
-0.0003164795208724647
-0.0003159192453125298
-0.00031537454769779754
-0.0003148452020359084
-0.0003143309878866451
-0.00031383169019795937
-0.0003133470995669623
-0.00031287701187083725
-0.00031242122796316463
-0.0003119795535228112
-0.00031155179933273165
-0.0003111377807614456
-0.0003107373176399459
-0.00031035023444022183
-0.0003099763599199705
-0.0003096155269483798
-0.00030926757259441075
-0.0003089323380286628
-0.00030860966813255525
-0.0003082994118695641
-0.0003080014215873601
-0.0003077155535187441
-0.0003074416671953128
-0.00030717962590292474
-0.00030692929597176424
-0.00030669054721504734
-0.0003064632525421571
-0.000306247287994493
-0.0003060425326920764
-0.000305848868756107
-0.00030566618111509196
-0.00030549435757002173
-0.0003053332887614742
-0.00030518286793523836
-0.00030504299108317527
-0.0003049135566738722
-0.0003047944656961521
-0.00030468562179765006
-0.00030458693082573233
-0.0003044983010975073
-0.00030441964315931617
-0.0003043508698988549
-0.0003042918963934276
-0.0003042426398239644
-0.0003042030195778881
-0.00030417295703532644
-0.00030415237567836285
-0.0003041412008802958
-0.00030413936006946874
-0.00030414678250241826
-0.0003041633993316742
-0.00030418914354973564
-0.00030422394991131514
-0.0003042677549425923
-0.00030432049691527245
-0.000304382115788783
-0.00030445255315284913
-0.0003045317522393653
-0.00030461965789758006
-0.0003047162165177858
-0.000304821376022395
-0.00030493508585435763
-0.00030505729698743054
-0.0003051879617715567
-0.00030532703404348395
-0.00030547446901582387
-0.00030563022329728755
-0.000305794254866336
-0.000305966523013829
-0.00030614698835447756
-0.00030633561280175
-0.0003065323595335706
-0.0003067371929685491
-0.0003069500787698753
-0.0003071709838149257
-0.0003073998761711188
-0.00030763672504844107
-0.000307881500877352
-0.00030813417517074954
-0.0003083947206005108
-0.0003086631109252763
-0.0003089393210012974
-0.0003092233267632125
-0.00030951510520684357
-0.00030981463438823124
-0.00031012189336652833
-0.0003104368622521428
-0.0003107595221374609
-0.00031108985513296337
-0.000311427844304822
-0.00031177347372081203
-0.0003121267283858471
-0.00031248759424380983
-0.00031285605820761573
-0.00031323210809073296
-0.00031361573262108397
-0.0003140069214544975
-0.00031440566512454856
-0.0003148119550632145
-0.00031522578357404834
-0.00031564714383420925
-0.00031607602987931375
-0.0003165124366088307
-0.0003169563597592193
-0.0003174077959103457
-0.00031786674246950106
-0.00031833319767231376
-0.0003188071605783782
-0.0003192886310503374
-0.0003197776097584761
-0.0003202740981758501
-0.00032077809856568114
-0.00032128961398837814
-0.00032180864828059585
-0.00032233520606181516
-0.00032286929271909326
-0.00032341091442031084
-0.0003239600780954999
-0.0003245167914232008
-0.00032508106286081964
-0.00032565290160728943
-0.0003262323176110582
-0.0003268193215733506
-0.00032741392493880256
-0.00032801613989018503
-0.00032862597935320284
-0.00032924345698824955
-0.00032986858719119663
-0.0003305013850891783
-0.00033114186654056757
-0.0003317900481296529
-0.00033244594716645394
-0.0003331095817011288
-0.0003337809704892504
-0.00033446013301894104
-0.0003351470895040337
-0.00033584186087410353
-0.00033654446878308183
-0.00033725493560657707
-0.000337973284444591
-0.0003386995391146592
-0.0003394337241565012
-0.000340175864829948
-0.00034092598712023224
-0.00034168411773337267
-0.0003424502840960624
-0.00034322451437276416
-0.0003440068374384323
-0.00034479728290042865
-0.00034559588110197033
-0.00034640266310419264
-0.0003472176607094213
-0.0003480409064510745
-0.000348872433598523
-0.0003497122761597177
-0.00035056046888340896
-0.0003514170472571994
-0.00035228204752512564
-0.0003531555066691663
-0.0003540374624283566
-0.0003549279532946995
-0.0003558270185179516
-0.0003567346981139876
-0.0003576510328562338
-0.0003585760642960965
-0.0003595098347464745
-0.00036045238730963357
-0.00036140376586110587
-0.00036236401506330857
-0.00036333318037004016
-0.000364311308030329
-0.00036529844508918313
-0.00036629463940122486
-0.00036729993962602724
-0.00036831439524672783
-0.0003693380565522039
-0.0003703709746709363
-0.0003714132015604229
-0.00037246479001227953
-0.00037352579366511636
-0.0003745962670086948
-0.00037567626538849517
-0.00037676584501291976
-0.00037786506296342415
-0.0003789739771941902