0.14471791108278287
0.14476710275775506
0.14487958286393968
0.1449377158409289
0.14517270906287272
0.1449113585699455
0.14500994984039117
0.14498636314961033
0.14488391435036654
0.14526275165199964
0.14569623426319442
0.145401334760031
0.14399967356084142
0.14529842309258087
0.14555848195577561
0.14546102903739785
0.14533674447361977
0.1454086018028856
0.1455564874333589
0.1455503869690762
0.14568572671893887
0.14592034969462467
0.1452941630728374
0.14599417087838004
0.14575627136358896
0.1459879343343306
0.14584596357509513
0.1454737635691772
0.14623970441418196
0.14598438710161687
0.14593274471454917
0.14625498092743972
0.1461813068626057
0.14620998665988344
0.14618020903569423
0.1463467153126388
0.1461074791247135
0.14603355634999549
0.146617030238645
0.14620346496391015
0.14686517112456593
0.14717612914560368
0.14763584395620627
0.1472154567069724
0.14704290211045545
0.14686883107989482
0.14694577764320588
0.14700157331923866
0.14695815286136146
0.14708346383591478
0.14709590451532595
0.14709495468223358
0.14705739354727984
0.1472933036098307
0.1473344082578676
0.1474033318714784
0.14749035826598075
0.14756547528013672
0.1469851435597122
0.1472064791316093
0.1472652079643454
0.14788105528380646
0.1479193212736779
0.14791683546355275
0.14817348156256585
0.14812907418777155
0.14814610616034798
0.1481240265638239
0.1481753503272651
0.14828862637988377
0.1481027794584188
0.14861776155211506
0.14843247891898587
0.14848525993727313
0.1486175557420563
0.14883718826526934
0.14876702253843907
0.14887852484878006
0.14901058869538691
0.14901872624028406
0.14909836354627015
0.14918232049963334
0.14926259308891215
0.14933894949716114
0.14942252305732615
0.14949188210568598
0.149566740224238
0.1497230603926454
0.14965971508764614
0.14977157164229915
0.14984467406766844
0.14948692331166957
0.14941604442267148
0.15004693387855372
0.15016541390684632
0.15003294606047463
0.15022532934856805
0.1503112209557193
0.1504863222741037
0.15058438689834477
0.1506997518133334
0.15081272062729945
0.1508973404015554
0.1511267861330765
0.15130183072984413
0.15122601899785645
0.15126976350511856
0.1513791574217776
0.15150973211351768
0.15150678597474151
0.15162469667624492
0.15167061657171899
0.15220728479120704
0.15186229531547513
0.15184996744923612
0.1521176692698732
0.1522312528388951
0.15227678925853735
0.15251476098896305
0.15255589288202515
0.15270360130170835
0.15288036724416088
0.1529039242844899
0.1530925523864247
0.1529425333819443
0.15304151790434573
0.15312855393260041
0.15335048726735165
0.15341835033059173
0.15347125355523886
0.1535892332209493
0.15364407058024632
0.15374449624884007
0.15383658464747482
0.15384507541996684
0.153845683784031
0.15408669548883056
0.15417500104048992
0.15463039139020113
0.15462349071977288
0.15476239285628357
0.15487054342107628
0.15512414963403492
0.15533793639297144
0.15529400806244767
0.15520481799153316
0.15537661092998212
0.15538820584404844
0.15566745380932095
0.15576775095786027
0.15576175540125942
0.1558410708870726
0.15595531424244008
0.1560959201336741
0.15590488565320507
0.15631495094113348
0.15646617369237928
0.15665508028896408
0.1566877420315185
0.1568485370733838
0.15688235449719892
0.15720994093651144
0.15740817905734428
0.15746805197590188
0.15757910052059018
0.15773966318914437
0.15780291760306778
0.15792145940194988
0.15802872295157522
0.15819378939863118
0.15827303458432984
0.15829681163315562
0.15859119719571257
0.15895624227084804
0.15893692659220188
0.15889453545193094
0.15933873302432577
0.15946967421337768
0.15974572756082608
0.15989361148498238
0.16005074224030824
0.16026573441192576
0.16047574382257931
0.16069421020654953
0.1608925449356233
0.1611106509407636
0.1613267137728034
0.16150939694180902
0.16092159049491164
0.16115588256915944
0.16076544954294175
0.1615887907536316
0.16180364744873552
0.16193160722043914
0.16220549084859137
0.16255370429486302
0.16283676845725958
0.16297212828447552
0.16323495452974404
0.1634864142199405
0.16370972666422695
0.16400299672299862
0.16445871151424363
0.16449349406953429
0.16464912314198427
0.16493934650970182
0.16519129402828045
0.1653105469282017
0.16546112027985926
0.16565918775947905
0.16568643882400122
0.16593114679087306
0.16610916741005854
0.16626674169744998
0.16663302757175807
0.16697737248547845
0.1672990392468613
0.16760579532883688
0.1678316909877471
0.16814999236021394
0.16838732479181956
0.1686376279214876
0.16884394716133602
0.16901862063649856
0.1692046157518485
0.16937933075536968
0.16958362370943109
0.1697214619310037
0.16997134089903038
0.17000298054808272
0.17011734925873284
0.1703212917553844
0.17045673682449183
0.17058081959162735
0.17071647619399505
0.17087286537048574
0.17104830820431471
0.17123396291558818
0.1743689088993282
0.1745288588322685
0.17468078937209397
0.17476008856109557
0.1748399780654205
0.1749021464305876
0.17502039937080924
0.17502743914554303
0.1752269541967166
0.17538548277385546
0.17554051803328316
0.17571528357091762
0.17591918874488632
0.1761543165313504
0.17643919805206615
0.17676121753871127
0.17711053799466922
0.17756477550128805
0.1780419443305434
0.1786237082873365
0.1792068579114791
0.17999392051596702
0.1804392206550385
0.18165064946972082
0.18254232389351965
0.18180954917109124
0.18181654408624345
0.181911209150667
0.18215328026172903
0.18241511744508784
0.1828178533821656
0.18330621587255364
0.18389008340305082
0.1845937408842256
0.18537998707856274
0.18647393150174338
0.18758610711605306
0.18882518065277734
0.19013522338414116
0.1915720183675791
0.19305793039489186
0.19465383375061848
0.1963733034526535
0.1981733763425209
0.20004388888826632
0.20197695620011522
0.20396464198764355
0.20598633109757086
0.2079482645963589
0.2098734063614009
0.18842927576664537
0.19158665632234367
0.1952783376929007
0.19930882741783607
0.20364508672474688
0.20824725666590993
0.2129644948160329
0.21785120034733785
0.22277360365479718
0.22782281561635268
0.2331604034424073
0.2385445816175446
0.24409431739482967
0.24966734464755494
0.25532997490356046
0.26097731100195504
0.26669869434289306
0.2724350055662115
0.27843494273698316
0.2843325324501299
0.2908195781181389
0.2970970171198039
0.30396085200197087
0.31107973416139895
0.31894237617482823
0.311729851320801
0.2965503927758827
0.2817981280189795
0.2670489732149004
0.2519302401666162
0.2357885413420935
0.21868006360835598
0.2006244793407264
0.18055345103366469
0.15842064095959646
0.13490933477342437
0.11061651477114993
0.08471763578581881
0.05880198364061024
0.03269281301155202
0.007265548754748931
-0.018072232758802362
-0.04247937743024995
-0.06522509273604908
-0.08534691040402649
-0.10161586284926442
-0.11229606359595425
-0.11570393627189117
-0.11074119112659594
-0.09660909469683944
0.11512728869713185
0.11487093990984971
0.11440062390029777
0.11392721801499232
0.1134376133858949
0.113048637630605
0.11284421326552557
0.11282283763471096
0.11299617918592902
0.11331007313766742
0.11395981223234092
0.11475732065271801
0.11575119390085195
0.11697567400586714
0.11837159496887766
0.11995069141937484
0.12173253396470635
0.12383661717912677
0.12601266019076862
0.12823150061770847
0.1308374512826291
0.13333805527790923
0.13600860731437298
0.13891125379575528
0.14180384881314373
0.13931359239750418
0.13961239643587517
0.14012978905554532
0.14068674965540076
0.1413872357742266
0.14215651495671233
0.14300389641606293
0.1440279282906422
0.14494043801002987
0.14598651308555413
0.14706671077769246
0.1481949019109155
0.14936878195201006
0.1505198732978731
0.15163600130354954
0.152745717525103
0.15387725787066964
0.15496155661407307
0.15602792197590734
0.15706175364818298
0.1579657066120239
0.15889725246544725
0.1597115646909034
0.16045018893332932
0.16113168515982734
0.15623413310034512
0.1570579430923673
0.1580887352117062
0.15882788375415108
0.15966087126489442
0.16030185661726118
0.161064125940368
0.16174997739397617
0.16251124067177117
0.16317814136979986
0.16379513612538218
0.16438319190712442
0.1649335971402769
0.16543036648963477
0.1658756762357701
0.1663963868011304
0.16678060009377718
0.16706220174366862
0.1673796286069989
0.16781248248309014
0.16789346632973642
0.16811913399455838
0.16832177675298413
0.16843007507324376
0.16854998080162026
0.1695590935452819
0.17006060522232586
0.170530573112059
0.1709542773931353
0.17135632646580243
0.17175108102401737
0.17210279362606595
0.17243073658710806
0.1727746149841708
0.1730531889106665
0.17336290281552427
0.1736478700234769
0.173891199136141
0.17418819128074675
0.1745366921381082
0.1747194201099692
0.1749665369657652
0.1752109848672714
0.17547032692456485
0.17572978412841211
0.17597896865273085
0.17626887024392035
0.17655441082957857
0.17686926738041298
0.17724839606269943
0.17871134754345414
0.17896549594854347
0.17923133014668832
0.17957053532863654
0.1796870920214549
0.1800135615472785
0.18030048036642488
0.1805583944812856
0.18089922713221473
0.18125099521513585
0.18148740090089027
0.18182392629164745
0.18207016010302488
0.1824007694357031
0.1827176434636635
0.18307981993022077
0.1834669411628922
0.18371502308670537
0.18411242438414113
0.1843948998285609
0.18473275829461464
0.18520293895056164
0.18556859763906197
0.18589399133848808
0.18631586420270194
0.18670941822163084
0.18701546778364744
0.18728012371549893
0.18761994096106308
0.18795474345750116
0.18827596524295226
0.188562570875903
0.18899585743396446
0.18922225072001628
0.1896258996781134
0.1900027823520298
0.1903093666767434
0.19059620858008572
0.19099957915128327
0.19126297847209797
0.19170096189913222
0.19195720077021342
0.19237025651412368
0.19266983649083683
0.1930585634591203
0.19341414505459215
0.19376881507079938
0.19411221862716896
0.19452735115193068
0.1948797888787892
0.1950762434803813
0.1954217153118099
0.19576389887247098
0.1960508872467782
0.196451085203643
0.19681301145471997
0.19726145344907414
0.19746009142673332
0.19781539042350219
0.19813850084107926
0.19848820245539112
0.1988457553297718
0.19920799765904912
0.1995420011131081
0.19991324833715768
0.2002450545605585
0.2006411884229784
0.20104442912788187
0.2014348846244007
0.20164487440052922
0.20210609747523473
0.20251346666962527
0.2031314482890269
0.20330712328185666
0.2038933200210137
0.20361020298015045
0.20404458726273644
0.20439708048541072
0.20477780572243778
0.2051402946879999
0.20551762095957618
0.2059135861755321
0.20630795782946448
0.20672058447839844
0.2070863310891222
0.20742066678631146
0.20790959855337318
0.20825276804972828
0.20868986178167873
0.20915047634924333
0.20954138947028433
0.20995287998005965
0.21035989454128357
0.21075249800211335
0.21119094650951536
0.21162115550800636
0.2120269821018404
0.21239004176439572
0.21277158609911073
0.21319770454969003
0.21293691679496138
0.21346975026653137
0.21394998490851078
0.21437717472860263
0.21485857278815546
0.2152988664032009
0.21575667916024754
0.21613091116890282
0.2166235628576979
0.2170231794044787
0.2174572464122805
0.21787315950831868
0.21827403078049734
0.21866566863801332
0.21904314433453467
0.21941369503419672
0.21980496450456896
0.22016275324750878
0.2205374246187858
0.22088878182475843
0.22122728154575655
0.22157423925118439
0.22193968463175537
0.2222412733224132
0.2225639914742105
0.22375580699536418
0.22415416972898294
0.22458296575896927
0.22501439031770104
0.22541686646180026
0.22579765198991736
0.22619698127546267
0.22657226036575936
0.22694382036512323
0.2273390947419033
0.2277104735484998
0.22806415582221248
0.2283978198427163
0.22877973849526492
0.22915714586516345
0.22955116398101152
0.2299159712343166
0.23028200211571376
0.23067718487854832
0.23107950938446412
0.2315043893773193
0.23192429950372537
0.2323840139627149
0.23283303185578785
0.23330727570417856
0.2346559387650828
0.2350043952598618
0.235019017049851
0.23565541473610654
0.23605417765441408
0.23640860882144962
0.23675651453330618
0.23720882326016945
0.23758674455622278
0.23802758198953095
0.23846584725818792
0.23891154813053878
0.23938196982713525
0.23986954080741305
0.2403649431528071
0.24087767175772226
0.2414068928915911
0.24193839569749936
0.24249598818691218
0.24312326183400423
0.24368291156006033
0.2442519326374112
0.2449101509622801
0.2455109082235663
0.24614860557165047
0.24557309107791211
0.24603464250728296
0.24655554154225384
0.2470612034194697
0.247601215601725
0.24815090241275176
0.2486957896976346
0.24929912548175875
0.2497986984587168
0.2504678386086739
0.25102994397379386
0.2516849810686132
0.2522557040357339
0.2529901137156688
0.25368160207649476
0.25424038110679587
0.2548837211976804
0.25549583537082105
0.2561193477854632
0.25672914251655243
0.2573423111157592
0.2579197782256908
0.2584613874447782
0.2590361263972314
0.25953781124684444
0.25878553275584926
0.25952882031619523
0.26026164032087895
0.26093829109348615
0.2616558089135015
0.26236103914618053
0.2631168090999663
0.2637435151440373
0.2644332487471995
0.2650553853571159
0.2656842895624597
0.2663035979674167
0.26700310251089726
0.26753371802524933
0.26809529360900225
0.2685947172397068
0.2691617273255849
0.2696914489972218
0.2701324638561027
0.2706345124081895
0.27107805710882166
0.27154531641717605
0.27198329578750735
0.2723971400631451
0.27257681172943987
0.27497614995229214
0.2758900595784814
0.2764322450327603
0.2768425563826499
0.2774992888831335
0.2780560886770754
0.2785779094568131
0.27915173695996787
0.27969840647429167
0.28012267589082424
0.2807024779139066
0.28106088242184873
0.28173529603907416
0.2822127350266121
0.282598178204733
0.2831461225251574
0.28378816342482693
0.2843198122053794
0.28477657808476087
0.2854284579435346
0.28603464364841097
0.28669419005822744
0.28733950973140426
0.2880387353469661
0.28877340452932004
0.29128483351550744
0.29175141923013254
0.29218857164409295
0.2927549601613238
0.2932425732596014
0.2937206580996093
0.2942310811193109
0.2948229527666059
0.2953872473932501
0.2960683769565651
0.2967226767904833
0.297383434072198
0.29809044403445156