0.01
0.11
0.21000000000000002
0.31000000000000005
0.41000000000000003
0.51
0.6100000000000001
0.7100000000000001
0.81
0.91
1.01
1.11
1.2100000000000002
1.31
1.4100000000000001
1.51
1.61
1.7100000000000002
1.81
1.9100000000000001
2.01
2.11
2.21
2.31
2.41
2.51
2.61
2.71
2.81
2.91
3.01
3.11
3.21
3.31
3.41
3.51
3.61
3.71
3.81
3.91
4.01
4.11
4.21
4.31
4.41
4.51
4.61
4.71
4.8100000000000005
4.91
5.01
5.11
5.21
5.3100000000000005
5.41
5.51
5.61
5.71
5.8100000000000005
5.91
6.01
6.11
6.21
6.3100000000000005
6.41
6.51
6.61
6.71
6.8100000000000005
6.91
7.01
7.11
7.21
7.3100000000000005
7.41
7.51
7.61
7.71
7.8100000000000005
7.91
8.01
8.11
8.21
8.31
8.41
8.51
8.61
8.71
8.81
8.91
9.01
9.11
9.21
9.31
9.41
9.51
9.610000000000001
9.71
9.81
9.91
10.01
10.110000000000001
10.21
10.31
10.41
10.51
10.610000000000001
10.71
10.81
10.91
11.01
11.110000000000001
11.21
11.31
11.41
11.51
11.610000000000001
11.71
11.81
11.91
12.01
12.110000000000001
12.21
12.31
12.41
12.51
12.610000000000001
12.71
12.81
12.91
13.01
13.110000000000001
13.21
13.31
13.41
13.51
13.610000000000001
13.71
13.81
13.91
14.01
14.110000000000001
14.21
14.31
14.41
14.51
14.610000000000001
14.71
14.81
14.91
15.01
15.110000000000001
15.21
15.31
15.41
15.51
15.610000000000001
15.71
15.81
15.91
16.01
16.110000000000003
16.21
16.310000000000002
16.410000000000004
16.51
16.610000000000003
16.71
16.810000000000002
16.910000000000004
17.01
17.110000000000003
17.21
17.310000000000002
17.410000000000004
17.51
17.610000000000003
17.71
17.810000000000002
17.910000000000004
18.01
18.110000000000003
18.21
18.310000000000002
18.410000000000004
18.51
18.610000000000003
18.71
18.810000000000002
18.910000000000004
19.01
19.110000000000003
19.210000000000004
19.310000000000002
19.410000000000004
19.51
19.610000000000003
19.710000000000004
19.810000000000002
19.910000000000004
20.01
20.110000000000003
20.210000000000004
20.310000000000002
20.410000000000004
20.51
20.610000000000003
20.710000000000004
20.810000000000002
20.910000000000004
21.01
21.110000000000003
21.210000000000004
21.310000000000002
21.410000000000004
21.51
21.610000000000003
21.710000000000004
21.810000000000002
21.910000000000004
22.01
22.110000000000003
22.210000000000004
22.310000000000002
22.410000000000004
22.51
22.610000000000003
22.710000000000004
22.810000000000002
22.910000000000004
23.01
23.110000000000003
23.210000000000004
23.310000000000002
23.410000000000004
23.51
23.610000000000003
23.710000000000004
23.810000000000002
23.910000000000004
24.01
24.110000000000003
24.210000000000004
24.310000000000002
24.410000000000004
24.51
24.610000000000003
24.710000000000004
24.810000000000002
24.910000000000004
25.01
25.110000000000003
25.210000000000004
25.310000000000002
25.410000000000004
25.51
25.610000000000003
25.710000000000004
25.810000000000002
25.910000000000004
26.01
26.110000000000003
26.210000000000004
26.310000000000002
26.410000000000004
26.51
26.610000000000003
26.710000000000004
26.810000000000002
26.910000000000004
27.01
27.110000000000003
27.210000000000004
27.310000000000002
27.410000000000004
27.51
27.610000000000003
27.710000000000004
27.810000000000002
27.910000000000004
28.01
28.110000000000003
28.210000000000004
28.310000000000002
28.410000000000004
28.51
28.610000000000003
28.710000000000004
28.810000000000002
28.910000000000004
29.01
29.110000000000003
29.210000000000004
29.310000000000002
29.410000000000004
29.51
29.610000000000003
29.710000000000004
29.810000000000002
29.910000000000004
30.01
30.110000000000003
30.210000000000004
30.310000000000002
30.410000000000004
30.51
30.610000000000003
30.710000000000004
30.810000000000002
30.910000000000004
31.01
31.110000000000003
31.210000000000004
31.310000000000002
31.410000000000004
31.51
31.610000000000003
31.710000000000004
31.810000000000002
31.910000000000004
32.01
32.11
32.21
32.31
32.41
32.51
32.61
32.71
32.81
32.91
33.01
33.11
33.21
33.31
33.41
33.51
33.61
33.71
33.81
33.91
34.01
34.11
34.21
34.31
34.41
34.51
34.61
34.71
34.81
34.91
35.01
35.11
35.21
35.31
35.41
35.51
35.61
35.71
35.81
35.91
36.01
36.11
36.21
36.31
36.41
36.51
36.61
36.71
36.81
36.91
37.01
37.11
37.21
37.31
37.41
37.51
37.61
37.71
37.81
37.91
38.01
38.11
38.21
38.31
38.410000000000004
38.51
38.61
38.71
38.81
38.910000000000004
39.01
39.11
39.21
39.31
39.410000000000004
39.51
39.61
39.71
39.81
39.910000000000004
40.01
40.11
40.21
40.31
40.410000000000004
40.51
40.61
40.71
40.81
40.910000000000004
41.01
41.11
41.21
41.31
41.410000000000004
41.51
41.61
41.71
41.81
41.910000000000004
42.01
42.11
42.21
42.31
42.410000000000004
42.51
42.61
42.71
42.81
42.910000000000004
43.01
43.11
43.21
43.31
43.410000000000004
43.51
43.61
43.71
43.81
43.910000000000004
44.01
44.11
44.21
44.31
44.410000000000004
44.51
44.61
44.71
44.81
44.910000000000004
45.01
45.11
45.21
45.31
45.410000000000004
45.51
45.61
45.71
45.81
45.910000000000004
46.01
46.11
46.21
46.31
46.410000000000004
46.51
46.61
46.71
46.81
46.910000000000004
47.01
47.11
47.21
47.31
47.410000000000004
47.51
47.61
47.71
47.81
47.910000000000004
48.01
48.11
48.21
48.31
48.410000000000004
48.51
48.61
48.71
48.81
48.910000000000004
49.01
49.11
49.21
49.31
49.410000000000004
49.51
49.61
49.71
49.81
49.910000000000004
50.01
50.11
50.21
50.31
50.410000000000004
50.51
50.61
50.71
50.81
50.910000000000004
51.01
51.11
51.21
51.31
51.410000000000004
51.51
51.61
51.71
51.81
51.910000000000004
52.01
52.11
52.21
52.31
52.410000000000004
52.51
52.61
52.71
52.81
52.910000000000004
53.01
53.11
53.21
53.31
53.410000000000004
53.51
53.61
53.71
53.81
53.910000000000004
54.01
54.11
54.21
54.31
54.410000000000004
54.51
54.61
54.71
54.81
54.910000000000004
55.01
55.11
55.21
55.31
55.410000000000004
55.51
55.61
55.71
55.81
55.910000000000004
56.01
56.11
56.21
56.31
56.410000000000004
56.51
56.61
56.71
56.81
56.910000000000004
57.01
57.11
57.21
57.31
57.410000000000004
57.51
57.61
57.71
57.81
57.910000000000004
58.01
58.11
58.21
58.31
58.410000000000004
58.51
58.61
58.71
58.81
58.910000000000004
59.01
59.11
59.21
59.31
59.410000000000004
59.51
59.61
59.71
59.81
59.910000000000004
60.01
60.11
60.21
60.31
60.410000000000004
60.51
60.61
60.71
60.81
60.910000000000004
61.01
61.11
61.21
61.31
61.410000000000004
61.51
61.61
61.71
61.81
61.910000000000004
62.01
62.11
62.21
62.31
62.410000000000004
62.51
62.61
62.71
62.81
62.910000000000004
63.01
63.11
63.21
63.31
63.410000000000004
63.51
63.61
63.71
63.81
63.910000000000004
64.01
64.11000000000001
64.21000000000001
64.31
64.41000000000001
64.51
64.61000000000001
64.71000000000001
64.81
64.91000000000001
65.01
65.11000000000001
65.21000000000001
65.31
65.41000000000001
65.51
65.61000000000001
65.71000000000001
65.81
65.91000000000001
66.01
66.11000000000001
66.21000000000001
66.31
66.41000000000001
66.51
66.61000000000001
66.71000000000001
66.81
66.91000000000001
67.01
67.11000000000001
67.21000000000001
67.31
67.41000000000001
67.51
67.61000000000001
67.71000000000001
67.81
67.91000000000001
68.01
68.11000000000001
68.21000000000001
68.31
68.41000000000001
68.51
68.61000000000001
68.71000000000001
68.81
68.91000000000001
69.01
69.11000000000001
69.21000000000001
69.31
69.41000000000001
69.51
69.61000000000001
69.71000000000001
69.81
69.91000000000001
70.01
70.11000000000001
70.21000000000001
70.31
70.41000000000001
70.51
70.61000000000001
70.71000000000001
70.81
70.91000000000001
71.01
71.11000000000001
71.21000000000001
71.31
71.41000000000001
71.51
71.61000000000001
71.71000000000001
71.81
71.91000000000001
72.01
72.11000000000001
72.21000000000001
72.31
72.41000000000001
72.51
72.61000000000001
72.71000000000001
72.81
72.91000000000001
73.01
73.11000000000001
73.21000000000001
73.31
73.41000000000001
73.51
73.61000000000001
73.71000000000001
73.81
73.91000000000001
74.01
74.11000000000001
74.21000000000001
74.31
74.41000000000001
74.51
74.61000000000001
74.71000000000001
74.81
74.91000000000001
75.01
75.11000000000001
75.21000000000001
75.31
75.41000000000001
75.51
75.61000000000001
75.71000000000001
75.81
75.91000000000001
76.01
76.11000000000001
76.21000000000001
76.31
76.41000000000001
76.51
76.61000000000001
76.71000000000001
76.81000000000002
76.91000000000001
77.01
77.11000000000001
77.21000000000001
77.31000000000002
77.41000000000001
77.51
77.61000000000001
77.71000000000001
77.81000000000002
77.91000000000001
78.01
78.11000000000001
78.21000000000001
78.31000000000002
78.41000000000001
78.51
78.61000000000001
78.71000000000001
78.81000000000002
78.91000000000001
79.01
79.11000000000001
79.21000000000001
79.31000000000002
79.41000000000001
79.51
79.61000000000001
79.71000000000001
79.81000000000002
79.91000000000001
80.01
80.11000000000001
80.21000000000001
80.31000000000002
80.41000000000001
80.51
80.61000000000001
80.71000000000001
80.81000000000002
80.91000000000001
81.01
81.11000000000001
81.21000000000001
81.31000000000002
81.41000000000001
81.51
81.61000000000001
81.71000000000001
81.81000000000002
81.91000000000001
82.01
82.11000000000001
82.21000000000001
82.31000000000002
82.41000000000001
82.51
82.61000000000001
82.71000000000001
82.81000000000002
82.91000000000001
83.01
83.11000000000001
83.21000000000001
83.31000000000002
83.41000000000001
83.51
83.61000000000001
83.71000000000001
83.81000000000002
83.91000000000001
84.01
84.11000000000001
84.21000000000001
84.31000000000002
84.41000000000001
84.51
84.61000000000001
84.71000000000001
84.81000000000002
84.91000000000001
85.01
85.11000000000001
85.21000000000001
85.31000000000002
85.41000000000001
85.51
85.61000000000001
85.71000000000001
85.81000000000002
85.91000000000001
86.01
86.11000000000001
86.21000000000001
86.31000000000002
86.41000000000001
86.51
86.61000000000001
86.71000000000001
86.81000000000002
86.91000000000001
87.01
87.11000000000001
87.21000000000001
87.31000000000002
87.41000000000001
87.51
87.61000000000001
87.71000000000001
87.81000000000002
87.91000000000001
88.01
88.11000000000001
88.21000000000001
88.31000000000002
88.41000000000001
88.51
88.61000000000001
88.71000000000001
88.81000000000002
88.91000000000001
89.01
89.11000000000001
89.21000000000001
89.31000000000002
89.41000000000001
89.51
89.61000000000001
89.71000000000001
89.81000000000002
89.91000000000001
90.01
90.11000000000001
90.21000000000001
90.31000000000002
90.41000000000001
90.51
90.61000000000001
90.71000000000001
90.81000000000002
90.91000000000001
91.01
91.11000000000001
91.21000000000001
91.31000000000002
91.41000000000001
91.51
91.61000000000001
91.71000000000001
91.81000000000002
91.91000000000001
92.01
92.11000000000001
92.21000000000001
92.31000000000002
92.41000000000001
92.51
92.61000000000001
92.71000000000001
92.81000000000002
92.91000000000001
93.01
93.11000000000001
93.21000000000001
93.31000000000002
93.41000000000001
93.51
93.61000000000001
93.71000000000001
93.81000000000002
93.91000000000001
94.01
94.11000000000001
94.21000000000001
94.31000000000002
94.41000000000001
94.51
94.61000000000001
94.71000000000001
94.81000000000002
94.91000000000001
95.01
95.11000000000001
95.21000000000001
95.31000000000002
95.41000000000001
95.51
95.61000000000001
95.71000000000001
95.81000000000002
95.91000000000001
96.01
96.11000000000001
96.21000000000001
96.31000000000002
96.41000000000001
96.51
96.61000000000001
96.71000000000001
96.81000000000002
96.91000000000001
97.01
97.11000000000001
97.21000000000001
97.31000000000002
97.41000000000001
97.51
97.61000000000001
97.71000000000001
97.81000000000002
97.91000000000001
98.01
98.11000000000001
98.21000000000001
98.31000000000002
98.41000000000001
98.51
98.61000000000001
98.71000000000001
98.81000000000002
98.91000000000001
99.01
99.11000000000001
99.21000000000001
99.31000000000002
99.41000000000001
99.51
99.61000000000001
99.71000000000001
99.81000000000002
99.91000000000001
100.01
100.11000000000001
100.21000000000001
100.31000000000002
100.41000000000001
100.51
100.61000000000001
100.71000000000001
100.81000000000002
100.91000000000001
101.01
101.11000000000001
101.21000000000001
101.31000000000002
101.41000000000001
101.51
101.61000000000001
101.71000000000001
101.81000000000002
101.91000000000001
102.01
102.11000000000001
102.21000000000001
102.31000000000002
102.41000000000001
102.51
102.61000000000001
102.71000000000001
102.81000000000002
102.91000000000001
103.01
103.11000000000001
103.21000000000001
103.31000000000002
103.41000000000001
103.51
103.61000000000001
103.71000000000001
103.81000000000002
103.91000000000001
104.01
104.11000000000001
104.21000000000001
104.31000000000002
104.41000000000001
104.51
104.61000000000001
104.71000000000001
104.81000000000002
104.91000000000001
105.01
105.11000000000001
105.21000000000001
105.31000000000002
105.41000000000001
105.51
105.61000000000001
105.71000000000001
105.81000000000002
105.91000000000001
106.01
106.11000000000001
106.21000000000001
106.31000000000002
106.41000000000001
106.51
106.61000000000001
106.71000000000001
106.81000000000002
106.91000000000001
107.01
107.11000000000001
107.21000000000001
107.31000000000002
107.41000000000001
107.51
107.61000000000001
107.71000000000001
107.81000000000002
107.91000000000001
108.01
108.11000000000001
108.21000000000001
108.31000000000002
108.41000000000001
108.51
108.61000000000001
108.71000000000001
108.81000000000002
108.91000000000001
109.01
109.11000000000001
109.21000000000001
109.31000000000002
109.41000000000001
109.51
109.61000000000001
109.71000000000001
109.81000000000002
109.91000000000001
110.01
110.11000000000001
110.21000000000001
110.31000000000002
110.41000000000001
110.51
110.61000000000001
110.71000000000001
110.81000000000002
110.91000000000001
111.01
111.11000000000001
111.21000000000001
111.31000000000002
111.41000000000001
111.51
111.61000000000001
111.71000000000001
111.81000000000002
111.91000000000001
112.01
112.11000000000001
112.21000000000001
112.31000000000002
112.41000000000001
112.51
112.61000000000001
112.71000000000001
112.81000000000002
112.91000000000001
113.01
113.11000000000001
113.21000000000001
113.31000000000002
113.41000000000001
113.51
113.61000000000001
113.71000000000001
113.81000000000002
113.91000000000001
114.01
114.11000000000001
114.21000000000001
114.31000000000002
114.41000000000001
114.51
114.61000000000001
114.71000000000001
114.81000000000002
114.91000000000001
115.01
115.11000000000001
115.21000000000001
115.31000000000002
115.41000000000001
115.51
115.61000000000001
115.71000000000001
115.81000000000002
115.91000000000001
116.01
116.11000000000001
116.21000000000001
116.31000000000002
116.41000000000001
116.51
116.61000000000001
116.71000000000001
116.81000000000002
116.91000000000001
117.01
117.11000000000001
117.21000000000001
117.31000000000002
117.41000000000001
117.51
117.61000000000001
117.71000000000001
117.81000000000002
117.91000000000001
118.01
118.11000000000001
118.21000000000001
118.31000000000002
118.41000000000001
118.51
118.61000000000001
118.71000000000001
118.81000000000002
118.91000000000001
119.01
119.11000000000001
119.21000000000001
119.31000000000002
119.41000000000001
119.51
119.61000000000001
119.71000000000001
119.81000000000002
119.91000000000001
120.01
120.11000000000001
120.21000000000001
120.31000000000002
120.41000000000001
120.51
120.61000000000001
120.71000000000001
120.81000000000002
120.91000000000001
121.01
121.11000000000001
121.21000000000001
121.31000000000002
121.41000000000001
121.51
121.61000000000001
121.71000000000001
121.81000000000002
121.91000000000001
122.01
122.11000000000001
122.21000000000001
122.31000000000002
122.41000000000001
122.51
122.61000000000001
122.71000000000001
122.81000000000002
122.91000000000001
123.01
123.11000000000001
123.21000000000001
123.31000000000002
123.41000000000001
123.51
123.61000000000001
123.71000000000001
123.81000000000002
123.91000000000001
124.01
124.11000000000001
124.21000000000001
124.31000000000002
124.41000000000001
124.51
124.61000000000001
124.71000000000001
124.81000000000002
124.91000000000001
125.01
125.11000000000001
125.21000000000001
125.31000000000002
125.41000000000001
125.51
125.61000000000001
125.71000000000001
125.81000000000002
125.91000000000001
126.01
126.11000000000001
126.21000000000001
126.31000000000002
126.41000000000001
126.51
126.61000000000001
126.71000000000001
126.81000000000002
126.91000000000001
127.01
127.11000000000001
127.21000000000001
127.31000000000002
127.41000000000001
127.51
127.61000000000001
127.71000000000001
127.81000000000002
127.91000000000001
128.01
128.10999999999999
128.21
128.31
128.41
128.51
128.60999999999999
128.71
128.81
128.91
129.01
129.10999999999999
129.21
129.31
129.41
129.51
129.60999999999999
129.71
129.81
129.91
130.01
130.10999999999999
130.21
130.31
130.41
130.51
130.60999999999999
130.71
130.81
130.91
131.01
131.10999999999999
131.21
131.31
131.41
131.51
131.60999999999999
131.71
131.81
131.91
132.01
132.10999999999999
132.21
132.31
132.41
132.51
132.60999999999999
132.71
132.81
132.91
133.01
133.10999999999999
133.21
133.31
133.41
133.51
133.60999999999999
133.71
133.81
133.91
134.01
134.10999999999999
134.21
134.31
134.41
134.51
134.60999999999999
134.71
134.81
134.91
135.01
135.10999999999999
135.21
135.31
135.41
135.51
135.60999999999999
135.71
135.81
135.91
136.01
136.10999999999999
136.21
136.31
136.41
136.51
136.60999999999999
136.71
136.81
136.91
137.01
137.10999999999999
137.21
137.31
137.41
137.51
137.60999999999999
137.71
137.81
137.91
138.01
138.10999999999999
138.21
138.31
138.41
138.51
138.60999999999999
138.71
138.81
138.91
139.01
139.10999999999999
139.21
139.31
139.41
139.51
139.60999999999999
139.71
139.81
139.91