4.431281058999719e-18
1.7700971658313064e-18
-4.5711595984311314e-18
0.00002273908350107165
0.00011253346499358159
-0.0012490997246642718
0.0000369782424439634
0.00034787907419610287
-0.0013465651097243007
0.00009325369339256961
0.00025530708389441385
0.00011993422664334731
-0.00029042780973930084
0.00043108263474048197
-0.00011389672932632986
-0.0006981602909593572
-0.00018576833900318845
0.000462928071830231
-0.0005213975771065953
0.00015484204081455657
0.0005468772508459321
0.0002896747566592985
-0.0004830081830355324
0.0008084403639218903
0.000021292078839134554
-0.0005255187539945994
-0.00040933584026289587
0.00048689627315754434
-0.0010264846658132355
6.089851689124312e-6
0.0008307889514616766
0.0005581081537104781
-0.0005831919692534859
0.0014243512229442992
-0.00005012997587390661
-0.0011289405562703702
-0.0006957951062223259
0.000937125299847536
-0.001754323644913408
0.0002552895625532046
0.001853768801983453
0.0008097877809558044
-0.0019451809615278893
0.003175387857164226
-0.0018891935117177974
-0.004032447177228563
-0.00033485062273860274
0.00781501854088554
-0.02299625355637772
0.04239110532752726
0.11276106837106654
0.17829829540111858
0.21767439086307003
0.011752019952583537
-0.009538783711440249
-0.008816655245740023
0.0000475858084885916
0.008227546747562849
-0.004043793352189025
0.0001339517138168916
0.0030205117440663034
0.002115211633910288
-0.0021131089277226095
0.0038033028062007036
0.0012256848345951834
-0.0024213219474093083
-0.0028984884076164005
0.0006884462019589071
-0.004377498214063915
-0.0019305946551093785
0.002268756733955449
0.003689075713945459
-0.00009793093215388314
0.005113574345693544
0.0026355034168738622
-0.0024571830588590573
-0.004437195826729213
-0.0005442808868338421
-0.006223145128955867
-0.003458618692635688
0.0027593773033172514
0.0054407251958989615
0.0008635078195212451
0.006609022781969287
0.004438089887380627
-0.00289657433933628
-0.006578737284691733
-0.0012850781686227347
-0.00842631975202685
-0.005413836284760773
0.0034459202154393785
0.008099020100689065
0.0014555922853308975
0.010309685230324394
0.006696641482981108
-0.0042825545082226845
-0.009746694485541638
-0.001763147828309526
-0.012350068178601353
-0.008070020504501696
0.005174194734843445
0.012245161684637627
0.0026417550274561974
0.014858115964993797
0.010447173728517879
-0.006133184831372909
-0.014988879240179975
-0.0034084719442884956
-0.01916684484710574
-0.012826782655373709
0.006993613705343601
0.01898709226714646
0.0047333296614521505
0.02377569794981423
0.017526979857079496
-0.009877383203874492
-0.023830303503800252
-0.0055989603198419455
-0.032331458098643455
-0.021415858313875758
0.011298441396938025
0.031479680846637874
0.008705251073245102
0.040414662106121144
0.03207850461115182
-0.01674857427278233
-0.04103933102851446
-0.009684473721195854
-0.06592423364384516
-0.038664710556278216
0.019550012512404406
0.058133935595425006
0.0183656024124828
0.07901812624382692
0.07979935960605855
-0.04292010366722032
-0.07629863718907214
-0.014467905289240086
-0.2786691826863871
-0.06001406464239206
0.019823303249085454
0.06037249345643439
0.07565120965295019
0.07763649576137371
0.047707101851171024
-0.0362545336247486
-0.28592968235677924
-2.4541301135498883
-0.21036091934934098
-0.5376358226295419
0.5795887362905302
0.7540801157778669
0.1489683009831548
1.9176324420622721
0.8999430066737222
-0.6121185878672676
-5.307220766504864
-9.373791766100455
-9.943159565350532
-9.383588526887488
2.033441314050707
6.201808019302411
5.152825829890987
1.5072545132488437
1.4123392368155105
-0.5311035761888374
-0.8255005287026834
-0.16265700719317802
-0.5302661697319737
-0.27434481276002254
0.10732984130656428
0.31131680380357024
0.10212136330077742
0.19459560414578944
0.14886435801474257
-0.06103292834308909
-0.15338864719915868
-0.045273354000435376
-0.11510069692937051
-0.07835334167846172
0.031165572661340728
0.09391604850779511
0.030625273187656676
0.06985270612549635
0.05337684785309607
-0.02087273618135103
-0.061576400554456644
-0.021759958887855067
-0.04766220318688732
-0.03794446675821381
0.013014375202376196
0.04430369840389532
0.01676895737396442
0.03498480795418532
0.028678256638234735
-0.008782372323721128
-0.03286566251245853
-0.014779771663668693
-0.02548296290675348
-0.022662206798120227
0.006233717179806891
0.02679097832281
0.011637840513565473
0.02156719480171613
0.01942687779594474
-0.003979820439970397
-0.020577465128814303
-0.012475019058976716
-0.016068602941561635
-0.01765818777115222
0.0026017250498786017
0.01951840694073227
0.010481373939648417
0.015612953829861267
0.0162806026416666
-0.0014130346375350587
-0.0159634967970965
-0.013361546330289856
-0.012271804734991754
-0.016978617206105558
0.0002233611436345847
0.017352984221834303
0.010813976218667537
0.01480205092431069
0.01688527300316843
0.00025812771354331306
-0.015541256724844731
-0.01572946795229342
-0.009891356892961596
-0.021853184065961123
-0.002578544014812697
0.01888759165264817
0.009127266560934325
0.07015166432949903
0.018044664305448467
0.0007303473813571878
-0.007357742583427425
-0.010955926416172903
-0.011429220562327305
-0.00907235936844673
-0.0013054351577253052
0.018014287907681822
0.09898123842591151
0.006941068631409316
0.029079850969604838
0.006752242452385781
-0.05403219169168351
-0.03154216330099185
-0.03389854970613071
-0.042192710652491444
-0.007275816446066983
0.04895213531757718
0.09850608553063386
0.02315527476047511
0.07062067891947688
0.009741392216755618
-0.10740129954620198
-0.07587571447295646
-0.08672646509666727
-0.11430347732698598
-0.01767406503536966
0.13701791160174892
0.2640305411685888
0.08303732355652216
0.26548317168674485
0.023729300811263433
-0.48009328528254835
-0.3270738790527056
-0.6462440835697671
-0.7381567085086517
-0.13245902042009375
1.3584607697069822
6.513728342081867
1.6251224892366753
14.488297547478755
1.2512142740501135
-11.50793986484308
-21.433735507568525
-1.5106777747356468
-2.4519734233992914
-0.08219151093979302
1.0829584319357028
0.4619087702500315
0.42127799057583953
0.3751416103501271
0.0008720402899607927
-0.28705257003692536
-0.2539739709815347
-0.13899688527506893
-0.190280921376807
-0.01791959440680111
0.13307156269414408
0.0828360321021948
0.06983328902885874
0.07941305105971518
-0.008523059559126836
-0.07890672341032613
-0.06381463499576215
-0.04679174745325403
-0.062366082093200034
-0.003789685193547422
0.04420832940586608
0.03275701322599554
0.02816416887771786
0.03217711088409914
-0.0027199399456138006
-0.034926926600970375
-0.025187842540473866
-0.02220865675529491
-0.02462721302056887
0.0003880395211926482
0.021932089252990828
0.01396659691429823
0.014012530301378001
0.01692851256852509
-0.0038320241756096313
-0.018970349381615636
-0.013494458026631663
-0.013960628345886376
-0.014610468623921987
0.001119314595306864
0.012297874108650913
0.007585628983575909
0.00800357329311943
0.008931383017203285
-0.0019668418935317156
-0.010989180934553094
-0.007544075334923935
-0.00837461101266566
-0.006673678834466991
-0.00014612345601996946
0.006732538298878299
0.004146901064578264
0.004755739462479551
0.004938126059488561
-0.0017189398474365576
-0.006850351091114388
-0.004430684008336124
-0.005013892761809314
-0.004767097838080793
0.0006242417064032817
0.00379588589351504
0.0022075975414346974
0.0030839262042611252
0.002683967251981215
-0.001114001913846544
-0.003930202440790448
-0.002119202626877073
-0.00297577884386988
-0.0025719641372158046
0.0002505628328431253
0.0019385286704303097
0.001163773297041623
0.0013500820548014625
0.0010928218829303782
-0.0006695165751662061
-0.0019634108431297774
-0.0008716272081321877
-0.0014087343320597747
-0.0008249030950146883
0.00013045123533980379
0.0007078715727050271
0.00038818855575839534
0.0003121825666483867
0.00009967407565857277
-0.0003901041157654586
-0.00046540404245584466
-0.00003388258001053977
0.0009545819647966848
0.0003469086029553397
0.00007947904707017004
-4.0178326733914285e-6
-0.000024273311517993248
-0.0003537952023671843
-0.00020630791029957712
0.000019322462303515957
0.0003549898627992091
0.0011636157650224974
0.0004658895678437604
0.0008809436326120337
0.00003054085222031853
-0.0009617294905019301
-0.0001472776778223624
-0.0010597521670310387
-0.0008251160745258011
0.0003437911510387597
0.0012241690661324118
0.0010562649532295807
0.0012965856969178156
0.0015534264077097578
0.00008614819186566119
-0.0010023888471255695
0.00013926038963539097
-0.003002287063677306
-0.0009910710568005576
0.0009651545168523605
0.0020341273409236805
0.0012260523341068132
0.00218256002088976
0.0022408951484949803
0.0002868584038616239
-0.0005350261095114456
0.0012775753234957469
-0.002069971879848377
-0.0002328340528496316
0.0021669940090309567
0.0032206886301201893
0.0015449228655995723
0.0037522869283728214
0.003037524516158712
-0.0007851156261434859
0.0008567668266244936
0.003013260395953092
-0.0027516311130112623
0.002551633377864439
0.005361553132523109
0.004778598444741021
0.0013329889294838113
0.009212762300794422
0.0044060686676348085
0.000361516152917804
0.0030396528238294056
0.013258521870364292
0.00336039014677739
0.01141202911913905
0.014948385211784388
0.009110040187477625
0.0014255495377412638
0.018518141789896074
0.007446271464953111
0.000762364128437357
0.02777729616003879
0.0656169805810821
0.02531113603739786
0.07775581940186714
0.09088456287490017
0.054617088965629224
-0.048424592366836605
0.21371100930143305
0.06470594671114777
0.27942592209627864
11.947983072831569
13.668315500065203
0.6727864989639518
0.5727369281695089
0.46268593017666676
0.10042313200450308
-0.06192141707320574
0.13909760623119152
0.004244940333227974
-0.0005161373195498422
-0.033808859607374814
0.05093746929115258
-0.0025507928548036962
0.010748339956015911
0.028335360474920666
0.009541523362894034
-0.007037916379638241
0.015569592875167883
0.0018593571811401442
-0.0005981179130901969
0.008073807476897593
0.014871165273030142
-0.0008474323727151402
0.006954820611022543
0.009496947929323445
0.004371444695402492
-0.0025564369666313492
0.00826838100551439
0.0022665631633770737
-0.0014121808150811595
0.0012023354892305913
0.005924546076583477
-0.003296184442231249
0.0018822849285856722
0.004815392610524151
0.003962743198521908
-0.001221288398927003
0.0062013752886355775
0.0025847365301694585
-0.0021981632166032535
-0.0011579029532184353
0.0022439359431598864
-0.004850858009432689
-0.0007142790524898925
0.002775277844595781
0.003671129885396502
-0.00038330358402061706
0.005159760630620671
0.003797937173977176
-0.002750203585047687
-0.002190588045787069
0.0005400773565484016
-0.007264556264315618
-0.0010739855361942467
0.0009001538505043618
0.0016641149725579512
0.001759854206412761
0.0017686155919373523
0.0009967504598772394
-0.0007173435133588865
-0.004814023211692961
-0.009703028530474226
-0.002362452595664125
-0.0032463718115026516
0.002204041831834388
0.0041929825313308505
0.0012751074186931502
0.003963519410479006
0.0027809072304927573
-0.0006693785591979803
-0.004055135809615723
-0.0021072758530379957
-0.002830430436605343
-0.0032551561713928313
0.0012086188469334375
0.004174007367076717
0.001920490359265498
0.00366809560590488
0.003241805594356968
-0.0005753035758786943
-0.004137080717386366
-0.002590062263701661
-0.003158417904497943
-0.0037773591199699074
0.000604496342778279
0.004121843274008736
0.0022348531688583103
0.0034607519617061784
0.0033653402704104615
-0.0007612135310840226
-0.004715775152278855
-0.0033957959562948
-0.003689266880799452
-0.004459498311334444
0.00023281893680531836
0.0039241492470074146
0.0018243586364151063
0.0032089486820176196
0.002910935035270552
-0.0016603697379349025
-0.005688429847074469
-0.004219898351366013
-0.005341011134861773
-0.005661621678052319
-0.0009274114850147103
0.0025853572685402785
-0.00018849303981604407
0.0023584840528851282
0.00043770132406996035
-0.004901157240889468
-0.009274193932081964
-0.006337248789241563
-0.012285492290933394
-0.009604403605225718
-0.004076723365057246
-0.004852412767936686
-0.018317592345288132
-0.0026957509277363706
-0.02996455355280266
-0.06090323859197702
-0.06557083686899036
-0.009134845086649331
-0.5874250518640738
-1.5951853134765204
0.08676350821464693
-0.12424463819841097
-0.14281029664469305
0.021873649282854835
-0.02829235568432481
-0.034262670106345275
-0.014277345189197776
0.008224390361119233
-0.026569694279520082
-0.0018856030191167629
0.006981933026930409
0.0010054552193565838
-0.0026973584143322295
-0.006825928373397068
-0.008115294016482718
-0.007200346947238852
-0.004247374727041875
0.0016266092489481381
-0.004627462075653942
-0.0020213828938029717
0.0021356122207241033
0.003802264813028369
-0.002673012220032656
0.003054603914633138
0.0010689391684135191
-0.0029736590641434276
-0.004192292207040495
-0.0006102165199495168
-0.0042889323378471665
-0.002855478441644052
0.0008209702892182274
0.0027113613691113086
-0.00014789096855730106
0.0027187620814239483
0.0018787424297036772
-0.0016081231548405704
-0.003916258520946495
-0.0017457953273304983
-0.0035644690513157175
-0.0031160641490094016
0.00046157879381106905
0.003067205712349903
0.0011063261088829369
0.00271197097145173
0.0023997209616652385
-0.0011284709598114624
-0.003869265965127721
-0.002173099231477614
-0.0033428746232541007
-0.0032915226323793913
0.00034257990385764045
0.003253219992565124
0.001623964326125657
0.0026445223252227396
0.002740959525750764
-0.0008615615336033495
-0.0038953684318787586
-0.0024413806441222056
-0.00324670050991764
-0.0034127266134827187
0.0002450772969880299
0.003326009930578867
0.001857850178243538
0.0026501912899396644
0.002944660261293145
-0.0007243438834667116
-0.003880995091232155
-0.0025545583417266797
-0.0031507467474839548
-0.003515917981301786
0.00019807530786245377
0.0033714342684290927
0.002125062245266293
0.0026933454384018853
0.003105081973277821
-0.0005437912604405171
-0.0038811256856476563
-0.0026245734047522845
-0.003162648150357991
-0.00355032010529257
0.00015541419967981263
0.00356353396009686
0.0022632142506443706
0.0026861730816525034
0.0032179785434465064
-0.00043797840966205943
-0.003858134700254099
-0.0027018118070904285
-0.0031068273971923284
-0.0037780636029588507
0.00016287574657527403
0.0036691670014775495
0.0025275807776485816
0.002792954519819001
0.00334682905903146
-0.0003969324433714819
-0.004084442221448388
-0.0027897463094407686
-0.0029777839810664368
-0.0035984313106943444
0.00009327042168251766
0.0038115561586943214
0.0026581175180321963
0.0029303954199444717
0.0034338140717702485
-0.0003270372359885719
-0.004125936622536168
-0.002891435282107097
-0.0029254564024202793
-0.0037648509853705756
0.00010887720628466999
0.0039293606203899475
0.0026360208541001506
0.0029301966960832444
0.0034920653380894427
-0.0003199137177141681
-0.003979629095338972
-0.0030523311037454
-0.0029745692650755564
-0.0037950270013152074
0.00008984062530101113
0.004016213763654928
0.0029378727596529007
0.0028264339300729216
0.0036376933254777424
-0.00022689963224937625
-0.003914964560194157
-0.0030231898723776683
-0.0030558201834404047
-0.0037027450943241634
0.00004490436175430694
0.003964010945886326
0.0029696284780195126
0.0027846072856294083
0.0036240645947113073
-0.00013324372980188707
-0.004059411984536702
-0.003129744824714331
-0.002940486118559304
-0.003696815004044235
0.00006645694029848236
0.003974102640356466
0.0030545145367375033
0.002943039674662922
0.0036103015815147368
-0.00010721217515645588
-0.003910127099458936
-0.0030715994939221327
-0.0029399138769364264
-0.003702234008029345
-0.000052170880372833455
0.0039665100553235265
0.0029242675245266148
0.0029520744019338107
0.0036934891737761405
0.00006548931895944848
-0.004222298331726023
-0.003346405423492417
-0.002800534746743153
-0.003832370286997322
-9.157293150262151e-6
0.004040346179646743
0.0030562255297584525
0.002836794857588174
0.003909275428279285
-0.000060707483949312373
-0.004021522572005633
-0.0031449567037253427
-0.0028800185487673513
-0.0038200216669585525
-0.00005433685371531281
0.004114727991675775
0.003256465275853898
0.002838911243957308
0.004129310061549023
0.00011800767494619
-0.004043984677976926
-0.003211496337370889
-0.0028960895630507255
-0.003994022846326827
-0.00016312392827961682
0.003939776036247508
0.0030006981851088406
0.0029587504875233897
0.0038870011164947485
-5.871022109387169e-6
-0.0041908903448024965
-0.003309841310524946
-0.0026405867525165333
-0.0040043893478878085
8.015215887206158e-6
0.004013962818812827
0.003341790938624351
0.0029359032335523993
0.0038525866450247366
-0.00014427693463843589
-0.00416763119726769
-0.0033291547325964045
-0.0029865835827056824
-0.004058252911163599
0.00004319350829942472
0.00426527831005536
0.0032826068312071612
0.0028108079014814323
0.003860414940056548
-0.00004271571989524904
-0.0041731076689249386
-0.003483795863081437
-0.003015339520060198
-0.004102669597123424
0.00003953877374009826
0.004271202669180602
0.003309329540496965
0.003083578050609904
0.004101343428319323
0.00003226812229417782
-0.00396602149780305
-0.0033310618519583252
-0.0031335153505984577
-0.004026617446164985
0.00009037674575841129
0.004346962216718682
0.0033716476526044433
0.00307833061839507
0.00397956315721604
-0.000080932695113132
-0.0043877262364613485
-0.003372198532983352
-0.0032187075313684236
-0.004196605714998836
0.00011681420886506548
0.004154016212869887
0.003272714383028952
0.0031738917757757005
0.004127384883611807
-0.00001535116331116
-0.004521882138275222
-0.0033200080002592945
-0.00313155159879014
-0.004158098000152983
0.000048020689963025763
0.004219939386126319
0.0033046516564702805
0.0032819933074172574
0.004135043876780666
-0.000041403012050818165
-0.004303053374431547
-0.003389124358297501
-0.0030461118247739846
-0.004121620290181611
-0.000019106611209316313
0.004403823152807569
0.0034202446026697247
0.0029384230299426507
0.004076737886268007
0.00012424900038339223
-0.004329305173460994
-0.003548086206455601
-0.0030392612164696414
-0.004052043237813522
-0.00005790926785276612
0.004354534291678967
0.0035198059147677385
0.0030780135752636007
0.004292964415784742
0.00006739281010996161
-0.004363895254107071
-0.0035967991560498917
-0.0029865806610045436
-0.00421522824104448
-0.000047308084678081545
0.004376579781909717
0.0037053808892246274
0.002978833269601255
0.0041412217581428806
0.00004872324476158704
-0.0042220259053705154
-0.003748063176317942
-0.0030725112648768167
-0.004190570322512552
-0.00014281394548337106
0.004344632461084284
0.003544444292134603
0.0030663685312335297
0.004256758303143553
0.00005039892693293799
-0.004484044959805611
-0.0037198662915115042
-0.0029595677326642667
-0.004219950506337354
-0.00018053658159823178
0.004665607833640511
0.0036087498041148473
0.003135016959178113
0.004231147550908106
0.00008748158463946603
-0.004286782816929855
-0.00351717604521248
-0.0031230198233559215
-0.004500083253333126
-0.00005666752063145982
0.004350804388446319
0.0037251039785011456
0.0030263660454398844
0.004160513111133585
0.00011001367783613025
-0.004420384147750117
-0.003786463174128151
-0.0030685253401212006
-0.004424313389802662
-0.00014619466331315827
0.00434319528720278
0.003556684526639885
0.0031488392869981952
0.004462427487580863
0.00014576935792960319
-0.004343501983877129
-0.003730000585633839
-0.0031597463723751825
-0.004138641999669977
-0.00017522601943557775
0.004441765280713812
0.0034704635919688377
0.0032421728724805958
0.004675521381327866
0.00015297811312544492
-0.004305547442527693
-0.0037449100853772345
-0.0030233265814451206
-0.004251685945750068
-0.00010465582681776949
0.004493560474817295
0.003580730192721165
0.0031642923514887135
0.004289293398821785
0.00017060599172207265
-0.004450903290056201
-0.0036846798217035864
-0.0030914170823797458
-0.00420058106152977
-0.00017475701124762278
0.0045047408630347
0.0036001694774565065
0.002947935832074306
0.00403622878035668
0.00010403340373967998
-0.0045880820233466756
-0.0036411365710077807
-0.0030468663562226665
-0.004292006131066986
-0.00018848826270726886
0.0044747475947880715
0.0035999379365392013
0.0032926225926674705
0.004303772126243655
0.00010669750651495716
-0.004669339586203706
-0.0035771971777939166
-0.002983505901892381
-0.004272802188016694
-0.0001291755196045143
0.004528361996974817
0.003435790392569661
0.0030192146119941273
0.004298731340197059
0.00008848111751149344
-0.004484980795417184
-0.0036719442696954998
-0.003072122919744864
-0.004489278438544021
-0.00006814827618635213
0.0046132595873904165
0.003674146173920947
0.0030905364192082394
0.00433492092198715
0.000035438717009477075
-0.004477560758656427
-0.00374304915888833
-0.003095017148703545
-0.0044845544140495195
-0.00005468974223682269
0.004565757671849897
0.0035714515571461823
0.0030751062505726496
0.00424630143191056
0.000095554933743774
-0.004627180927201222
-0.0037112910116316586
-0.003140111100933381
-0.004407223901958501
-0.00001723304953284151
0.004346134189729326
0.0037079153109408325
0.0031409480528827452
0.004244785037764407
0.00007590661424111406
-0.004305949410441571
-0.00362097739734725
-0.003182290269210968
-0.004453348145579766
-0.00006934559898737159
0.004501531577147828
0.003637954761281802
0.0032235884178478053
0.004440991883234529
0.00007727946888583346
-0.004499446946221617
-0.0036146089763813127
-0.003180930028926595
-0.004424870283974325
-0.00009755321178659842
0.004648319185564639
0.0037419601019513557
0.0031122794874436813
0.004344465357021409
0.00007322464694505833
-0.004616419022677463
-0.003653320153471851
-0.0031170658044815036
-0.004317262693580714
-0.00007275605109073222
0.004461601897691428
0.0036467201837661347
0.003159010754253889
0.004294763339697281
0.00007397592929416187
-0.004585211499476675
-0.0037006512671828354
-0.0031698827086141736
-0.004410564995205285
-0.00006771659999581884
0.004481395887052118
0.003690286798906639
0.0031693409915565423
0.004369254977589204