-7.3082645910791775e-19
-1.1822037682396883e-13
-3.0061400259140253e-12
-2.116642669579374e-11
-8.618493703959885e-11
-2.5869514072871397e-10
-6.393982511932488e-10
-1.3815526317635435e-9
-2.7054124856861425e-9
-4.915185796484735e-9
-8.419200622248843e-9
-1.3754124798089963e-8
-2.1614287310603408e-8
-3.288741405969904e-8
-4.86984354761268e-8
-7.046347431388964e-8
-9.995671422219802e-8
-1.393936319241183e-7
-1.9153511534266087e-7
-2.598183806633049e-7
-3.485224755815691e-7
-4.629787019047635e-7
-6.098397785317172e-7
-7.974263875915504e-7
-1.0361764773196472e-6
-1.339232189287512e-6
-1.7232128192404224e-6
-2.2092417685212334e-6
-2.8243240270612293e-6
-3.6032131120743345e-6
-4.59097018465286e-6
-5.846515683592669e-6
-7.447625864861309e-6
-9.498068128914293e-6
-0.000012137960870986904
-0.000015559094611530695
-0.000020028061467833812
-0.00002592198976017924
-0.00003378521852065674
-0.00004442190938594765
-0.000059052683348184485
-0.00007959037378365225
-0.00010914895883030094
-0.0001530374947928155
-0.00022083987413491977
-0.0003311582772537396
-0.0005237025953508789
-0.0008950643203383109
-0.001729798424414927
-0.004174543500126203
-0.016964681460214806
-0.8609928822575746
-0.022735068754428756
-0.0064785678949489285
-0.0031196657162100845
-0.0018987863347220877
-0.001314820020522856
-0.0009875730211185553
-0.0007843355811002297
-0.0006487108293788655
-0.0005532973970216145
-0.0004834193575885828
-0.0004306107786714843
-0.0003896938675530975
-0.00035734851361202515
-0.00033136107442371243
-0.0003102065295557213
-0.0002928046341817079
-0.00027837170186843736
-0.00026632730605851643
-0.00025623373909419326
-0.0002477556666073982
-0.00024063259981557398
-0.000234659715781321
-0.0002296742411827908
-0.00022554562150106284
-0.00022216831453694433
-0.00021945643459482902
-0.0002173397222714251
-0.00021576047748639052
-0.0002146712018106368
-0.0002140327696088237
-0.00021381299805439316
-0.00021398552134638163
-0.0002145288994015665
-0.00021542590915453097
-0.00021666297953718133
-0.00021822974068708766
-0.0002201186649524741
-0.00022232478251417383
-0.0002248454584154144
-0.0002276802208271521
-0.00023083063272396722
-0.00023430020098394997
-0.00023809431838683385
-0.00024222023516497535
-0.0002466870577348687
-0.0002515057730592684
-0.00025668929780522703
-0.0002622525521056783
-0.00026821255833209647
-0.00027458856586611035
-0.0002814022034435323
-0.00028867766125407075
-0.0002964419056379167
-0.0003047249299475232
-0.0003135600459649431
-0.0003229842212126591
-0.00033303846859907807
-0.000343768296145007
-0.00035522422608965477
-0.000367462394539962
-0.00038054524507903837
-0.00039454233248933555
-0.00040953125609328805
-0.00042559874632852504
-0.0004428419332567324
-0.0004613698320147284
-0.00048130508809150145
-0.0005027860351980175
-0.0005259691309643547
-0.0005510318515234316
-0.0005781761462405709
-0.0006076325797986785
-0.000639665322405319
-0.0006745781925771864
-0.0007127220142596069
-0.0007545036257670315
-0.0008003969789294347
-0.0008509569024254529
-0.0009068362871757041
-0.0009688077034939001
-0.001037790808135395
-0.001114887386862068
-0.0012014265682682786
-0.0012990237341196577
-0.0014096580897536262
-0.0015357759798442215
-0.001680430215273257
-0.0018474705278135847
-0.002041807809913618
-0.0022697867643077037
-0.0025397210204004825
-0.0028626771352209834
-0.0032536493240881534
-0.0037333647355507343
-0.004331138500111575
-0.0050895398662466566
-0.006072313855688654
-0.007378442240230661
-0.00916845813269812
-0.011716947338484777
-0.015525919189807724
-0.02159552643940212
-0.03216237654832481
-0.05312285385009488
-0.10457096033711338
-0.29643679373752324
-3.063212951403797
-2.0054787318327745
-0.251677868547215
-0.09223644385460403
-0.047161526546813874
-0.0284337663309214
-0.01891774592845926
-0.013438824670149464
-0.010002837419994368
-0.0077096052623877144
-0.006104712070636346
-0.004938769672351422
-0.004065720212748909
-0.0033954510269446707
-0.002869941131647947
-0.0024504764270980887
-0.002110432017478752
-0.0018310150504030076
-0.0015986579403643626
-0.001403369605022808
-0.0012376626790833677
-0.0010958378403324535
-0.0009734956550307237
-0.0008671969329523738
-0.0007742221484154647
-0.0006923982522482789
-0.0006199721486040349
-0.0005555170116557477
-0.0004978620573842125
-0.00044603929665974225
-0.00039924273744849697
-0.0003567968197427033
-0.00031813177161870793
-0.00028276420552945496
-0.00025028171916026957
-0.00022033058317179262
-0.0001926058277884071
-0.00016684320772882239
-0.00014281264838694957
-0.00012031286790721903
-0.00009916693857242165
-0.0000792186028888158
-0.00006032919932663489
-0.00004237508301680148
-0.00002524545012846501
-8.840492849714072e-6
6.930173890031596e-6
0.00002214886164769271
0.00003689097251865143
0.00005122600989576937
0.0000652184622544747
0.0000789285818404718
0.00009241307658563459
0.00010572573073710995
0.00011891796741296049
0.00013203936449614543
0.00014513813385447978
0.00015826157277126155
0.00017145649564143215
0.00018476965338805597
0.00019824814767005456
0.00021193984675691214
0.00022589380993679592
0.00024016072749792147
0.0002547933836847933
0.0002698471505928004
0.00028538052175090106
0.00030145569517773136
0.00031813921702959324
0.00033550269863561925
0.00035362362181265596
0.00037258624995849796
0.00039248266565223666
0.00041341395949727857
0.0004354915999186967
0.0004588390198175342
0.00048359346372580536
0.0005099081488001561
0.0005379548052171402
0.0005679266769961852
0.0006000420839624881
0.000634548670754308
0.0006717285012253341
0.0007119041986453438
0.0007554463869904291
0.0008027827607728147
0.0008544092064675501
0.0009109035263102025
0.000972942487338322
0.0010413231526289954
0.0011169897731982598
0.0012010679653438187
0.00129490852476056
0.0014001441190290957
0.0015187633815785593
0.001653208800843053
0.0018065075704508686
0.001982448742155718
0.0021858264267167775
0.0024227788002715136
0.00270126866622034
0.0030317774746227784
0.0034283285943964466
0.003910031471625466
0.004503473670267534
0.005246538443173729
0.00619470945962099
0.007431904960382121
0.009089985325229108
0.011385891172449807
0.014697305845445865
0.019730383369991354
0.027934129636082494
0.04268397275748781
0.07343708546297303
0.1559091108827764
0.5348299755214001
26.042130368714307
1.0235474940940725
0.2107149646201996
0.08765669031533968
0.04754866822702636
0.0296867480142153
0.020224754295507723
0.014622611136588493
0.0110379885128521
0.00860894024499024
0.006888695062245202
0.0056270065084341615
0.0046749099045916166
0.003939267803341516
0.003359441719281049
0.0028945877844458088
0.002516387634831118
0.0022047115252695707
0.001944936298988403
0.0017262342694827888
0.001540451318157773
0.0013813533443900188
0.001244109131836232
0.0011249285558155087
0.0010208050347625668
0.000929329281121059
0.0008485526689455327
0.0007768856779850909
0.0007130214956256633
0.0006558779038159541
0.0006045526193868502
0.0005582886456325168
0.0005164471524529016
0.0004784860737135948
0.00044394308609873315
0.000412421974595568
0.000383581636670909
0.0003571271578958635
0.00033280252525562436
0.0003103846438743184
0.00028967839766400435
0.00027051255106069197
0.00025273633225654616
0.00023621657157789849
0.00022083529439136245
0.00020648768795643871
0.0001930803773492602
0.00018052995795959754
0.0001687617418723719
0.00015770868326203338
0.00014731045418632307
0.00013751264720144056
0.0001282660852916401
0.00011952622291079907
0.00011125262462792546
0.00010340851007456543
0.00009596035570465696
0.0000888775453732022
0.00008213206297700717
0.00007569822143114605
0.00006955242310960543
0.00006367294759721232
0.00005803976320033588
0.00005263435916909292
0.00004743959601153051
0.000042439571639405805
0.00003761950139294094
0.00003296561025032638
0.000028465035750489218
0.000024105740346082275
0.00001987643206602783
0.000015766492505166245
0.000011765911277921482
7.865226175148812e-6
4.0554683511033935e-6
3.2811194379250906e-7
-3.3249724035953908e-6
-6.911560595724037e-6
-0.000010439115140103882
-0.000013914822590427763
-0.000017345628729093115
-0.000020738271809843415
-0.0000240993141562742
-0.000027435172390773644
-0.000030752146551664263
-0.00003405644834221427
-0.000037354228745139185
-0.00004065160522911346
-0.000043954688768774525
-0.00004726961089949261
-0.000050602551028387186
-0.00005395976422870381
-0.0000573476097511036
-0.000060772580497081766
-0.00006424133371301796
-0.00006776072318168897
-0.00007133783321002274
-0.00007498001473818359
-0.00007869492392700664
-0.00008249056361826713
-0.0000863753281065642
-0.00009035805171365009
-0.00009444806171710422
-0.00009865523625603884
-0.00010299006792099592
-0.00010746373383231784
-0.00011208817312588986
-0.00011687617290031373
-0.00012184146383706067
-0.0001269988268917301
-0.00013236421267439464
-0.00013795487539688278
-0.00014378952357334447
-0.00014988849002720486
-0.00015627392419490432
-0.00016297001023991034
-0.00017000321511873725
-0.00017740257149546034
-0.0001852000013157754
-0.00019343068695707198
-0.00020213349821996543
-0.0002113514850719857
-0.00022113244807443324
-0.00023152960091211042
-0.00024260234252655334
-0.00025441716018283596
-0.0002670486895873132
-0.00028058096418527665
-0.00029510889335861384
-0.0003107400188841803
-0.0003275966113269417
-0.00034581818387048087
-0.0003655645215636797
-0.00038701935063772404
-0.0004103948075486982
-0.00043593691368158134
-0.000463932323344725
-0.0004947166956319047
-0.0005286851532786017
-0.0005663054458453168
-0.0006081346480416837
-0.0006548405228326748
-0.0007072291022553714
-0.0007662806461336968
-0.0008331970220902458
-0.000909464853962367
-0.0009969407412124477
-0.00109796783656
-0.0012155377118437012
-0.001353518816136108
-0.0015169848133668742
-0.0017126960597726555
-0.0019498217227535612
-0.0022410506256777237
-0.002604349972119857
-0.0030658431291128714
-0.0036647016188379976
-0.004461841150935344
-0.005556223024204031
-0.007117440609443201
-0.009456248344186463
-0.013193457556478994
-0.019722243629027147
-0.03273326672114469
-0.06489879430677196
-0.1865784049756748
-2.0563198635623317
-1.1424560762240932
-0.15111877142107383
-0.056157935486851246
-0.028949509696657657
-0.017565934740815428
-0.011754878931938873
-0.008397463564228193
-0.006285998860771089
-0.004873418916752918
-0.0038828025106436344
-0.003161827438321673
-0.0026211103452885944
-0.002205410210097157
-0.001879104019229004
-0.0016183890194331253
-0.0014068739298823336
-0.0012329750535712697
-0.0010883199003295383
-0.0009667363569256638
-0.0008635942911267419
-0.0007753658930290338
-0.0006993255095940653
-0.0006333406134011601
-0.0005757236161176534
-0.0005251251061490085
-0.00048045579290212316
-0.00044082866824617453
-0.00040551561817360373
-0.00037391450374013753
-0.0003455239224800615
-0.0003199236698730699
-0.0002967594766765243
-0.0002757309859078681
-0.00025658220729610865
-0.00023909388285857602
-0.00022307733876700096
-0.00020836950195993808
-0.00019482883609547825
-0.00018233200806372777
-0.0001707711387555835
-0.00016005152390297596
-0.00015008973528036408
-0.0001408120313390438
-0.00013215302085751787
-0.00012405453447894655
-0.00011646466783600173
-0.0001093369669163285
-0.00010262973181984432
-0.00009630541943753938
-0.0000903301290788902
-0.00008467315788658194
-0.00007930661514451356
-0.00007420508642294943
-0.00006934533999945857
-0.00006470606921384448
-0.000060267665414191545
-0.000056012016971191113
-0.0000519223305126321
-0.000047982971084604434
-0.00004417931840416828
-0.000040497636744623915
-0.00003692495630231843
-0.0000334489641463439
-0.000030057903053525215
-0.00002674047669251868
-0.00002348575974227527
-0.00002028311161954743
-0.00001712209254696159
-0.000013992380720394241
-0.000010883689331835027
-7.785682169979051e-6
-4.687886455100937e-6
-1.5796014622455897e-6
1.550198655603321e-6
4.712969622779391e-6
7.920711398030733e-6
0.00001118609446961886
0.000014522600818037428
0.000017944682770178638
0.000021467943588743375
0.000025109344415498738
0.000028887443162771064
0.00003282267217367262
0.000036937663022481646
0.000041257628795228825
0.00004581081670222084
0.000050629047096118156
0.000055748359128380085
0.00006120978867766752
0.00006706031124972945
0.00007335399185529957
0.00008015339623191282
0.00008753133432225976
0.00009557302927057567
0.00010437883566959564
0.00011406767275284068
0.00012478139663246688
0.00013669041791372993
0.0001500009882145557
0.0001649647483734363
0.00018189137905731648
0.0002011655632789752
0.000223270028148853
0.00024881729234627287
0.0002785940956129608
0.00031362465394755944
0.00035526244891352475
0.0004053262807707324
0.0004663067927130112
0.0005416885242312035
0.0006364677728219331
0.0007580152527125006
0.0009175734182274803
0.0011329844621685227
0.001433957734905623
0.0018729885730753854
0.002550096394378269
0.003675706229725712
0.005757421188768159
0.010295037151953373
0.023507724276184784
0.09902653148475217
19.988783483450376
0.07890052239621281
0.02070855495033032
0.009324016447062619
0.005264670771392161
0.003369302156434804
0.0023350381995499844
0.0017099535151378568
0.001303838313233585
0.0010253656693368855
0.0008262669981889487
0.0006790900956629643
0.0005672904857806068
0.0004804176958185078
0.00041160871394667684
0.00035620639209493353
0.0003109608064120824
0.0002735485629828251
0.00024227323639269347
0.00021587295538651177
0.00019339348482351153
0.00017410251755853705
0.00015743056888243746
0.000142929442010288
0.00013024254093621648
0.00011908332168542176
0.0001092194296115592
0.00010046087124336723
0.00009265108970554657
0.00008566015719197454
0.00007937952970814006
0.00007371796760027016
0.00006859833505935775
0.00006395506876749298
0.00005973216054914125
0.000055881538195131415
0.0000523617571741886
0.000049136936887917255
0.000046175890630831086
0.00004345140999938556
0.000040939673218022645
0.00003861975347273714
0.000036473208407343034
0.000034483735838139304
0.000032636883766717045
0.00003091980513003987
0.00002932104957877888
0.000027830386036791302
0.000026438650955040637
0.000025137618099094975
0.00002391988645172414
0.000022778783410324748
0.00002170828094301942
0.000020702922760844006
0.000019757760884795383
0.00001886830024976918
0.00001803045020418533
0.000017240481943026758
0.000016494991060348234
0.000015790864530693077
0.000015125251531799331
0.000014495537607170962
0.000013899321739455833
0.000013334395966529252
0.000012798727223699455
0.000012290441139029873
0.000011807807545851318
0.000011349227508069776
0.000010913221680808557
0.000010498419851979016
0.000010103551530143595
9.727437461034838e-6
9.368981969747685e-6
9.027166038275355e-6
8.701041039012405e-6
8.38972305433688e-6
8.092387720641706e-6
7.808265542375176e-6
7.536637627898959e-6
7.276831804473009e-6
7.028219074447513e-6
6.790210378959723e-6
6.562253639127084e-6
6.343831047964207e-6
6.1344565891323636e-6
5.933673761144178e-6
5.741053487885706e-6
5.556192198297475e-6
5.378710059806373e-6
5.208249351661701e-6
5.044472965706015e-6
4.887063023354572e-6
4.735719598645729e-6
4.590159538211967e-6
4.450115369893301e-6
4.3153342925052826e-6
4.185577239970248e-6
4.0606180136548e-6
3.9402424773201605e-6
3.824247809606786e-6
3.712441809421456e-6
3.6046422500215374e-6
3.500676277952921e-6
3.4003798533390196e-6
3.3035972283218557e-6
3.210180460729173e-6
3.119988960293686e-6
3.0328890649723815e-6
2.9487536451214153e-6
2.8674617334686282e-6
2.7888981789906555e-6
2.7129533229604735e-6
2.6395226955679095e-6
2.56850673164458e-6
2.499810504140988e-6
2.4333434741098013e-6
2.3690192560458254e-6
2.3067553975238517e-6
2.24647317215349e-6
2.188097384949044e-6
2.1315561892752174e-6
2.076780914598338e-6
2.023705904323156e-6
1.972268363055105e-6
1.9224082126698385e-6
1.8740679566219841e-6
1.8271925519617644e-6
1.7817292885689691e-6
1.7376276751465975e-6
1.6948393315496733e-6
1.6533178870541045e-6
1.6130188841974467e-6
1.57389968784948e-6
1.535919399192899e-6
1.4990387743171846e-6
1.4632201471473369e-6
1.428427356449248e-6
1.3946256766691756e-6
1.3617817523819982e-6
1.3298635361364028e-6
1.2988402295003965e-6
1.2686822271215639e-6
1.2393610636298618e-6
1.2108493632205442e-6
1.183120791765914e-6
1.1561500113135926e-6
1.129912636838052e-6
1.10438519512024e-6
1.0795450856381821e-6
1.0553705433583564e-6
1.0318406033240105e-6
1.0089350669439542e-6
9.866344698894147e-7
9.649200515139085e-7
9.437737257147848e-7
9.231780531604294e-7
9.031162148115532e-7
8.835719866689408e-7
8.645297156842572e-7
8.459742967738898e-7
8.278911508791251e-7
8.102662040198493e-7
7.930858672908857e-7
7.763370177539056e-7
7.600069801799967e-7
7.440835096003753e-7
7.285547746255184e-7
7.134093414945975e-7
6.986361588197531e-7
6.842245429911309e-7
6.701641642109007e-7
6.564450331258094e-7
6.430574880297355e-7
6.299921826089979e-7
6.172400742047804e-7
6.047924125682372e-7
5.926407290852392e-7
5.807768264488241e-7
5.691927687586086e-7
5.578808720274317e-7
5.468336950765593e-7
5.360440308017111e-7
5.255048977929468e-7
5.152095322926535e-7
5.051513804761027e-7
4.953240910404384e-7
4.857215080881284e-7
4.763376642920126e-7
4.6716677432934723e-7
4.5820322857316525e-7
4.4944158702971743e-7
4.4087657351116297e-7
4.3250307003350964e-7
4.2431611142997473e-7
4.1631088017056196e-7
4.0848270137912286e-7
4.008270380394125e-7
3.9333948638225855e-7
3.860157714461558e-7
3.788517428040099e-7
3.718433704492048e-7
3.649867408342847e-7
3.582780530559522e-7
3.517136151804467e-7
3.452898407034675e-7
3.3900324513920714e-7
3.3285044273324136e-7
3.268281432942687e-7
3.209331491399218e-7
3.1516235215211614e-7
3.095127309374895e-7
3.039813480888242e-7
2.9856534754347446e-7
2.9326195203489263e-7
2.880684606337078e-7
2.8298224637478207e-7
2.7800075396695127e-7
2.731214975822316e-7
2.683420587213981e-7
2.6366008415308094e-7
2.5907328392348704e-7
2.545794294340945e-7
2.5017635158474483e-7
2.458619389796607e-7
2.4163413619399664e-7
2.3749094209869725e-7
2.3343040824144395e-7
2.2945063728163715e-7
2.2554978147740056e-7
2.2172604122267776e-7
2.1797766363259784e-7
2.1430294117533326e-7
2.107002103487652e-7
2.071678504003083e-7
2.0370428208835676e-7
2.0030796648384222e-7
1.9697740381044492e-7
1.9371113232210755e-7
1.90507727216513e-7
1.8736579958321852e-7
1.842839953852567e-7
1.8126099447301883e-7
1.7829550962927016e-7
1.75386285644213e-7
1.7253209841955785e-7
1.6973175410059811e-7
1.6698408823529449e-7
1.6428796495946532e-7
1.6164227620718432e-7
1.5904594094548266e-7
1.5649790443259587e-7
1.5399713749887701e-7
1.5154263584967627e-7
1.4913341938939746e-7
1.4676853156604052e-7
1.4444703873554867e-7
1.4216802954527424e-7
1.3993061433594776e-7
1.3773392456153268e-7
1.3557711222636424e-7
1.3345934933901358e-7
1.3137982738232413e-7
1.293377567990823e-7
1.2733236649282777e-7
1.2536290334329954e-7
1.234286317360436e-7
1.2152883310573695e-7
1.1966280549275873e-7
1.1782986311262117e-7
1.1602933593781432e-7
1.1426056929169113e-7
1.12522923453996e-7
1.108157732776755e-7
1.0913850781661805e-7
1.0749052996396204e-7
1.0587125610066232e-7
1.0428011575398177e-7
1.0271655126559448e-7
1.011800174690128e-7
9.966998137603874e-8
9.81859218719769e-8
9.672732941930708e-8
9.52937057696044e-8
9.388456368340164e-8
9.249942665779808e-8
9.113782866154355e-8
8.979931387739404e-8
8.848343645150472e-8
8.71897602496602e-8
8.591785862012696e-8
8.466731416292733e-8
8.343771850535668e-8
8.222867208354801e-8
8.103978392989871e-8
7.987067146619948e-8
7.872096030228714e-8
7.759028404006591e-8
7.647828408272687e-8
7.538460944902997e-8
7.430891659248657e-8
7.325086922531201e-8
7.22101381469949e-8
7.11864010773686e-8
7.01793424940336e-8
6.918865347402444e-8
6.821403153958573e-8
6.725518050794935e-8
6.631181034499177e-8
6.53836370226639e-8
6.447038238008624e-8
6.357177398820621e-8
6.268754501791482e-8
6.181743411152748e-8
6.096118525753454e-8
6.011854766852898e-8
5.928927566221944e-8
5.847312854545301e-8
5.76698705011476e-8
5.6879270478072995e-8
5.610110208338538e-8
5.533514347784607e-8
5.4581177273653096e-8
5.3838990434810665e-8
5.310837417996503e-8
5.238912388764701e-8
5.1681039003847085e-8
5.0983922951866275e-8
5.029758304437629e-8
4.9621830397635896e-8
4.895647984779625e-8
4.830134986924752e-8
4.765626249494993e-8
4.702104323868985e-8
4.639552101922258e-8
4.577952808623718e-8
4.517289994810596e-8
4.457547530136639e-8
4.3987095961890723e-8
4.3407606797700115e-8
4.2836855663376225e-8
4.2274693336035306e-8
4.1720973452816854e-8
4.1175552449851496e-8
4.063828950266943e-8
4.010904646801017e-8
3.9587687827000525e-8
3.9074080629659334e-8
3.856809444070501e-8
3.806960128662213e-8
3.7578475603960316e-8
3.709459418883335e-8
3.6617836147587396e-8
3.6148082848608276e-8
3.568521787523999e-8
3.522912697978332e-8
3.477969803855451e-8
3.433682100796667e-8
3.390038788161801e-8
3.347029264835676e-8
3.304643125129772e-8
3.2628701547770583e-8
3.221700327017264e-8
3.181123798770668e-8
3.141130906897925e-8
3.10171216454414e-8
3.0628582575647556e-8
3.024560041031473e-8
2.9868085358163286e-8
2.949594925251552e-8
2.9129105518639196e-8
2.876746914181553e-8
2.841095663611168e-8
2.805948601384391e-8
2.7712976755716073e-8
2.7371349781609167e-8
2.7034527422017138e-8
2.6702433390104646e-8
2.637499275437734e-8
2.6052131911945773e-8
2.5733778562372106e-8
2.5419861682085133e-8
2.5110311499347017e-8
2.4805059469764673e-8
2.450403825232491e-8
2.4207181685949384e-8
2.3914424766550346e-8
2.3625703624579732e-8
2.3340955503057194e-8
2.3060118736068045e-8
2.278313272771815e-8
2.2509937931536836e-8
2.2240475830317244e-8
2.1974688916381182e-8
2.171252067226322e-8
2.1453915551800537e-8
2.1198818961621482e-8
2.094717724302129e-8
2.069893765421921e-8
2.045404835298575e-8
2.0212458379632203e-8
1.9974117640354726e-8
1.9738976890924733e-8
1.9506987720717226e-8
1.927810253706966e-8
1.9052274549964056e-8
1.8829457757025446e-8
1.860960692882747e-8
1.839267759450151e-8
1.817862602763976e-8
1.796740923248634e-8
1.7758984930411286e-8
1.7553311546659253e-8
1.7350348197368072e-8
1.715005467685065e-8
1.6952391445134926e-8
1.675731961575394e-8
1.6564800943785175e-8
1.637479781412854e-8
1.6187273230019896e-8
1.600219080177669e-8
1.5819514735767522e-8
1.5639209823602377e-8
1.546124143153881e-8
1.5285575490098513e-8
1.5112178483891e-8
1.4941017441638284e-8
1.4772059926397637e-8
1.4605274025976694e-8
1.4440628343538917e-8
1.427809198839248e-8
1.4117634566961537e-8
1.3959226173933068e-8
1.3802837383578563e-8
1.3648439241244246e-8
1.3496003255007062e-8
1.3345501387494423e-8