0.20000014158930057
0.20001713434010407
0.200062468094798
0.20013619687231665
0.20023840891999425
0.20036922739020255
0.2005288112970531
0.20071735677318
0.2009350986533989
0.20118231241979048
0.20145931655180355
0.20176647533570247
0.20210420220057967
0.20247296366383735
0.2028732839882997
0.203305750676981
0.2037710209613418
0.20426982947639263
0.20480299736360366
0.20537144310341765
0.20597619545750945
0.2066184090026492
0.2072993828711324
0.20802058348847052
0.20878367233312697
0.20959054005795588
0.21044334874089737
0.21134458462037903
0.21229712448818244
0.21330432006323763
0.2143701063122374
0.21549914206224816
0.21669699475320822
0.2179703864263878
0.21932752606152822
0.22077856588405356
0.2223362392464986
0.2240167704592423
0.2258412022926369
0.22783738350484525
0.2300430339685818
0.23251063681876913
0.23531556818546948
0.23857027338229778
0.2424504756698262
0.24724728625391604
0.25348092911328673
0.262181756766983
0.27571778460964735
0.30099185423923047
0.369816630278112
0.7177601981404488
0.08094964973436813
0.15750683019269715
0.18477118024528988
0.19927699503710486
0.20870135761252204
0.21561621314041268
0.22112398873891476
0.22577583022101408
0.22987817554946632
0.23361532026074927
0.2371050671341105
0.24042651736281082
0.24363501827375827
0.24677069689872835
0.24986357665719008
0.2529367742180878
0.2560085683117841
0.2590937799546869
0.26220471829697045
0.2653518445062643
0.2685442479797818
0.2717899948617638
0.2750963879718972
0.2784701642166686
0.281917647220842
0.2854448674719969
0.28905765864562394
0.29276173632169805
0.2965627636128892
0.3004664070442724
0.30447838519013387
0.30860451197745187
0.3128507361358766
0.31722317796224864
0.32172816434051793
0.3263722627925784
0.3311623152158687
0.33610547187835055
0.34120922618279215
0.34648145067434427
0.35193043474435726
0.35756492447647975
0.363394165086427
0.36942794642332477
0.37567665202767503
0.3821513122786009
0.3888636622114921
0.39582620464716917
0.4030522793463427
0.41055613898992965
0.41835303288869413
0.426459299447181
0.4348924685499442
0.44367137520660366
0.45281628599067064
0.462349040041096
0.4722932066721259
0.4826742619644783
0.49351978709982974
0.5048596916636497
0.516726465694744
0.5291554649229435
0.542185234434131
0.5558578769649649
0.5702194731973028
0.5853205628436751
0.6012166970529831
0.6179690747998966
0.6356452785557063
0.6543201278055887
0.6740766730515351
0.6950073580488711
0.7172153844677528
0.7408163213484299
0.7659400121644747
0.7927328457430541
0.8213604746974406
0.852011087752579
0.8848993722599062
0.920271342921992
0.9584102659893536
0.9996439802633005
1.0443540148412018
1.0929870399888366
1.1460693786778944
1.204225577690225
1.2682024279896642
1.338900395709519
1.4174152756267138
1.5050941682217989
1.6036118760724811
1.7150769720244252
1.8421819145982028
1.9884201375361215
2.1584077743555996
2.358373995532349
2.5969329210367325
2.8863457156742722
3.2446790066392683
3.699701968188429
4.296409409203009
5.112829270630016
6.297149955545885
8.169440089967399
11.572589663724504
19.676260137897657
63.826855372870696
-52.20381607513446
-18.70299342069971
-11.447230150910285
-8.277744446511027
-6.501787929040593
-5.36643239696308
-4.578388866317806
-3.9997079445967176
-3.556962265985012
-3.2074731463473714
-2.9247407371928107
-2.6914414990547977
-2.495772926439928
-2.329416594484229
-2.1863410676892734
-2.0620666490364385
-1.9531966537579581
-1.8571089141759498
-1.771747057781089
-1.695475837895325
-1.6269787007375172
-1.565183870768278
-1.509210102502994
-1.4583262537177006
-1.411920739534595
-1.3694781606067312
-1.3305612141715988
-1.2947965458912787
-1.2618635764457231
-1.2314855983708581
-1.2034226231194565
-1.1774655901863154
-1.1534316455463114
-1.1311602664705331
-1.1105100614179189
-1.0913561122627544
-1.0735877551884934
-1.0571067186825365
-1.041825554013058
-1.0276663066616394
-1.014559387374692
-1.0024426094819434
-0.9912603654298444
-0.980962920478733
-0.9715058055076963
-0.9628492940806282
-0.954957951521369
-0.9478002458543071
-0.9413482121908279
-0.9355771635595024
-0.9304654423510984
-0.9259942075264914
-0.9221472535552107
-0.9189108577457793
-0.9162736532206143
-0.914226525299155
-0.9127625294991666
-0.9118768297619978
-0.9115666558653159
-0.9118312793159363
-0.9126720073257392
-0.9140921947734519
-0.916097274352281
-0.9186948054057925
-0.921894542270693
-0.9257085232831387
-0.9301511819752031
-0.9352394824004246
-0.9409930809947723
-0.9474345179169332
-0.9545894414370033
-0.9624868696779496
-0.9711594948861167
-0.9806440364490806
-0.9909816501339063
-1.002218402537716
-1.0144058215952947
-1.0276015362579594
-1.0418700212574898
-1.0572834663399355
-1.0739227936841123
-1.0918788526525758
-1.1112538278833644
-1.132162905448681
-1.1547362529608933
-1.1791213838777241
-1.205485994915893
-1.234021389894025
-1.2649466355354781
-1.2985136376414914
-1.335013383671354
-1.3747836760010756
-1.418218787503362
-1.4657816201761795
-1.5180191571686799
-1.575582297308801
-1.6392515933363823
-1.7099710500617737
-1.7888930883136405
-1.8774392281131485
-1.9773832980424797
-2.0909675687394165
-2.2210680810329024
-2.371435326566876
-2.547053641122824
-2.7546937400873
-3.003791403536263
-3.3079014204944577
-3.687219980287759
-4.173219365841518
-4.817793356623818
-5.713026543730395
-7.03944224874753
-9.205709150716956
-13.375445101068879
-24.7050369352198
-170.039131255987
34.013928730900275
15.408086763795197
9.920822457510884
7.295427861268993
5.7566987310198545
4.746041147810502
4.0317012032971995
3.5002250570806965
3.0895186294321495
2.762739901289461
2.496647045419539
2.275853158176352
2.0897665208840364
1.9308577202616442
1.793627584501794
1.6739661531328927
1.5687400981010469
1.475518936776603
1.3923884575972203
1.317820581398547
1.250580698357713
1.1896604668565605
1.1342282692778956
1.0835921393232664
1.037171645739927
0.9944763057890748
0.955088825199425
0.9186519508647663
0.8848580592764979
0.8534408388380867
0.824168590730339
0.7968387924425461
0.7712736547911612
0.7473164668914657
0.7248285707489969
0.7036868424835507
0.6837815839100367
0.6650147485564853
0.6472984418393698
0.630553647222115
0.6147091396205613
0.5997005547268293
0.5854695887739212
0.571963307913602
0.5591335500964224
0.5469364053294615
0.5353317626004773
0.5242829137157099
0.5137562058966889
0.5037207362908085
0.4941480826277435
0.4850120651445043
0.47628853564065426
0.4679551901405421
0.45999140215380696
0.4523780739568135
0.44509750368106493
0.43813326630099575
0.43147010687379184
0.4250938446042865
0.4189912864963442
0.4131501495129706
0.40755899030499976
0.40220714168698446
0.39708465514061597
0.3921822487144596
0.387491259764967
0.38300360205010087
0.37871172674454584
0.37460858699596944
0.3706876056856127
0.36694264609532823
0.3633679852170364
0.359958289470454
0.35670859262158783
0.3536142757177453
0.3506710488757519
0.3478749347788488
0.3452222537541072
0.3427096103175461
0.3403338810874246
0.33809220397870815
0.33598196860284957
0.33400080780741226
0.3321465902997062
0.33041741430753097
0.328811602238566
0.3273276963081495
0.32596445511272254
0.3247208511340893
0.3235960691668455
0.32258950566904515
0.3217007690436336
0.3209296808660242
0.3202762780813207
0.31974081620315026
0.3193237735552709
0.31902585660683624
0.3188480064627961
0.3187914065826449
0.31885749181355744
0.3190479588381551
0.31936477815347364
0.31981020771528507
0.3203868084027282
0.32109746148120294
0.3219453882679419
0.3229341722351034
0.32406778382005297
0.3253506082527405
0.3267874767568734
0.32838370153558377
0.3301451150156732
0.3320781138982558
0.33418970865044134
0.3364875791746941
0.33898013751310324
0.3416765985864882
0.344587060138468
0.3477225932567437
0.35109534508721213
0.3547186556478836
0.3586071910022603
0.36277709547826864
0.3672461661389836
0.37203405334615247
0.3771624920379736
0.3826555693052141
0.3885400350440412
0.3948456639535146
0.4016056790128842
0.40885724892982983
0.41664207504090905
0.4250070869648429
0.4340052712234871
0.44369666341168573
0.45414954281199976
0.4654418792959437
0.4776630968924421
0.4909162378921642
0.5053206377447701
0.5210152571138771
0.5381628674363189
0.5569553563677738
0.5776205189516777
0.6004308436172586
0.6257150117527426
0.6538731416256669
0.6853972805796347
0.7208993818154368
0.7611501616729173
0.8071341162876988
0.860129121476871
0.9218244621620567
0.9945008304035815
1.081313889110298
1.1867582940448322
1.317462051378598
1.4836224967631022
1.7017825596175649
2.0006755564875993
2.434988497342735
3.123208443263957
4.378941285001766
7.393172048092071
24.369965931454537
-18.125629530937253
-6.580153452159541
-3.998383927196036
-2.8617037173195654
-2.222427836183146
-1.8128440631827598
-1.528126620950608
-1.3188116174124636
-1.1585124053028408
-1.0318672906698718
-0.9293261173994928
-0.8446395619048496
-0.7735465101811502
-0.7130416631288866
-0.6609446747232081
-0.6156352897691505
-0.5758843692680364
-0.5407426085198548
-0.5094652044691695
-0.481459615758884
-0.45624855825493943
-0.43344329249182234
-0.4127240114935138
-0.39382522053126967
-0.37652468679903484
-0.3606349818361121
-0.3459969337084005
-0.3324745041216747
-0.3199507413840725
-0.3083245545677762
-0.2975081208548594
-0.28742478569163515
-0.2780073498532752
-0.26919666275549137
-0.26094046001521054
-0.2531923972063606
-0.24591124226858713
-0.23906019702117715
-0.23260632436372328
-0.226520062480211
-0.22077481104822816
-0.21534657734241716
-0.21021367239848468
-0.20535644921075735
-0.20075707637882642
-0.19639934177606816
-0.19226848174734362
-0.18835103210025836
-0.18463469777234587
-0.18110823856172645
-0.17776136872516027
-0.17458466859073254
-0.17156950661789508
-0.16870797057533032
-0.1659928067060157
-0.16341736591628375
-0.16097555616696502
-0.15866180036469985
-0.15647099915372165
-0.15439849809614672
-0.15244005880467743
-0.15059183365727827
-0.1488503437813461
-0.14721246004570934
-0.14567538684493736
-0.14423664850172957
-0.1428940781517598
-0.14164580901130833
-0.1404902679627227
-0.1394261714268166
-0.13845252352543813
-0.13756861657281474
-0.1367740339714283
-0.13606865562846004
-0.13545266605300704
-0.13492656534431108
-0.1344911833377508
-0.13414769724144596
-0.1338976531733039
-0.13374299209966797
-0.1336860807862824
-0.1337297485037316
-0.13387733038968846
-0.1341327185661569
-0.134500422350807
-0.1349856392003526
-0.1355943383965595
-0.13633335995306056
-0.13721053181241594
-0.13823480915412945
-0.13941644059751113
-0.1407671673252364
-0.1423004627685586
-0.14403182261166222
-0.14597911767059907
-0.14816302593377134
-0.15060756507726522
-0.15334075360660815
-0.15639543818575433
-0.1598103378124369
-0.1636313739695874
-0.16791338228844013
-0.17272233958010189
-0.17813829661624267
-0.18425929191128698
-0.19120665170386789
-0.19913228462274574
-0.20822890522104423
-0.21874465644764948
-0.2310045095466628
-0.2454424126793068
-0.2626510619567602
-0.28346169719392184
-0.3090774150024863
-0.34130714259030775
-0.38300170772360975
-0.43892989811261146
-0.5177171136590959
-0.6367310741914798
-0.8369136470025558
-1.2432986701481874
-2.5080593599546175
28.826709129716907
2.1669781927793177
1.093053657886189
0.722007452292121
0.5341450944417829
0.42077764247531024
0.34499771306656
0.29082009935458353
0.25019686127788154
0.21863501373199662
0.19342891343200916
0.17285191905366265
0.15575035111313426
0.14132405610247528
0.1290006429053174
0.11835983935217555
0.10908611723985802
0.10093798372840337
0.0937274776410902
0.08730612188971441
0.0815550786126838
0.07637810979813156
0.07169645297193548
0.06744503049906915
0.06356960441853952
0.060024612644004466
0.05677150347240847
0.05377743947168251
0.05101427858305806
0.048457765650000706
0.046086885363305664
0.043883340237324674
0.04183112631300961
0.03991618589164671
0.038126121465024296
0.03644995862137597
0.034877948418021325
0.033401401764617804
0.032012549928406506
0.030704426479059122
0.02947076692595807
0.02830592303093545
0.027204789353421993
0.026162740038912245
0.02517557422287153
0.024239468711272277
0.023350936831516532
0.02250679253558875
0.021704118990147927
0.02094024101308504
0.020212700818437148
0.019519236615886396
0.01885776368080971
0.018226357568762057
0.017623239196553397
0.01704676155244785
0.016495397831920496
0.01596773082395206
0.015462443396963474
0.014978309953942687
0.014514188743693002
0.014069014929957966
0.013641794332842254
0.013231597767810773
0.012837555916887991
0.012458854674714847
0.0120947309190753
0.011744468661515588
0.011407395538898408
0.011082879611276068
0.010770326435418615
0.010469176386789774
0.010178902205785881
0.009899006746702651
0.009629020910224882
0.00936850174228033
0.00911703068390712
0.00887421195838011
0.00863967108325022
0.008413053496204694
0.008194023284763388
0.007982262010813953
0.0077774676218683066
0.007579353441702866
0.007387647233747659
0.007202090331212412
0.007022436828497815
0.006848452828942938
0.006679915744409213
0.006516613642607317
0.006358344638436195
0.006204916325934353
0.006056145247737171
0.005911856399203396
0.005771882764614801
0.005636064883073035
0.0055042504419152575
0.0053762938956505805
0.005252056108582711
0.0051314040194336994
0.005014210326416526
0.0049003531913308414
0.004789715961365576
0.004682186907395849
0.00457765897765552
0.0044760295657511745
0.004377200292062999
0.004281076797648197
0.004187568549829657
0.004096588658712161
0.004008053703923689
0.0039218835709304446
0.0038380012963211882
0.0037563329214988627
0.003676807354257745
0.003599356237760448
0.0035239138264628895
0.0034504168685666747
0.003378804494606297
0.003309018111806193
0.0032410013038659813
0.0031746997358561746
0.0031100610639262505
0.0030470348495480392
0.002985572478033863
0.0029256270810869263
0.0028671534631560585
0.0028101080313820046
0.0027544487289354806
0.002700134971559751
0.002647127587142441
0.0025953887581515954
0.0025448819667815096
0.0024955719426628742
0.002447424613000976
0.0024004070550133908
0.002354487450546542
0.002309635042757551
0.002265820094754434
0.0022230138500938692
0.0021811884950417317
0.002140317122506873
0.002100373697563842
0.0020613330244849556
0.002023170715206587
0.0019858631591588454
0.0019493874943916536
0.0019137215799338552
0.0018788439693256881
0.001844733885268005
0.001811371195334725
0.0017787363886979614
0.0017468105538178285
0.001715575357051655
0.0016850130221395638
0.0016551063105256936
0.001625838502476498
0.0015971933789595012
0.0015691552042477706
0.001541708709217223
0.0015148390753054158
0.0014885319191022615
0.0014627732775443281
0.0014375495936860484
0.001412847703022386
0.0013886548203386954
0.001364958527064836
0.001341746759111629
0.0013190077951688761
0.0012967302454450623
0.0012749030408299668
0.0012535154224621496
0.0012325569316842884
0.0012120174003699626
0.0011918869416064739
0.0011721559407188184
0.0011528150466207335
0.0011338551634793189
0.001115267442680457
0.0010970432750827127
0.0010791742835480449
0.0010616523157381758
0.0010444694371659167
0.001027617924491338
0.0010110902590529456
0.0009948791206246808
0.0009789773813897774
0.0009633781001230276
0.0009480745165732833
0.0009330600460384763
0.0009183282741256963
0.0009038729516891992
0.0008896879899395786
0.0008757674557175319
0.0008621055669260368
0.0008486966881149011
0.000835535326212021
0.0008226161263958108
0.0008099338681035977
0.0007974834611708808
0.0007852599420966967
0.0007732584704304137
0.0007614743252755073
0.000749902901906101
0.0007385397084921396
0.000727380362929303
0.0007164205897698726
0.0007056562172509559
0.0006950831744165943
0.0006846974883304121
0.0006744952813756228
0.0006644727686392967
0.0006546262553779736
0.0006449521345617263
0.0006354468844940065
0.0006261070665046034
0.0006169293227132259
0.0006079103738612572
0.0005990470172093675
0.0005903361244987451
0.0005817746399737616
0.0005733595784640223
0.0005650880235237892
0.0005569571256268595
0.0005489641004150292
0.0005411062269983872
0.000533380846305697
0.0005257853594832308
0.0005183172263404387
0.0005109739638409484
0.0005037531446373913
0.0004966523956486339
0.0004896693966780549
0.00048280187907152183
0.0004760476244138094
0.00046940446326221145
0.00046287027391616746
0.0004564429812217585
0.0004501205554099719
0.0004439010109676441
0.0004377824055400835
0.00043176283886436825
0.00042584045173235045
0.0004200134249824556
0.0004142799785193747
0.00040863837036079906
0.0004030868957103412
0.0003976238860558641
0.00039224770829242707
0.0003869567638690948
0.00038174948795889645
0.00037662434865121813
0.00037157984616596946
0.00036661451208885154
0.00036172690862710475
0.0003569156278851233
0.00035217929115934104
0.0003475165482518146
0.00034292607680196135
0.0003384065816359025
0.00033395679413290776
0.00032957547160842633
0.0003252613967132326
0.0003210133768482113
0.00031683024359432477
0.00031271085215733217
0.000308654080826828
0.00030465883044919137
0.0003007240239140472
0.00029684860565384983
0.00029303154115622467
0.0002892718164886962
0.00028556843783545164
0.00028192043104581223
0.0002783268411940705
0.00027478673215037717
0.00027129918616237796
0.0002678633034472864
0.00026447820179411675
0.000261143016175783
0.00025785689837080233
0.00025461901659432995
0.0002514285551382779
0.0002482847140202571
0.0002451867086411149
0.0002421337694508278
0.00023912514162251818
0.00023616008473438595
0.0002332378724593327
0.00023035779226207757
0.00022751914510355564
0.00022472124515241496
0.00022196341950341474
0.00021924500790254528
0.00021656536247868799
0.00021392384748164436
0.00021131983902637224
0.0002087527248432505
0.0002062219040342311
0.00020372678683471375
0.00020126679438100132
0.0001988413584831799
0.00019644992140329737
0.0001940919356386917
0.00019176686371034265
0.0001894741779561131
0.00018721336032875944
0.0001849839021985865
0.0001827853041606261
0.00018061707584622982
0.0001784787357389585
0.0001763698109946643
0.00017428983726565386
0.00017223835852883684
0.00017021492691775373
0.00016821910255839008
0.00016625045340867796
0.0001643085551015972
0.00016239299079178716
0.00016050335100557594
0.00015863923349434945
0.00015680024309117486
0.00015498599157059932
0.00015319609751154314
0.0001514301861632177
0.000149687889313987
0.0001479688451631082
0.00014627269819527468
0.00014459909905789936
0.00014294770444106945
0.00014131817696010597
0.00013971018504067078
0.00013812340280635523
0.00013655750996869473
0.00013501219171954665
0.00013348713862578092
0.00013198204652622433
0.0001304966164308062
0.00012903055442185438
0.0001275835715574893
0.00012615538377706896
0.00012474571180863235
0.00012335428107830118
0.00012198082162158707
0.00012062506799656624
0.00011928675919887252
0.0001179656385784703
0.00011666145375816616
0.00011537395655381623
0.00011410290289619299
0.00011284805275447286
0.00011160917006130635
0.00011038602263943485
0.00010917838212982017
0.00010798602392125043
0.00010680872708139102
0.00010564627428924489
0.00010449845176899267
0.00010336504922518202
0.0001022458597792327
0.00010114067990723057
0.00010004930937898133
0.00009897155119829535
0.0000979072115444745
0.00009685609971497777
0.00009581802806923664
0.00009479281197359623
0.00009378026974735584
0.00009278022260988599
0.00009179249462879888
0.00009081691266914625
0.000089853306343625
0.00008890150796376756
0.00008796135249209577
0.00008703267749521529
0.00008611532309783374
0.00008520913193767955
0.00008431394912130376
0.00008342962218074409
0.00008255600103103416
0.00008169293792853972
0.0000808402874301023
0.00007999790635297576
0.00007916565373553594
0.00007834339079875003
0.0000775309809083855
0.0000767282895379476
0.00007593518423232587
0.00007515153457213764
0.00007437721213875106
0.00007361209047997639
0.00007285604507640957
0.00007210895330841395
0.0000713706944237286
0.00007064114950568908
0.00006992020144204819
0.00006920773489438295
0.00006850363626807827
0.00006780779368287304
0.00006712009694395815
0.00006644043751361406
0.0000657687084833784
0.00006510480454673161
0.00006444862197228946
0.00006380005857749372
0.00006315901370278927
0.00006252538818627894
0.00006189908433884492
0.00006128000591972933
0.00006066805811256178
0.00006006314750182862
0.00005946518204977088
0.000058874071073705575
0.000058289725223760274
0.000057712056461012446
0.000057140978036026324
0.000056576404467779183
0.000056018251522968954
0.00005546643619569488
0.0000549208766875058
0.00005438149238780669
0.000053848203854618106
0.000053320932795679224
0.000052799602049890695
0.000052284135569088476
0.000051774458400142405
0.00005127049666737406
0.000050772177555286596
0.00005027942929160168
0.00004979218113059576
0.000049310363336731714
0.000048833907168579
0.000048362744863017256
0.00004789680961971711
0.00004743603558589363
0.00004698035784132751