0.2000001261460096
0.20001613799865647
0.20090065431826898
0.2001445351042714
0.2004191010666871
0.20052423069599748
0.20059085448194483
0.20101715318888475
0.2018962634209829
0.2014568997097296
0.20147018702194344
0.20111655021660566
0.20181888889790703
0.2022705570366734
0.202418162205804
0.20330255253048657
0.2041737575602754
0.2047489793103788
0.20498558140086395
0.20609223035096172
0.2060864036753196
0.20612519346100647
0.20669179719378952
0.2077451822987038
0.2082035687528218
0.20939417017043943
0.21101912560257838
0.21209921798768588
0.21259587017777404
0.21420168770184217
0.21463763084369092
0.21473161449490755
0.21571191183612984
0.21747997542557146
0.2181272977332243
0.22045583761678703
0.22339603018196472
0.22531183749740658
0.2266166731730424
0.22947918806171305
0.2302649586531043
0.23064549326150333
0.23357949813268464
0.2357110613962742
0.238892653699446
0.24811752770527168
0.2586787908472971
0.26531634285554523
0.3236183354520051
0.34767940917962403
0.33552628491020775
0.2769970774385974
0.16718633299483576
0.1344326649218428
0.1746628138323024
0.2027777894246462
0.2168301000612584
0.21906821803486165
0.22293960421295625
0.22904888138481946
0.2308867310773517
0.23112301219078077
0.2333697301621934
0.24073752510034965
0.2406580012527883
0.24472495037857578
0.2514344662445077
0.25721369596142873
0.25493938330807137
0.26235918344384457
0.26501109428084746
0.2639495759394192
0.2634395897323144
0.2735520694479608
0.27139606319514353
0.27490239506005165
0.28296992226309503
0.29133001120989244
0.2868580324366661
0.29683809694955104
0.3009716181505696
0.29947626839840524
0.2973102352296286
0.3121976255966569
0.3082522534116162
0.3118063346732118
0.3229578420836119
0.334876646704246
0.3271179216382554
0.34155682229599527
0.34782629803655457
0.34520177491111065
0.3412670290715518
0.3626202136932408
0.3564615686406865
0.36123824772964336
0.377093686385965
0.3949476026554517
0.38240086600072887
0.4044073969969761
0.413036879668577
0.40874170940073645
0.4024356755085737
0.43500295315989335
0.4246420105141284
0.4310547379817442
0.45503271892975833
0.4813451495209366
0.4615459717751286
0.4953611337656411
0.5090424525943242
0.5025690512491122
0.4921691297888803
0.5430221628796141
0.52672582374601
0.5354980904301286
0.5736232954426238
0.6151097556348317
0.5837764117773208
0.6384443763350578
0.6614509872326324
0.6515488045363506
0.6329823510233894
0.7207756678939361
0.6903847214613104
0.704489574696673
0.7724271620836116
0.8421993169361829
0.789558893339155
0.8907297091102809
0.9318690700071145
0.9187635638006706
0.880181156149052
1.0628051197895447
0.9894695510728635
1.0109496962889264
1.1662698673620713
1.2798845098494498
1.3309962047010822
1.4399570328035594
1.4940197217037765
1.5415476236371628
1.5885621959317575
1.6904420250651562
1.7564194466566787
1.8395000368109704
1.949400006281881
0.7010839303832624
2.366465119948959
3.0919366572455673
4.021750841058673
3.267518125563861
3.203353765366955
5.20753395369325
4.943312277569355
5.814265423389062
7.3410342002629765
-15.134880088241887
10.736725322989114
-10.914756938822796
-9.012791141796423
-8.254466224444458
-17.82606612314732
-5.031685115898804
-6.218754184222341
-5.648291867439961
-3.81703685797571
-2.8061868963430023
-3.477603226591681
-2.6687662223972377
-2.4037111610232724
-2.4952990625671743
-2.690791733861951
-2.0484302403066996
-2.1777794993885444
-2.103304099675731
-1.8437127200666958
-1.6036062646447529
-1.7687786135584742
-1.563177358319499
-1.4804396084828948
-1.511496636842395
-1.5674470050662963
-1.3627887923073227
-1.4107984847045136
-1.3872414751906845
-1.293722375797581
-1.1919648077630722
-1.26600801871487
-1.176481024707987
-1.137195997715165
-1.153471994113737
-1.1820012900577486
-1.0834113711178186
-1.111265933555415
-1.1041186091067292
-1.0586766847317906
-1.003753135309309
-1.0496578216518886
-1.0003946963931596
-0.9780202171384601
-0.9894296924041135
-1.010103571717844
-0.9528632745123286
-0.9744923676442009
-0.975135104401328
-0.9506038853154896
-0.9172210238086055
-0.952337941638833
-0.9222546775363444
-0.9077332657734377
-0.9192809685743062
-0.9393878973599745
-0.8992068963936319
-0.9221147730314582
-0.9290927491698003
-0.9164444847808386
-0.8925360857112191
-0.9286227090855239
-0.907691569198339
-0.8966612745533424
-0.9119651716330042
-0.9357972448116962
-0.901094371600126
-0.9324280403410967
-0.9457345779918187
-0.9427154647581791
-0.9255774445436967
-0.9668217455211827
-0.953189523516504
-0.939679074724317
-0.9666033268832946
-0.9944277794519701
-0.9571873402971026
-1.0157733610283564
-1.0276041744468887
-1.0355616396939924
-1.042445241856343
-1.056891310849782
-1.0654759701274101
-1.0751692352877662
-1.0863514352494015
-1.0831925259072621
-1.1332677993644436
-1.1756614208697653
-1.2530415200618739
-1.2412961671447436
-1.2158693760947226
-1.344926010417868
-1.318926484735251
-1.3307117240989121
-1.3826035249407764
-1.5319468039286899
-1.4593822751707868
-1.576202507442345
-1.7280883860693328
-1.7358686086286126
-1.681895040936162
-1.987639090047487
-1.934651933358735
-1.9669729473779116
-2.127186931867297
-2.5738457239514507
-2.3438211117818186
-2.7564899280156028
-3.3678231032919776
-3.3804871647687214
-3.182787160196045
-4.860312358346086
-4.43061599249873
-4.716076982067375
-5.933148955601774
-11.195435563179931
-8.52193005937949
-12.757940858586307
27.46785419527023
11.22338520051284
9.99448299417532
6.725735982896106
7.331892733840276
7.482694016290291
4.964088494118037
3.300805884645178
4.115203662852772
2.9581593092223173
2.4551786892410727
2.3811709442869438
2.5565424030072816
1.9113185959145025
1.9912375354402778
1.9599044813926805
1.7219497451928678
1.44589366720677
1.5847505397750208
1.3731736393461496
1.244396208044749
1.2272582423526441
1.268322100390667
1.079049365395215
1.108047163278424
1.0929749287737016
1.015426973845741
0.9081632997114074
0.9573110462817557
0.8753106159172885
0.8212299401294966
0.8152260742873768
0.8317847168105443
0.747150385238103
0.7586157694552405
0.7490998232999238
0.7107884854841087
0.6598068767304689
0.6865504666475549
0.6406675762302454
0.6144258057395766
0.6109969207153761
0.6193245183912698
0.5731996043594038
0.5791793522124737
0.5723266341878785
0.5508051408163005
0.5216590096375748
0.5355090465193636
0.5108589727608523
0.49433796372766686
0.49255970668784943
0.49663233743850094
0.46955381791965045
0.4728371608633064
0.4684528372953485
0.45504677752247963
0.43720611167184464
0.4448640927156026
0.42965102766439794
0.4198544682246779
0.41842737360501253
0.4204526707292954
0.40388995032110503
0.4051140206384753
0.40146859749029906
0.39344703855305546
0.38287717330629545
0.385995382749151
0.37750125294186265
0.3716642380962335
0.37064185111530173
0.37102739913307087
0.3619220855775214
0.3617606145185347
0.35909056183457744
0.3542632500442659
0.34806204078619885
0.3492343014546878
0.3446659657634461
0.34137190090439956
0.34048595809756527
0.33998087029451934
0.33565741584899966
0.3348463922993258
0.3330026933425271
0.33057352857744554
0.3278051016420279
0.3273697837589583
0.3256722009488079
0.3244350358067529
0.32385114042072716
0.3230362282665097
0.3231081003850551
0.32088063914780207
0.32016144764390947
0.31965840149514096
0.3192699270003609
0.3190655090319287
0.31908681625434654
0.3191318597479378
0.3191892967164169
0.3192055127079338
0.31997485857846897
0.31963725004568355
0.31927673038520743
0.32109158013022737
0.3228052149559105
0.32172577981728384
0.3245826006118398
0.32619388924221066
0.3268979870929706
0.32690383668523154
0.33103422009644873
0.3313114621499034
0.33253310854714435
0.336268799236445
0.3403144641211585
0.34017484442754337
0.3454911835613165
0.3485067481080032
0.35053521876781124
0.35234495769716456
0.3591191632754643
0.3610899681177175
0.3649355822264483
0.37165921319500067
0.3779092745799398
0.3801808414289042
0.38883170037559367
0.3946918535637864
0.3997892448309331
0.4051221576192037
0.41539543930778
0.4215421956743196
0.43025733547606837
0.4429623876539021
0.45984353182367843
0.4620379959440194
0.47645684284955825
0.48849374631659426
0.49993305204636085
0.5163094037467734
0.5344408739113256
0.547611203438918
0.5722389714157632
0.6007158109769984
0.6194461217098773
0.6495925190988416
0.6808262229378577
0.7107771449099736
0.7431127431405565
0.7950591192022357
0.8370170067041773
0.8969598467822726
0.9776930589378802
1.0796465032198348
1.1457646044678294
1.312588523116652
1.4458938874355498
1.5927620042581954
1.8423808614299313
2.3485489601888307
2.6833740888735815
3.78472708757923
6.940100718610555
11.338953963537877
-6.349860138611228
-6.4005026313078295
-3.857347369195805
-3.158248226432628
-2.5162474613003076
-1.8619533607308774
-1.6290741712860268
-1.4060447731571897
-1.170072220401837
-0.9795627538983834
-0.9059417806700537
-0.8436612637663083
-0.7569785891420866
-0.7363268018607992
-0.6879532994417364
-0.6241403309977452
-0.5964730241352105
-0.5569905837054534
-0.5128408037397336
-0.4794827102443727
-0.4572163377929521
-0.43307572891220797
-0.4118124826386579
-0.39754884339582347
-0.3853607409821555
-0.36568576434138134
-0.3511128957985283
-0.33996143641028553
-0.3224366550276243
-0.3063056208788232
-0.29657750511566416
-0.28746266968546647
-0.27576994361675944
-0.2692625797792553
-0.26465696338845923
-0.2576314786245564
-0.2465392025117628
-0.2436402038779127
-0.23512072355012914
-0.2249116685034472
-0.21826388441672437
-0.21610790491915324
-0.20733455567579126
-0.20362838214753737
-0.20242034914444595
-0.20094420754694983
-0.19009795996385398
-0.1922893762855045
-0.18776881220314795
-0.17957902169173023
-0.17537267431868406
-0.17035303951775174
-0.1684188501011177
-0.16674775379159412
-0.16527913061901917
-0.1639494370242704
-0.16150044164939892
-0.16037923947961086
-0.15902570628498122
-0.15640698501773725
-0.12885140196760536
-0.15291400806712463
-0.14680039003235743
-0.14346870650088464
-0.1467660408808328
-0.14902466604101589
-0.14089978413317306
-0.1438814239465762
-0.143817005130343
-0.14008753035820187
-0.13256569957321918
-0.14057578832727297
-0.1349513590777474
-0.13235443085329607
-0.13544131687317465
-0.13956466849219365
-0.13158084532910416
-0.13611693654645426
-0.1374741623047629
-0.13453005156735284
-0.1283981415379154
-0.13704190863232546
-0.13203646626985432
-0.1300674215814617
-0.13384154290632613
-0.13946330464333714
-0.1318752953663862
-0.13794970272122592
-0.14082952733184548
-0.1389069331798385
-0.13391496656732224
-0.14399776579541482
-0.13989513331089992
-0.139152317876654
-0.1447778076734199
-0.1522405505545172
-0.1460186980248794
-0.15453824493155605
-0.15934772743275977
-0.15958841595237874
-0.1568783015648838
-0.1700030767153634
-0.1688260068170558
-0.17190448451374168
-0.18185435401652195
-0.19432174162734908
-0.1927532412247891
-0.20817679803906614
-0.21936170903779
-0.22641694285072986
-0.23388323682534165
-0.2579927831151794
-0.2710686351041532
-0.2964697137304196
-0.33599491949997323
-0.37810025753405935
-0.4270642728783125
-0.5098292760699217
-0.5946839471263883
-0.7221540108107859
-1.0650639664878514
-1.5164296512411521
-5.363449615403622
2.386794577087942
1.0073136119651291
0.6999042647319705
0.5063966340010811
0.4035512630673894
0.3510046595052759
0.31425687280044556
0.26103895635666463
0.2249578287889147
0.2115812593329151
0.1747752848649596
0.1514756385734814
0.13858263667944218
0.12098056177557912
0.11646746283816294
0.11232583582113594
0.10875177463038065
0.10621064250567978
0.08782487896906456
0.08531922740031267
0.07950608585238897
0.06981125716973074
0.06137464609531994
0.06515539139693494
0.057579599523289574
0.05454126302187728
0.05551425003920435
0.05616164368947649
0.04756085447706937
0.04890692670943036
0.047071647123591326
0.04161325181943006
0.03585245779204324
0.04063201924428418
0.034828344678301336
0.032450667017384194
0.03403441909559188
0.036585064468881545
0.028930962647500683
0.03177074735223816
0.03170085207673882
0.027677151939894923
0.022331580189016167
0.028181516849646555
0.022817741197385447
0.020624270400898516
0.02257834559693148
0.026087895415587477
0.01857213757487273
0.02217440286960456
0.023061885259327227
0.019537392671935588
0.014451832526913509
0.020825843464088195
0.01571561948565653
0.013509503013070887
0.015727923479635544
0.0198920837643958
0.012241312878100631
0.016381775540503275
0.01762889107055819
0.01447579191773146
0.009330288683610763
0.016090771362536428
0.011189113390512121
0.008964639414376118
0.01127263990149334
0.01571514387223197
0.00819896724507404
0.012468518430967893
0.014113990983734994
0.011144069142117326
0.005929495503335088
0.012999713509821178
0.008037579857653134
0.005908180027669471
0.008249348419069302
0.012988991967354216
0.005228432517976104
0.009812826830520609
0.011581972318707475
0.008735363072134735
0.003467720324263754
0.010929977011377637
0.005983858825730726
0.0037016202796562236
0.0060943804436921385
0.010946358766318828
0.0032353845516178603
0.008016601036075793
0.0098766145052907
0.0071210164988993975
0.0017715248538696972
0.009294090130366622
0.0043828408181164225
0.0019650620249645383
0.004547097011254079
0.009650366800811154
0.0017487887148149048
0.0064536340136388095
0.008698838839753614
0.005881303602097087
0.0005632438655949429
0.00833374701405671
0.0031486783787991702
0.0008186173233024992
0.0033900984177946624
0.008626838590845053
0.0006063410512183853
0.005513452627867878
0.007706185728751095
0.004941747115787595
-0.00045636458613395106
0.007434546515361645
0.002258130510234989
-0.00012021004899934575
0.002522758722860827
0.007842588405618606
-0.0002147652638688191
0.0047470129760630525
0.006928682807349612
0.004298072510317694
-0.0013152323311781925
0.0067990093743004985
0.0015784837767290312
-0.0007242893467691191
0.0016970312284435417
0.007204963076369538
-0.001071833121445507
0.003974273912234978
0.006417943600985065
0.003720998525313734
-0.0016044177300361536
0.006317329823999533
0.0011426334127900293
-0.00139475294906042
0.0011532732491952623
0.006826957543810366
-0.0014133922222683613
0.0035189418848494184
0.006073677956637932
0.0033517055289163868
-0.002373345254306482
0.005939378644751052
0.0008662755823680328
-0.0017806154673502474
0.0006915524564354429
0.006147732767318021
-0.0020247893545313625
0.003126910771321057
0.005699607579224994
0.003126373922877358
-0.0025805813470677944
0.005911185270684354
0.0004483170026701144
-0.0023060193248562347
0.00038817689217396237
0.006256756045590663
-0.0023202945976228853
0.0028386218504864494
0.005227285390716303
0.002713666151545367
-0.0028129437332061347
0.005426360873574209
0.000025021644926170542
-0.0024734511740134362
0.00010320709670543534
0.005692395886523508
-0.002736220248103508
0.0025383549395698343
0.0050444379347837735
0.002499600357230369
-0.0028360709273401656
0.005321603660199143
-0.0000694343825750176
-0.002702623347999737
-0.0003029299711460361
0.005254477264285606
-0.0029458975390082597
0.0023723821788497607
0.005082841047784529
0.0026101469112307977
-0.003493737443339525
0.005186058765302241
-0.0002501943760170663
-0.0029381014425230714
-0.00032681885904182513
0.005500828671227482
-0.0030428364928665706
0.002341039771194373
0.004806251039710598
0.0021735946749018016
-0.0035210909647298417
0.004987299209890244
-0.0005045290756634857
-0.0031502403431929687
-0.000549887151476235
0.0054335518739448
-0.003241361567406052
0.0021941627682276693
0.004877653672062281
0.002125223317607551
-0.0035825918726588406
0.00490360167563303
-0.000644220431239259
-0.0032481416211132524
-0.0006820543566882863
0.005507944187796128
-0.003372726267448981
0.0019945163001351698
0.00466928411255114
0.002020326570350494
-0.003761417866437595
0.004976471740257229
-0.0007422588190331836
-0.003421487053014152
-0.0007651805136609681
0.005095800190342699
-0.003603937093371856
0.0019724279408114545
0.004723167610195853
0.0019120264332547123
-0.004244354845483969
0.004615801653181622
-0.0007594768923729246
-0.0035538598328638937
-0.0008181742803505191
0.0051807605694881124
-0.0037636190174090227
0.0019323736684071207
0.004759558259644092
0.0018014110842018759
-0.004162872710567465
0.004692491353897008
-0.0009080643658145754
-0.0036629139374990856
-0.0008623021256670145
0.005196859899333111
-0.003680024132984153
0.0018869722645374978
0.004619571957264332
0.0017514449027007436
-0.004171230835631741
0.004854406324031119
-0.0010187289219596807
-0.003759799741935361
-0.0010110204200535675
0.005106883484637673
-0.0037520620094686754
0.0017300731196253937
0.00453131441640737
0.0018042873827182348
-0.004034497020300092
0.004478510176890208
-0.0009664498574528147
-0.0035623667529457934
-0.0011032029098148879
0.005136557989940334
-0.0037311330130185465
0.001620735914716948
0.004639195142600713
0.0018260128719473673
-0.0044914733986368
0.004666840941766306
-0.0009633208752348592
-0.0038864733335215807
-0.001164258272207036
0.005123605174220531
-0.003972185074200295
0.001673754491475737
0.004541729634439563
0.0018021222871861572
-0.004465916015528806
0.004768211853757196
-0.0010008537994443281
-0.00393549628108015
-0.0012707960456986578
0.005306933508723949
-0.004194368225427058
0.0016039076786177801
0.0047062082172622186
0.00173205024922789
-0.0042769772342780244
0.0046428737794324835
-0.0010275478699756553
-0.0037473614588001756
-0.0012845445653300758
0.005248156841555707
-0.004001953571264852
0.0015539264350370122
0.004498109462767481
0.00179738033388214
-0.004508160626706707
0.004600853559410616
-0.0010620789177311926
-0.0040118795654493595
-0.0013826594297139867
0.00465917805642675
-0.004104873225760299
0.0014935528345157597
0.0044228343751982445
0.0017331750782189788
-0.004522850493169315
0.00477496909778078
-0.0009711393813850711
-0.004083166427002682
-0.0013842548150753925
0.004805798527567271
-0.004139395209627198
0.0014749608246440297
0.004502561520371195
0.001760509950929163
-0.0045004911432281434
0.004579664836964701
-0.0010960877647733338
-0.004083671151111954
-0.0013575542832510994
0.005061611058552904
-0.004523573820881365
0.0013497619311276861
0.004666123682745804
0.0016751812085242209
-0.004477406645954619
0.0048813385248281495
-0.0012645410368949033
-0.004117907244188461
-0.001419384457174336
0.004983712762342117
-0.00419251000882929
0.001394449432337184
0.004356309698141047
0.001704021414196936
-0.004401495689987815
0.004917181065002877
-0.0010575997320415428
-0.004112975076625956
-0.001464336645278935
0.0047001945620875115
-0.004298071779746069
0.0012941203207833124
0.004486239840093844
0.0017282249655043004
-0.004659375708743928
0.0045051990508713025
-0.0011249340418444393
-0.004298242766948057
-0.0015214113201257175
0.004911874887083942
-0.004324960325525908
0.001405813244322102
0.004287150273257477
0.0016690560618171223
-0.0046007690123723525
0.004720847958627117
-0.0012117477871874571
-0.004183215460772774
-0.0015298814014401347
0.004715714901711168
-0.004269657534495619
0.0013033865021069885
0.004363880450544184
0.0016219641382065916
-0.004411512689208645
0.004542745232275377
-0.0012479163388294146
-0.0040922962352979925
-0.0014550170661137396
0.004986792229089755
-0.004190085704000797
0.0014037701715937773
0.004295008818516172
0.0017041695124391846
-0.004820270147125563
0.004587327961775268
-0.0012275224403427453
-0.004214254476821551
-0.001473160032881236
0.005012742199174124
-0.004328808652267175
0.001409627449997499
0.00457881732260161
0.001633671862744573
-0.004748549234229443
0.004532223483590903
-0.001226412825803522
-0.004290735784378833
-0.001484431177919772
0.00499471554192581
-0.00436241127208642
0.001437984857478512
0.004360351124935651
0.001594079043773195
-0.004862916660350148
0.0045580661558250425
-0.0012872568642142974
-0.0044210905180813885
-0.0014398865382728337
0.004985111302330752
-0.004447810233845627
0.001419527490733774
0.00445556259431993
0.0015605710703868504
-0.004783680920545147
0.004667236970067894
-0.0012952706318665427
-0.004362505478984745
-0.0015228267261840698
0.004856833807905986
-0.004473401076094156
0.0014151222191296985
0.004417955581300421
0.0016666144683266742
-0.004927374393123025
0.004549407151517905
-0.0012654955969754883
-0.004325392994324662
-0.0015354240257183585
0.004877769247704087
-0.004469483396637547
0.0014037978036880393
0.0044618544880537245
0.0016207172936611185
-0.00474827952337141
0.004610204485741992
-0.0012155918423521327
-0.004355321650895889
-0.0015427333621051192
0.004986167243800065
-0.004473163802795768
0.0013714341272401574
0.004494792037719324
0.0015889264099338309
-0.004801348394924497
0.004595761293512829
-0.0012530773387833588