0.2000000012256057
0.20000014817960496
0.2000005395717447
0.2000011709352089
0.20000209544176703
0.20000329083336285
0.2000047968927378
0.20000664226368525
0.20000890151117498
0.20001022452999084
0.20001573466831093
0.2000186553542585
0.2000224948097973
0.2000242911143606
0.2000284048532894
0.20003264295115084
0.2000378978073924
0.20004329396748383
0.20003582483384932
0.20005796310876856
0.20005254020726215
0.20002850503541397
0.2000676051100341
0.20027047694761577
0.2001410942229574
0.20007830879396704
0.20011709227927127
0.2003081997144796
0.20001785739739708
0.20012536874584144
0.20036681788874025
0.20014208019371402
0.20027784250860786
0.2001527849946273
0.20015866732066623
0.20014723117912242
0.20015518256601747
0.20013136222242656
0.20012865308868685
0.20015079066132088
0.2002408610573558
0.2001991517783887
0.20015005357931076
0.20029303760641679
0.20028043509470603
0.20030959061379874
0.20027620551897587
0.20028796987777223
0.20029796989450574
0.20032442569175865
0.20035513676630134
0.20037424200534318
0.2002632988857061
0.20039585828840878
0.2005123925974121
0.20019378919891853
0.20036644801407155
0.20043724590341475
0.20048760483899625
0.2004723862051704
0.20040335499947504
0.20059560671548424
0.200540807051599
0.20056905877918682
0.2005468216115919
0.20060453241393356
0.20061796490739692
0.20063678634601922
0.20065327435169006
0.20069458233039272
0.20067786545427438
0.20069770606612902
0.20072666779424075
0.20078612810468235
0.2008310219976482
0.20083362442841196
0.20084904780149757
0.2009743650203156
0.2008940799541104
0.20089033107779988
0.20081778467777556
0.20105246045769776
0.20096010453424135
0.20098540722552388
0.20101687542158764
0.2010789211326597
0.2010387362385815
0.2010471740105602
0.20111187603269207
0.20110225815860358
0.2010747100708633
0.20114733181768477
0.20121727366696104
0.20123005569333532
0.20127424095686605
0.2012792680160111
0.20132676494882695
0.20136392745527074
0.2013788935133243
0.20141321809367946
0.20143731417346455
0.2014598650093878
0.20148509394838007
0.20150855483569213
0.2015541723846791
0.20157200424308255
0.20161723862046013
0.2015998380576199
0.20173102481930014
0.20168366552261904
0.20172378828091675
0.2017104699711835
0.20174997234382935
0.20183370605503062
0.20189747428561622
0.20191057913275398
0.20194053626928
0.20197001482687213
0.2020080005931728
0.2020687533887693
0.20204442775099596
0.20212049449431982
0.20215330692226438
0.20214273725918114
0.20218769713401857
0.20226179791588642
0.20228474763899693
0.20231671204304588
0.20236411526158093
0.20237386281055483
0.20240986234162936
0.20249220358270087
0.20248592336256716
0.20254825237466015
0.2025810149008986
0.20261787708008394
0.2026829437794663
0.2026659952636079
0.20275347367912142
0.20274542600221498
0.20281079999129092
0.20288151828573092
0.20285701681924342
0.20291355435243533
0.20289627018415496
0.2030602340183236
0.2030883408338747
0.20309378047781368
0.20315048337854927
0.20322530382751408
0.20325488232671468
0.203301885136155
0.20336035645164194
0.20342440976829324
0.20342509352286933
0.20349635069716507
0.20353290028970603
0.20361727853326414
0.2035982764365552
0.20372487622771057
0.20372318145244522
0.20384318386869751
0.20384612416281447
0.2038006844567368
0.20390072392309538
0.20395813345026464
0.2040041794302404
0.20405522977053314
0.20410628552479446
0.20417360039913254
0.20420152482228712
0.204296348498538
0.20435359610408618
0.20441412732754757
0.20445939807077645
0.20449427780862212
0.20453946867515624
0.20460018704003258
0.20465151930249423
0.20471916647871255
0.20480255944033274
0.20485168745539226
0.20488733100217457
0.20493947935429568
0.20499650028372934
0.20503115367178226
0.2050591634319177
0.20513542404064045
0.20519173002315105
0.20535335038310082
0.20541688029724273
0.2054395762683525
0.20547540034923378
0.20560505351594205
0.20560099221406863
0.20568860794855187
0.20568895495483677
0.20578342583985326
0.20582435006663344
0.2058910851025855
0.2059394119742549
0.20599080363168926
0.20604321276530937
0.20609166056563105
0.2061706017012556
0.20616932940152688
0.20622654308485436
0.2063294736384498
0.2064061849534575
0.20640745851666834
0.20644662376231532
0.20652976293266934
0.20658070361772296
0.2068740315037231
0.20692334565338066
0.206941112969912
0.20700546468831899
0.20704841185615286
0.20709682659937126
0.207148265084488
0.20719547607322558
0.2072621637376839
0.20733474171862873
0.20742644869582025
0.20747418395777
0.20749797082694443
0.20759007501142743
0.20763301832513936
0.20777548502348475
0.20782279278165205
0.20788367494550222
0.2079612229922173
0.20805231916141556
0.20813967046240653
0.20823486101967997
0.20834384761663463
0.20844481122107208
0.20850330912791026
0.20845838633592179
0.20851753253448124
0.2085715962021285
0.20865375129800365
0.2087519688077994
0.2088602766101762
0.2089284620519099
0.20903102761571657
0.20911310816216766
0.20918589375498045
0.20930161093189326
0.20938312200089917
0.20948230814155547
0.20957894907508876
0.20968429738833452
0.20979052510663365
0.20989865778645045
0.21001207902938177
0.21009319731559864
0.21023336036217802
0.21032676100736483
0.21037234622171852
0.2105413852748547
0.21058929271281066
0.2107107959738656
0.21044671883015087
0.21062593950944877
0.2107274674225481
0.210829810718031
0.21094638331667823
0.21106236601051223
0.21117124290044162
0.2113042414906666
0.2114170625169383
0.21155271386573343
0.21165587463659236
0.21178378943152293
0.21188955850999278
0.21195806530078432
0.2120917809219283
0.21217528574160982
0.2122546100888606
0.21232308645628584
0.21242925484517514
0.21249763698226473
0.21256982286919268
0.21264363102455747
0.21268820230409619
0.21278650023172535
0.2128520624365983
0.21315157960106765
0.2132166746860196
0.21335253975939925
0.2135366340299067
0.2136499293281219
0.21372081179745608
0.2138525421746327
0.21391194938987262
0.21401640237928826
0.2140855433911954
0.2141761724410657
0.2142542169336988
0.21432767918873846
0.2144028599724191
0.21446707000115314
0.21455929302708085
0.21460360036543716
0.21473716496583153
0.2147630079001753
0.21485975826260073
0.21493326742293048
0.21502123082144145
0.21512066014399592
0.21522705035287656
0.21531810496105114
0.21604542744443542
0.2161053494110531
0.216167486396951
0.21621791346354785
0.21628626419292935
0.2163499118934417
0.21643026159513354
0.21651660794432107
0.21660601545850694
0.21664125523650274
0.21676066517605866
0.2168489485044657
0.21696289602070445
0.21713775743926542
0.21725590421603083
0.217369698868049
0.21745663178908708
0.21762187713595937
0.2177732671584634
0.21794440116786037
0.21813811966666263
0.21832906522467313
0.21852631382734042
0.21871148511971938
0.218934621763492
0.21866808074946223
0.21878846524510853
0.21885379293845283
0.21899120008505962
0.21911657768737072
0.2192144411678556
0.21939236670086426
0.21961788144881583
0.2197225392676427
0.2199687779695095
0.22015663410495218
0.22033753306605852
0.22054208722350888
0.220769258341097
0.2209910351143684
0.2211929483311501
0.22139359872952363
0.22162499224802124
0.22186089740498507
0.2221095657296206
0.2223148687820255
0.22254225327195884
0.22274637737931965
0.2228777026071757
0.223047432494149
0.22209946212669196
0.2224070091987265
0.22266072197583078
0.22294872163664758
0.22322730544470284
0.2234893690036833
0.22376277758764226
0.22404683111899118
0.2242802682195708
0.2245413449598063
0.22475726322839576
0.22508553606250153
0.22526692459617212
0.22550381325920546
0.22569128861152388
0.2258012869602695
0.22597178411632174
0.22611532213595553
0.2262554471585627
0.22636955451078733
0.22645930219850477
0.2265311433046942
0.22659511010673972
0.22661792963606853
0.2266462342499203
0.22785478043491975
0.22821078758687677
0.22846987777876632
0.22873856059249495
0.2290370743778795
0.22922093441947608
0.22938743387309654
0.22947353192147846
0.22966819179185832
0.2297706013594765
0.22986070903184042
0.22995113358408245
0.23003172397736468
0.23009580400328733
0.23017696721665054
0.2302275478365892
0.23026729396915654
0.2303667821270153
0.2304939041345656
0.2305715251107842
0.23075566779965961
0.23093206573298763
0.23101162036008338
0.23124485938507852
0.23148207084581496
0.23452809416092385
0.23452243220633498
0.2344755341473407
0.23444432025558526
0.23442340360631364
0.2344125802816034
0.23446042758261312
0.23450574777622235
0.2345508706816116
0.23467035025112884
0.23480405280518812
0.2349391081229124
0.23517151063866468
0.2354626640025596
0.23576916092060649
0.23611772612499995
0.23654958873286708
0.2369725813268234
0.23751149836317006
0.23811709819095597
0.23878084195220833
0.23953421484737425
0.24034505502204515
0.24121056258144166
0.24211263475584918
0.23894872664091324
0.23891763011591477
0.23912052925817467
0.23931730382560015
0.23974169157427438
0.24028518182865322
0.24084389885908286
0.24161359232368151
0.24233969048221599
0.24323114968050033
0.24413950730769968
0.2451028932362149
0.24614041189300045
0.24724834112697858
0.2484268353351703
0.24959720517217399
0.2507823583280314
0.25200001919409876
0.2531992457634423
0.25443016005821656
0.255495787495062
0.25663258484516455
0.2576515223411512
0.2585830775386239
0.2594144306750067
0.24734994886201653
0.2498260017687364
0.2523062785071445
0.25480457007827556
0.2573334703238925
0.25980670720617904
0.2623118336413602
0.26475651898951186
0.2671307496412386
0.2693680112456492
0.271604459655057
0.27364285541942357
0.2755290557054726
0.27728164204092803
0.2788039050948141
0.28018810659370763
0.28139291636203384
0.2822658281982869
0.28296463726694815
0.28336819231679555
0.28342727889017594
0.28307714406762297
0.28239590568166933
0.2812292916876725
0.2796835228463714
0.336225598094823
0.3455963646463293
0.35351316942295674
0.360267859236646
0.3661109236487833
0.3710523386928978
0.37511797109917655
0.37862384459553167
0.38157232581229306
0.38414771860065
0.386151875476709
0.387711230766302
0.38873737246129425
0.38920409496442393
0.3890425618634584
0.3883361902321114
0.3870137078315059
0.3851494987271268
0.3829860763469803
0.3803061022489648
0.37773763840043334
0.374821179801316
0.3718480343182996
0.3689000973043004
0.3657116025747707
0.08491730737388466
0.06300005356476861
0.04536441122037207
0.03285962978366434
0.02386229175665577
0.018276032604563223
0.015661236878142224
0.0158299327246491
0.018679730043567537
0.023919000941926612
0.03179936288346528
0.04136449340729649
0.052581315350206166
0.06489113222191636
0.07779206389289242
0.09093410887764293
0.10469793295992312
0.1184534602644469
0.1321046428608538
0.1454027947083163
0.15817436560081466
0.17109583749749532
0.18308242240664552
0.19458036348025523
0.20526857604124357
0.16787787303116253
0.16886072336667782
0.1703871543653168
0.1723594266340027
0.17467715477089207
0.17722889630808414
0.1798781374108195
0.18271150640976852
0.1855586069338174
0.1883637869039132
0.1912483949853943
0.1939297629375624
0.19671162902218398
0.19930609295661042
0.2017689529701039
0.20420030088186558
0.2063936268556739
0.2084676179946529
0.21032456955390855
0.21193446836185514
0.2133847082250551
0.21476658144269142
0.21583628174439962
0.2166640724114036
0.21726809040021297
0.20626794819896851
0.2079374428881472
0.20949559771354567
0.2110120672732318
0.21241528319943176
0.2137449135780398
0.21499847965197866
0.21615045881244146
0.21719716907387332
0.21819981160528856
0.21901070618646196
0.2198669624567592
0.2205324430993632
0.22108281468484178
0.22164685909412193
0.22205096359237803
0.22242362144295197
0.22268782444936588
0.22289390540601484
0.22300031889336286
0.22306492024766253
0.22304669701210142
0.22298417564539486
0.22286941547075007
0.22264651556257492
0.22556214302247127
0.2262139681294374
0.22683214174906316
0.2273135222312602
0.22780903157281093
0.22814138363429426
0.2285126115148144
0.22882274554087792
0.229067023994555
0.22933424032564934
0.22956906245291728
0.22976170199025267
0.22995544200652732
0.23012151699079653
0.2302995064500082
0.23043888911307805
0.23061442773917035
0.23081368879319025
0.2310216323506876
0.23115891664710833
0.23139916659549098
0.2316445357177077
0.23188583625556594
0.23215177866414916
0.2325118477089695
0.23530671601669745
0.23552491390563476
0.23572192390328794
0.23593226415934962
0.23613014192286433
0.2363219268447322
0.23653863406020156
0.23675167202308878
0.2369417777933135
0.2371746443492681
0.23746110777902238
0.23773981723438245
0.2379362567154816
0.2381777262333835
0.23856573343311074
0.23887850727274365
0.23914493202399845
0.23954423695193872
0.23988520014576992
0.2402844724215681
0.24067798446635952
0.24107756769095368
0.24149640430391145
0.24191062347103262
0.24237351707910412
0.24277643745786373
0.24287389069233123
0.24320192010205133
0.24336271969315137
0.24371486065895837
0.24396038077111876
0.24430519471164866
0.24450776327357218
0.24484999964290544
0.24516276736372744
0.24550861232273216
0.24585590100680163
0.24618276677089643
0.24655696374057623
0.24688424221258834
0.2472510822152061
0.24760972990517044
0.24800876385599258
0.24837341567060353
0.24873513864643232
0.24917642270596177
0.24945074240510284
0.2498031343324615
0.2502128523108817
0.25059035122832124
0.2501327285097332
0.25043765884016755
0.2507853301234533
0.251068381544117
0.2514166326852711
0.25173197106735073
0.2520728824779088
0.2524319997079532
0.2527773111134926
0.25311713526207674
0.2534555751216662
0.2537965918284141
0.2542076573546569
0.25451405723720855
0.2548966537211824
0.2552770375553898
0.2555986675073208
0.2559411409639658
0.25629048183897596
0.2566351688802437
0.25697497272992414
0.25731208766303343
0.25763470131967675
0.25795316590183875
0.2581866706823021
0.25778827028605794
0.2581849029572006
0.2585225632838923
0.25891924826768337
0.2593254231929681
0.25961248075039406
0.2600289396630797
0.2604124659295073
0.26075512718537397
0.26111998837592176
0.26149114147943714
0.26184498190992583
0.26217014646408804
0.26251789799417
0.2628476284573702
0.2631708261874044
0.26348136038416825
0.2637953071061137
0.2641152225238837
0.26438301862598307
0.2646149778690043
0.2649006955558785
0.2650993585248242
0.2654667120982019
0.26565610315661964
0.26608435388710566
0.26648179336484124
0.266915486952109
0.2672632713866498
0.26762892386146964
0.2679440685724436
0.26832230734275964
0.26865515416700386
0.2689981830459068
0.26924044750549586
0.26950842783321666
0.2698802308520193
0.2700879117523877
0.2703835539287384
0.27065623443190784
0.270884447640588
0.27120715819057206
0.27143105303047455
0.27166217538275045
0.2718998896781285
0.27217018316011543
0.272402996069376
0.2726428282858082
0.2729372248885734
0.2731996132599338
0.2747823929889855
0.2749810603625281
0.27526913141067244
0.27560300948776445
0.275888786542601
0.2760545633503203
0.2763825356764026
0.27663455969772954
0.27682109378313147
0.2770788350474846
0.2773391148794725
0.27760424574613535
0.27787480043733853
0.27815924359938227
0.2784526407669932
0.27877993820994484
0.2790348389147535
0.2794306526340907
0.27971266724467087
0.2800293535151794
0.2804496532440042
0.28087800818506986
0.2811224449824898
0.2816044022087249
0.28202809837293297
0.28277438209274464
0.28297163990603685
0.2831839602946682
0.2833888566308322
0.28367319747237346
0.28394655632535376
0.284233047727026
0.2845526194646042
0.28488558509811246
0.28522966491111607
0.28559184285308736
0.286007951959759
0.28641270366123406
0.286921410484357
0.2873574755528575
0.2877646977507309
0.2882644469997439
0.2887430676788948
0.2891826419106417
0.289659223707955
0.2901409875932731
0.29064756011837517
0.29111495816359934
0.29165100577040315
0.29204127296657717
0.2908305188644511
0.2913125601211691
0.29162213355304495
0.2921742416996324
0.2926408343693511
0.2930827083994588
0.293599055914926
0.29400793580369206
0.2946011582954453
0.295061699348779
0.2955395927390575
0.29602928659434574
0.2965344455377037
0.2970123469222334
0.29746932371460555
0.2979671898943131
0.298420463216058
0.29887207223762075
0.299265707431537
0.29964811539612923
0.30006280933291585
0.30042885445523276
0.3007455923429967
0.30103416565067237
0.30127882879770856
0.3010669765002194
0.30162949703884745
0.30226323911630365
0.30280924826772954
0.3033462752540781
0.30382242804306697
0.3043193797294846
0.3047788331672021
0.30526853711580737
0.30568698305631153
0.306028758161715
0.30644977030456305
0.30684218199327906
0.3071353403688103
0.30749739139228005
0.3077813223714392
0.3080896991221776
0.3082822089664457
0.3085963744448563
0.30887298290054904
0.3091198706915783
0.30937139919775775
0.30958816004841944
0.3098359502482301
0.31014556781392305
0.3128085363454777
0.3131134362290181
0.31352782733391954
0.3138516098785138
0.31415204109124567
0.31449015912547024
0.3147478579752294
0.3150260935118881
0.3153122758073762
0.31557978426898464
0.31586440258562987
0.31616299468790066
0.3164477791792795
0.3167717534707954
0.3170695181643448
0.31742762390994966
0.3177907927154488
0.31817292193761304
0.318607535643343
0.3189757011373762
0.31946154357221845
0.31994285620304314
0.32048692505276216
0.32106755029713013
0.3216867287898865
0.3229974268894626
0.3231863248730571
0.3234517823248395
0.32371635870050597
0.3240062388411457
0.32432559271505834
0.3246925820973527
0.3250910515322489
0.3254893886379686
0.3259690221309124
0.32650699096351754
0.3270498247831276
0.3274811907230267
0.32814211751090694
0.32864154211418867
0.32934256858761635
0.3299508826684003
0.3305496797635518
0.3312754588004862
0.331935961142606
0.3325703565759823
0.333294859774267
0.33400459316862796
0.3347091389871471
0.33546990873650656
0.3332083773892365
0.3337491372995192
0.334367999442396
0.33496467199189006
0.3357769347088212
0.3363660094987151
0.33706862298578555
0.337768772630994
0.3384468717252104
0.3391136497143749
0.33981693102549865
0.3404938301077532
0.34116518970296883
0.3418532333988602
0.3424790872671847
0.3431591229869807
0.34374259424589926
0.3443387478197607
0.3449936551883291
0.34544517065010905
0.3459762260303966
0.34642311496806144
0.3469230937042285
0.3472333519399798
0.347606277004992
0.3473402202213655
0.3481454938668806
0.348930220449614
0.349667179507076
0.35041069337214253
0.35110439366840396
0.3517745459490557
0.3524016387513073
0.35302328539801364
0.35357840728896195
0.3541594084318362
0.3546327937979426
0.35514522778529223
0.3555937803477351
0.35597048475078674
0.3564739233149707
0.3568541393784577
0.3572446005971763
0.35763002600046584
0.3579034693603457
0.35824476559574425
0.3585906145775463
0.35889999731291555
0.35925872362135197
0.35965356361323564
0.36342517468990093
0.36386432665214397
0.36431328276733344
0.3648013644876697
0.36517451489334435
0.3656166668309283
0.36593157237015034
0.3664186081158548
0.3667262009828457
0.3671321787952123
0.3675083405839342
0.36792811738298065
0.3683178527618495
0.36877291618973934
0.3692163966499316
0.3696518939411214
0.3701974836426496
0.37070402044022
0.37128119142678073
0.37189089157773747
0.37253129503066873
0.3731305733755829
0.3738865337515679
0.37463311559630236
0.3755892774938649
0.37752857722635763
0.377766525273024
0.3780734478303882
0.37842280714081517
0.3788324935805065
0.3793168813055165
0.3798007500447247
0.3803583278049117
0.38092583168370076
0.3815357864820236
0.3822541508682758
0.3829134060162949
0.38361673695458154
0.38447049333675287
0.3853108438799709
0.3862115631145588
0.38710571411630423
0.3880146611040751
0.388955965384939
0.38993404320302216
0.39090639783009806
0.3919070698798063
0.39287851926378986
0.3938955187436177
0.3948696517720146
0.391785161265372
0.3924706267750942
0.39333740921690036
0.39418604877594476
0.39505801845018956
0.3961156508369794
0.39699102959933713
0.39793611074785423
0.39892795080309756
0.39999413140324297
0.40101905785569847
0.40203841542274776
0.40300037086765955
0.40400916375943574
0.40494079014105067
0.4058697211255128
0.4067513128532918
0.4075813955489897
0.40843427786090414
0.409238630175543
0.40993385749825145
0.41058122618191806
0.4112317845400486
0.41183513697033164
0.4123213304507001
0.4116658936105432
0.41283367652074654
0.41405687534456365
0.4151320894309062
0.41619693580708234
0.4172129576605356
0.4182282414105623
0.41911162347452413
0.41998357003513986
0.4207581702087979
0.4215530627341403
0.4223869013264669
0.4230505578460758
0.42368290062001157
0.4243063164705179
0.4249205599896392
0.42547370400822143
0.42597580384094336
0.4264740090195984
0.4269977843258874
0.4274351044795778
0.42785425192685284
0.4283286901858481
0.4288020802930578
0.4292333950473869
0.43490888472853584
0.43569061406782916
0.43638292249240546
0.4369199531145211
0.437653398706666
0.43818721750782835
0.438771158382948
0.4393318244641897
0.4398012035149716
0.4403806332894088
0.4409469092938211
0.4414742398212442
0.44205458392978064
0.4426727946565792
0.44331691641837134
0.4439855255302469
0.4446842039166948
0.4454533249416007
0.4462988677856382
0.4472358839582002
0.44806244581309657
0.44917238145716565
0.45029232372131744
0.4513957187475926
0.45275503017698665
0.45545481614491756
0.4558651609917403
0.45627738458567496
0.4568283533532209
0.45741464769150597
0.4580952540887017
0.458796770548101
0.459622159009047
0.4604354610852011
0.461444617571781
0.46235004024176407
0.46347962750098354
0.4645603409781796
0.46575762449724184
0.46701603807594516
0.46817624009036884
0.46964392942795746
0.47097024271132265
0.47242957358876936
0.4738827612966439
0.4753629519610155
0.4767900188357058
0.4783873675097963
0.4798110551935563
0.4813211075202017
0.4764035838617512
0.47749116061234564
0.478766331502022
0.4802867542550504
0.48152766085744697
0.48298960312965306
0.48434301275330893
0.48583724882440266
0.48737585414344914
0.48890537568269404
0.49041243035649934
0.4919408926299397
0.4935078532085644
0.4949640086489501
0.49643718059118125
0.49783844408662
0.4991238677381078
0.5004681568938127
0.5016536302721184
0.5027366769569427
0.5039666997008878
0.5050753011501529
0.505945630065028
0.5068397591940501
0.5075418981609916
0.5064517791066355
0.5083923757172987
0.5100832972909889
0.511790817083895
0.513473408462566
0.5150078615031592
0.5165601136351003
0.5179426411274831
0.5193213871132811
0.5206661410790485
0.5216592488344023
0.5229576994419363
0.5239252547511523
0.5249674028633594
0.5259298106706076
0.5268794363080943
0.5276897975887311
0.5284841662752918
0.5292225624844934
0.5299858969012801
0.5306505386029033
0.5313425039101852
0.5320379662298069
0.5327214900150632
0.5333747753765982
0.5423862123403635
0.543506731691072
0.5445612744747457
0.54560137524727
0.546471852862414
0.5473879151617492
0.5481307564642874
0.549154240497371
0.5499443289463877
0.5507487710074019
0.5515639360173535
0.552434139234842
0.5533278196285392
0.554241791789003
0.555226011436767
0.5562761777314212
0.5573992157728422
0.5586090501697532
0.5598061163934999
0.5612449558124551
0.5627545683728852
0.5643361664625165
0.5660875258372906
0.567929636062364
0.5698638489166177
0.5743837251639804
0.5749476817112691
0.5758960300464778
0.5765313507460559
0.5774517860825717
0.5784617160714343
0.5796091139046855
0.5808613757494221
0.5822682254097911
0.5837129855852713
0.5853042436743711
0.5870424988542372
0.5887778075979796
0.5906725260279438
0.5927317801244548
0.5947663995161384
0.5969324748679288
0.5990872834714596
0.6014486736168168
0.6037553241202409
0.6061940136644441
0.6085425821867222
0.610891579392755
0.6135165702559685
0.6159261816978909
0.6076089254227143
0.6095263471227245
0.6115801793184156
0.6137533899308626
0.6159771394462878
0.6183936297647977
0.6207364189964544
0.6232041597970281
0.6256984295533877
0.6281474624878096
0.630690426661024
0.6331190600832349
0.6356625645956869
0.6379393395520597
0.6404315217555848
0.6427092352100894
0.6448537036859263
0.6471314097044323
0.6491665182475487
0.651027565115731
0.6529263018389522
0.6546463779385726
0.6561813653709712
0.657517414774781
0.6588859651649491
0.6568522308777287
0.6600444061930535
0.6630023702359409
0.6659473800401725
0.6687266919843171
0.6713503012571534
0.6737811226282475
0.6762128633028076
0.6784623165855125
0.6806597415873724
0.6826588924680956
0.6846019442236904
0.6863469519142629
0.6880561714285961
0.6895768887940403
0.6911747801012152
0.6925118617408282
0.693937465228178
0.6951779961966456
0.696419745705138
0.6975713262765169
0.6987394966641031
0.6998999281517013
0.7010798915093537
0.7022674573164946
0.7177274671264094
0.7198730067677236
0.7214036171379439
0.7233305036121932
0.7250387905059331
0.7263691452102466
0.7279196420488276
0.729331021096656
0.7307269456379335
0.7321687868158371
0.7334749927891516
0.7348989646331537
0.736479925302419
0.7380660277047425
0.7396962337051995
0.7414585378789169
0.7434650326883269
0.745537924509228
0.7477764500610622
0.7502365458907834
0.7528901682227529
0.7556451673170217
0.7585938449361599
0.7620879817677001
0.7652781952364216
0.7735976987087079
0.7745507980512149
0.7757253475275514
0.7770546342785493
0.77862107227575
0.7804896192216376
0.7824659870291342
0.7846830897904676
0.7870439204568155
0.7897062355993337
0.7925103093606642
0.7955750044095034
0.7988189200299705
0.8020918878697217
0.8058893939998417
0.8095530496226329
0.8135609873176526
0.817440591485853
0.8217741849591138
0.8259400904973159
0.8303409386206718
0.8346809323599896
0.8391121642106836
0.843568144500278
0.8479698045880684
0.8323789470157898
0.8359383293337717
0.8397181046985486
0.8437706020562263
0.8479981395939709
0.8524131185201607
0.8569731871082213
0.8616517223943192
0.8662473669969448
0.87098025808247
0.8755489688905744
0.8803095360492341
0.8847452711365805
0.8894133595172625
0.8938644873129447
0.8981025262777221
0.9024318846193554
0.9063983365007761
0.9101228953925778
0.913824611963224
0.9174442721989567
0.9206886340453583
0.9236370416457305
0.9263997144939005
0.9288476267927437
0.9247524955723854
0.9312841607084132
0.9371426982162759
0.9428266630127703
0.9482051805076266
0.9534324090565718
0.9576165117055602
0.9628796624865908
0.9672582926808609
0.9713106732541226
0.9752812210775015
0.9790397837594909
0.9824593095686861
0.985714005596625
0.9890436168071878
0.9920085631395
0.9947948413327727
0.9975965835007108
1.0000614344330732
1.0026393087859795
1.0048649327285206
1.0074207600381562
1.0098142461947113
1.0121834992275658
1.0149113925440147
1.0465777904837748
1.0505364661529408
1.0540488993868582
1.0574522601442533
1.0606212085812583
1.0634961639076257
1.0663361545851966
1.0693598784505294
1.072145591781268
1.0749011794012095
1.0778833801535552
1.0808158586640368
1.083986681943962
1.087264351692278
1.0907389548915893
1.0945488885393078
1.098594272511132
1.103034528297084
1.1079649332044377
1.1130070316071101
1.1187433942488378
1.1248232228778028
1.131497295249514
1.1384176876343548
1.1460610375285802
1.1637452889491637
1.165639561937143
1.1675978208227018
1.1700040882692355
1.1731094844644703
1.176580477688242
1.1806473652163978
1.1852353544218692
1.190694550440911
1.1964254623166535
1.202909493333899
1.2099362641087417
1.2172499566346815
1.2252966747961658
1.2334627287832298
1.2420772708125685
1.2508955399447685
1.2600244396953926
1.269202927756606
1.278596732504014
1.2881772954164814
1.2973229298984863
1.3069233947140524
1.3161303024088382
1.3255708713371854
1.2808643856372193
1.2897407492870088
1.3005406618210975
1.3114458870078465
1.324052494123446
1.3362576154404522
1.348668863417539
1.361001219202662
1.3732556714118729
1.3849270090906833
1.396378876471538
1.4073151288211798