3.543241093856543e-19
-2.5871571338093685e-19
1.740710750112515e-19
2.670809995268137e-19
1.6634274583851154e-19
9.442368427883553e-20
-1.62687323434861e-19
3.0216302539713897e-19
-1.1270523331746834e-19
-6.947619307177215e-19
-4.616485135736571e-19
4.484019303034509e-19
-3.2938833636916047e-19
9.568577580256884e-6
9.673757011439849e-6
4.504071339819925e-6
6.367837423286968e-6
8.662982819316246e-6
7.099023541078393e-6
0.000015036569755850426
0.000011348105729108422
0.00002212614312764254
0.000022251858086044325
-0.0000754559969381233
-0.000013427596610912084
0.000013917767578801539
0.000013101745283718526
0.00007539037955863598
-0.00004569734345652272
0.00001668263564299891
0.0002959502875866422
5.411895444727388e-6
0.0005699809340340287
-0.000497426968876662
0.000033161397041771974
0.00005987467194663667
0.00003582686949255979
0.00005350599470098535
0.00008628118161154901
0.00004834783977828557
8.178986762946487e-7
0.000011950648255706956
-7.455067889773726e-6
0.000011875810007763304
3.9891279728955365e-6
0.000023124235965364487
-0.00003227853216288508
-0.00004742793389674208
-0.00007682206851833999
-0.00010213529467465215
-0.000123982168257078
-0.000021303183524022977
0.0002753776526605065
0.000024180774264846196
-0.00009463492870560766
0.00016704245448474758
0.000014250435644168679
2.615550469612979e-6
0.00004421832667283442
8.682798178622901e-6
-0.00004993562653140226
0.000017061464871089856
-0.000012627406144547709
5.392573063472444e-6
-0.000055428971099084696
0.000018827729266650128
-0.000019562323179354463
0.00003603407151581522
0.000017018909120262414
-0.000038052879625486674
0.00002297005367698554
0.000018483770351324264
5.680805175321483e-6
-0.000013644071922912482
-8.969217308689213e-6
-2.1662870410835113e-6
2.2764161844089528e-6
0.000053419778487310346
0.000012180522372828834
-4.6964006889575805e-6
-0.00012515936481728495
0.00022374991796221877
-0.00002105986760086378
-0.00004381074978605572
-8.987856565186722e-6
-0.00009985761044736241
0.00003770754883061085
0.00004083942323873408
-0.000012883532487313344
0.000012390780092253655
0.00002154982091058182
-1.2478216977863682e-6
-3.468657918435459e-6
-9.31923510220189e-6
-9.679977383834236e-7
-0.000015339861020440316
6.0310044316738715e-6
0.00002122817319846124
4.934767449623002e-7
0.000021767753297188553
0.00003196657461952517
0.00003111033150518346
0.00002577896466369255
0.000024505608255773633
-1.970636267744458e-6
8.97678827083272e-6
4.566174013365172e-6
0.000016295447031246366
2.589971213378562e-7
-3.5846355838461774e-7
3.272394188982682e-7
-0.000021584317388187342
-0.00003031972457914468
-0.000020079814637436845
0.00004091987408275588
1.9105955364108545e-6
8.852441974258996e-6
0.00008269263837969385
-9.464783066071286e-7
-0.000058951105473619
0.00004805610520495572
-3.1301736674179595e-6
5.057900808977859e-7
0.00002092587264403165
0.000011507410119533408
6.515353862361608e-6
5.180398237600221e-6
2.963873377496118e-6
7.42663051472404e-6
-0.000016529243492060733
-0.0000260805897619673
0.000050314915986079954
-0.00008580282143251712
6.5648809585346025e-6
-0.000014016734472867871
0.000012030138783542955
-0.000042286774513570704
0.00003278520247446558
0.000017508106639920445
0.000044968952683048586
0.000023272444836755173
0.000012684955245942318
5.265827570229012e-6
-1.0853502828103155e-7
-0.000043220684468613884
0.00002232187449393595
0.000013257371698725256
-0.000050096947215190726
-0.000041303681065723845
0.000057253543624086246
-0.00005129377555176599
-0.000015610697371909983
-0.00003380292949462836
-0.00005243200438369585
7.2149781934688865e-6
-0.000012290446257278759
-0.000010443738471008895
-0.00001608365636232005
-0.000010492470705388054
-5.330401321542367e-6
-0.00001240227461965821
0.000020544984366221383
-1.3902824395625052e-6
-0.00006570837395123356
-5.02275684937558e-6
0.000017220604439595537
-9.549535245195426e-6
0.000019201797096693546
7.384214078608123e-6
-0.000031358714615662394
8.55838846738829e-6
-0.000038558885591671684
-0.00003207386129771034
-0.000028116450884200456
-0.00001755342329861723
-0.000012301156017323467
-0.000013089705084401458
-0.000014284527304407858
-9.238936108264188e-6
-9.285272050970881e-7
0.00004350595482586747
0.000055491521172217146
0.000038318787150986145
0.000014131577241447966
-2.848025969817893e-6
0.00006341428676728036
0.00008827724895492702
0.00004289524394029047
-0.0000330578117533713
-0.0000773270133213526
-0.00005868041975021354
-0.00002953077225509348
-0.000018875592890214034
8.111643493835158e-6
3.972851871261319e-7
0.00003163275673154389
-0.0000157083108903881
0.000045344772803999835
0.000025745792961996594
0.00007872490908063892
0.00004142122847556584
0.0000393300434676131
0.00005734945248753114
0.00005487833124776901
0.00003372995597648863
0.00006567038815088998
0.00005523303229116739
0.000028211701014218457
0.00002329783053356289
0.000013582796448271088
-8.796388774120204e-6
-0.000018905097515423907
-0.00004189376557914357
0.00009512459404267085
0.00011356584412993208
0.0000615377322217405
0.0001235402502365356
0.00007168456916835512
0.00011647835779681262
0.00009470538890559128
0.00009966746025560165
0.00007415744085673035
0.000058442652432149085
0.000032830418666464773
0.00003210708911302771
0.000022475305336814047
8.099917376899624e-6
-0.00001664713803066379
0.00001098891606880427
-0.000015009153204039597
-0.00004393282248164763
-0.00007223582890886069
-0.00006877922567837966
-0.00012032940748376878
-0.00014753692595050874
-0.0001422288447603293
-0.00013312322676160845
-0.0000916914275159445
0.00014666365749660054
0.00011688984123574007
0.00008821875050651833
0.00005617885851416465
0.00003091989726259793
0.000016693876282586414
-9.362952668302408e-6
-0.000012304963523477126
-0.00003302321573934136
-0.00006500067197789972
-0.000039579012813085637
-0.00008642578379128527
-0.00007209675984174266
-0.00008133361422410219
-0.00008134505417794876
-0.00010262078525826696
-0.00010313939042020227
-0.00010120332655248159
-0.00007025032086152566
-0.00007041643437985108
-0.00005255551036144949
-0.00003061505739879693
9.957963600669117e-6
0.00001664322253286339
0.00007278409075517556
-0.0001340078188261713
-0.00006279077020743833
-0.00008843577903003834
-0.00010361539254980241
-0.000126971984972849
-0.0001323404313778781
-0.00012065767308030367
-0.00014038730603502223
-0.00012376476012507557
-0.00011824131196750502
-0.00008859015395741868
-0.00007163681061371862
-0.000043331750944881496
-0.000020127181050798267
0.00001555669182504036
0.000047282367159382533
0.00006916941693716672
0.00007144703158761865
0.00014567497366588152
0.00014452990082686152
0.0001523155258605373
0.00012722559996448024
0.00023080475885776467
0.0001684831572786316
0.00017038442141956405
-0.0002223785114403221
-0.00015113396952441685
-0.00012234706401555563
-0.00009804834627450817
-0.00004560467109693742
-9.248244847430967e-6
0.000045680433970676096
0.0000579658711550092
0.00010622899759002128
0.00011602984786675476
0.00015662296844566386
0.00019137616850781644
0.00016032959401057382
0.00019516067660434213
0.00020941242998106458
0.00017073175351712912
0.00019882311535181102
0.00014341645985711514
0.00014987550708853238
0.00011779250517837945
0.00007932166437484485
0.000041203935676004394
-3.888127111263421e-6
-0.0000545378071830553
-0.0001308965509422748
0.00022320492200754116
0.0002665472631151967
0.00027944650210172547
0.00030085024207573605
0.00024786017590646493
0.0002657250536801657
0.0002592957920630799
0.00024022152718755385
0.00020530255317530928
0.0002083957408420998
0.00015816358897421964
0.00011384909783717804
0.00006807545541244194
0.000033678114566883593
-3.7683759923011197e-6
-0.00004946380390062913
-0.000143161264451132
-0.00018482385873454078
-0.00024331475290361197
-0.0003041346965249372
-0.0003375365836527151
-0.0003544888849147985
-0.000360635381437973
-0.0003389431673345409
-0.00035913880705647325
0.0003980248460850389
0.00030483940860766046
0.0002463622928611702
0.00016627367573369194
0.00009063308428439421
-2.825600754679535e-6
-0.00006808309650653327
-0.000095121014042307
-0.00021524302736100913
-0.00019200188534477722
-0.0002329430067462278
-0.00030181788632125653
-0.0003213429167665753
-0.00038783606295621817
-0.00038108940706413434
-0.00034169534407135294
-0.0003096883271680188
-0.00029225491590717284
-0.00026374438603673264
-0.00021761392743587866
-0.00014935882978352012
-0.00006060059503407091
0.00003435392645676185
0.0001126838820986336
0.00021749760773705554
-0.00042062807030686746
-0.0004689445865017467
-0.0005606484510785859
-0.0005543430117910917
-0.000509558716143117
-0.0005635584809903275
-0.0005037863059658382
-0.0005010975309509305
-0.0004232533889014678
-0.0003787392459612578
-0.0002935003825581457
-0.00022988768125818058
-0.00013215591141873506
-0.00002799596906068564
0.00008487389309485229
0.00015567485190563722
0.00025425244699442574
0.00034464914900168473
0.0004885383242838692
0.0005776672286260669
0.0006491632838687034
0.0007057377143487145
0.0007435044904093786
0.0008044658651128159
0.0008075260705035665
-0.000879397894481193
-0.0007242402867169538
-0.0005362845876553519
-0.0003452021918278078
-0.00015643390503079752
0.00002729723224727846
0.00019894210085214775
0.00030724621499164575
0.0005031148983521502
0.0006127567431175032
0.0007005235483357508
0.0008051519989188409
0.0008209561085739855
0.0008841218389532992
0.0008495852709870883
0.0008651338187489912
0.0008363365792482628
0.0007264457598057576
0.0006048849769369181
0.00048659964285889133
0.0003185175005873798
0.0001409273146206687
-0.00010788921992459813
-0.0003410770153585448
-0.000631168966447125
0.0011506754701851533
0.0013565650514748846
0.0014629578743185839
0.0015321827677493639
0.0015434939220920346
0.001542882579690975
0.001410289265447989
0.0013225051492124205
0.0011924513260773758
0.0009992623442114461
0.0008058320461060126
0.0005740789607196624
0.00032692292864424093
0.00005135516584196428
-0.000224296835446708
-0.000519972074303812
-0.0007889009203595076
-0.0011302888129608305
-0.0014319701744278585
-0.001667213073708859
-0.0019440444687792802
-0.002167866235857018
-0.002296195545112858
-0.002370083841304803
-0.0023242341556931854
0.0030005554843793997
0.0023959778459934347
0.0017305988948208132
0.0010918077422470134
0.00045536603946664194
-0.00016273325956662666
-0.0007432178154557347
-0.0012062499936005317
-0.0017007773182621544
-0.0020814595763184603
-0.0024411111293214352
-0.0027233888728116964
-0.0029351061163159367
-0.0030582413586815642
-0.003148221116885637
-0.003051321569884165
-0.0028708793683021425
-0.00259069723594718
-0.002204539263069347
-0.001695374972323745
-0.0010688566688830793
-0.0003197600702777139
0.0005332857041838769
0.0015136834177362807
0.0026614505007389335
-0.00649331497546385
-0.007399035399502474
-0.008042306289646636
-0.008351850539191649
-0.008497872794432388
-0.008428495235265619
-0.008089281718051951
-0.0075146976069889095
-0.006702557021147639
-0.005690695577845643
-0.004533789440289601
-0.003190844130956013
-0.001691328429717464
-0.00008615718802441115
0.0015977189070133595
0.003419501935472187
0.005348161539453183
0.00718762298358744
0.009151360154134038
0.011072823405918942
0.012962635793464928
0.014660946983677595
0.016014814722763903
0.017181130171996333
0.01774298741446959
-0.05009223202085933
-0.03980224188170083
-0.029438811048802624
-0.01894008233524323
-0.00821696877627859
0.0024430105156550393
0.01298116386628413
0.02357641979413839
0.03417551460849019
0.04511026280372498
0.05602014124185409
0.06724724156590002
0.07870554052488835
0.0906272476272619
0.10256333784753038
0.11495591556451261
0.12748987651355706
0.1403664705063668
0.15324289719362028
0.16666014101284882
0.18066061962890342
0.19562070860065722
0.21182885666051451
0.22964674642111044
0.24978520851656658
0.3066614286935757
0.2778655699868329
0.24858610805550793
0.21992288517255063
0.19177556861387934
0.16484175943978066
0.13815790600117953
0.11297954066279879
0.08885416495658474
0.06659922862351189
0.04550414249696703
0.02692004958300566
0.010382091324574886
-0.003796435707441574
-0.015724187065754285
-0.025528130834413604
-0.03353378002641813
-0.039710903441097845
-0.044171317481156415
-0.04702880106729226
-0.0484164156013462
-0.04806061758281821
-0.046437535950603
-0.04348986951442285
-0.03928967840017425
0.01379214209757405
0.010376592440529565
0.007143960345559016
0.004203048308494151
0.0015995085504164766
-0.000660184284106981
-0.0025084188820407825
-0.004169958631286249
-0.005408400424248678
-0.006376189218211639
-0.007031508866956277
-0.0074706323259965245
-0.0076646535849713435
-0.007620378734196909
-0.007301866003472125
-0.006821149114245393
-0.006182746444691436
-0.005298705497939738
-0.004292154788518094
-0.003155275376916816
-0.0019576181434790237
-0.0006029756742014882
0.0008332451897328986
0.0023391995014342684
0.003907363225723107
-0.0030171024915595416
-0.0033594950842415765
-0.0035545190136169404
-0.003555284053040786
-0.003570665085347333
-0.003387533841267287
-0.0031717139778196586
-0.0028703391032517344
-0.002487514306720574
-0.002108356395942166
-0.0016196763131380231
-0.0011815125122992003
-0.0006762718007368785
-0.0002037988610737014
0.0002909389018352785
0.0007467068764668388
0.0012075055528875983
0.0016026975434169258
0.0020038907504778603
0.002327590929101983
0.002656332760725701
0.002871949856279075
0.0030011339797033306
0.003033683326364322
0.0030497925720681424
-0.001855733696115638
-0.0014876003674353007
-0.0011374282394239887
-0.0007900465931730652
-0.00044461443027177667
-0.00016412376012617244
0.0001236828359743129
0.00038824631095374384
0.0005640349391825376
0.0007488747043439518
0.0009388077227148577
0.0010596282084037768
0.0011357632600894438
0.0011453089214388246
0.0011726231081463502
0.0011864963359267799
0.001109549288728276
0.0010106610835301521
0.0008620057757195678
0.0007491592945510024
0.0005692274965079961
0.00036518818596446644
0.0001216486296202334
-0.00014312447019076423
-0.00042063229229197317
0.00032902127585470006
0.0004681648061566873
0.0006112519774369015
0.0006705906273096092
0.0007031434383415138
0.0007410076305632231
0.0007133139675325092
0.0006716602555166522
0.0006548899186945906
0.0005972372168888317
0.0005162392726274649
0.00042474341234917563
0.00034146921251999125
0.0002182757058172812
0.00013672119191827817
0.00003262607813435286
-0.00013375026585162432
-0.00018845717545038987
-0.0003086499347386369
-0.00045057485622745805
-0.0004578764316684197
-0.000571425609371556
-0.0006097353203789008
-0.0006649773000991011
-0.0007577489172091804
0.0005430539871601404
0.000559610002529815
0.0004620903859803056
0.00040870253248611053
0.0003277247491663083
0.0002669624588382165
0.00022473121269525454
0.00008264021377202605
0.00004063864103120731
-0.00003437108852761393
-0.00009974054601331883
-0.00010468249451575387
-0.00017821137258152477
-0.00023630853997994004
-0.00024868555473436994
-0.00029488886676561787
-0.0003179856804702565
-0.00034390290137035036
-0.00036075048793032094
-0.0003663289462888893
-0.00034511971850677953
-0.0003442954556240694
-0.00032164846817845906
-0.00028137756079742523
-0.00024929261443232584
0.00019691082231758304
0.00012439373221130947
0.00016120076338655825
0.00003489890983621136
-0.00004108897897875829
-0.00004075074300820637
-0.00012496297519174198
-0.0001779407831897419
-0.00021237956331202887
-0.0002293065003397327
-0.00025903186479397597
-0.0002614206405626174
-0.00027350472924794154
-0.00027726561108794447
-0.00025052502364859863
-0.00022242250817573425
-0.00019277629598936315
-0.000202866733505299
-0.0001542635947575464
-0.00009486039448158113
-0.00009819395357617192
-0.000035290940025163086
0.00006403938887260235
0.00008606591216820582
0.0002558037120045926
-0.00017471457472983647
-0.0002377327830900051
-0.0002731673890187007
-0.0003205962708704879
-0.0003144649219844365
-0.00035197658948099385
-0.00031775917353299676
-0.0003184499476019985
-0.0003161489824121378
-0.0002799003887710177
-0.0002161652955480436
-0.0001782601634664568
-0.00012636201237884917
-0.0000670678538285733
-0.000028117798233792283
0.000036450856590222336
0.00007763472418890331
0.00012593556899484588
0.00018793454826667656
0.0002446936489615619
0.0003096353072218281
0.000346851252627628
0.0003707306374874348
0.000460283311527871
0.0005067081596964781
-0.0005662430495698668
-0.0005175642596432168
-0.0003706955681647374
-0.00035807168331720746
-0.0003361443899337729
-0.00015165284847271253
-0.00011775486387160596
-0.000060865815777726994
-4.913547384287762e-6
0.00010209654760614509
0.00016733995204028297
0.00021862665323450208
0.00026693110950056913
0.00031695504459010093
0.0003553555807529845
0.00036215548645265313
0.00044034517901889983
0.00040916541580365346
0.00034615424331783804
0.00038256096709220086
0.0003869294405589112
0.0003140283178294833
0.0003194458046201723
0.00013240182879445224
0.000050805328454874734
-7.190081125864063e-6
0.00016195808542438623
0.0002275625377987264
0.0002959565360939444
0.00037334380849820463
0.00037920017001360465
0.0004670292849683756
0.0004995558833518077
0.00044276465736407415
0.00044159180337899134
0.00038901660895826755
0.00038418078496950137
0.0003299751952572205
0.00026325570025639963
0.00020256844393620534
0.00010483627327732305
0.00008501313457565496
-0.00004796681284974091
-0.00011984390246118903
-0.00020250704235067588
-0.0003112855968489998
-0.00038572568845249603
-0.0005482882052277821
-0.0005874273953460167
-0.0007823217235423849
0.0008607464746807431
0.0007984271544054883
0.0007361451585677985
0.0006128658592892659
0.0005686433311462009
0.000444727849397922
0.0003656561617537286
0.0002396204560022316
0.00013387077949475912
0.000012237349473585158
-0.00009717437772985689
-0.00020215256351967416
-0.0002967558579403389
-0.00037010032576124323
-0.00043655642773739216
-0.0004785602418698365
-0.0005164986148885224
-0.0005150065460972049
-0.0005385218929872166
-0.0006273164905301101
-0.0006098107754460203
-0.0005304839048828303
-0.0004224072997811757
-0.00038762851718214064
-0.00017952788315505963
0.00010058593808278834
-0.00007435336364573371
-0.00017194349426319697
-0.00032635823148024964
-0.00041847053348500747
-0.0004909984169181185
-0.0005355423871927576
-0.000652200493767489
-0.00056134793178699
-0.0006304866992505329
-0.0006112806576194059
-0.0005206034524513553
-0.0005272864285449402
-0.0004545564520968449
-0.00041330221019401085
-0.00034965489635156775
-0.00022189690320152376
-0.00009578330402256369
0.000041896725313686695
0.00017303799330231588
0.0003357393158856406
0.000501804269473562
0.0006592132176880794
0.0007971652369890092
0.0009442559135899542
-0.001097845057883934
-0.0010291618605041484
-0.0009641897610882721
-0.0008625333698369018
-0.000763824798425265
-0.000557976991345184
-0.00046519228941203103
-0.00033264613180277044
-0.00021766737794720714
-0.00006448135323004525
0.00007606597666629901
0.000210011758860213
0.0003415702282419993
0.00046726411693986264
0.0005796520015302216
0.0006507346190575843
0.0007560943527369946
0.0007240467712392356
0.0008193764776762738
0.0008417412615200253
0.0008476554410877494
0.0008274534984859563
0.0007245045726405249
0.0006240520512196162
0.0004507542960959787
-0.0002763762364490782
-0.00002342569535890732
0.0001525294716142153
0.00034035548505966884
0.0004777584113621449
0.000627393293202821
0.0007178213856225331
0.0007854197437653869
0.0008238092566166225
0.000850145451572243
0.0008186456385559543
0.0007948983356612828
0.0007001150999505512
0.0006577426146510046
0.0005992192089379177
0.0003971600904572991
0.00030345858135143953
0.00016659136751104184
-0.000029692342415167133
-0.0001935307233263801
-0.0003886029623032408
-0.0005769753039858856
-0.0007852371335446055
-0.0009889288752534084
-0.001173914738234647
0.0012897794915523895
0.0011763167212635044
0.0011705839653215159
0.0010661805042755784
0.0009529357013426832
0.0007998754784178327
0.0006415662606664411
0.00045380030004910874
0.0002991785384171871
0.00009940336243092961
-0.00010355022984689232
-0.00025539959341107225
-0.0004005521173909631
-0.0005331348533389315
-0.0006726146768747106
-0.000746984085998115
-0.0008291858658904301
-0.0009714579956560623
-0.0009252641278992786
-0.0008949089509621563
-0.000896028771446797
-0.0008636421066001818
-0.0007916568413784304
-0.0007155696635313892
-0.0006022907484779436
0.00035006923184940854
0.00008176580230642669
-0.00014536343180638123
-0.0003601056020542868
-0.0005777605437599844
-0.000653882980327992
-0.0008062442620781774
-0.000877383449513075
-0.0009191388008317854
-0.0009661836376783849
-0.0009535867540783615
-0.0009572385803681121
-0.0007925172146998449
-0.0008020683732328303
-0.0005816017903655711
-0.0004864123208946992
-0.0003031554010711716
-0.00011696155772151815
0.000015821968552664723
0.0002715888550543261
0.000484296921447692
0.0006674415900438834
0.0009100276924222221
0.0010899611859641924
0.0013198111914653125
-0.0014429765829816663
-0.0013477862025173368
-0.0013157820674532185
-0.001189387372896594
-0.0010588173332788248
-0.0008599258053589437
-0.0006769863747497708
-0.00047212273979847536
-0.0002878439959072346
-0.00009616278522160661
0.00010717364168383217
0.00030017370832871777
0.0004659111944975169
0.0006513937532534062
0.0007675438383915721
0.0009529892657522058
0.0010519925432226694
0.001144797230294604
0.0012747392638927562
0.0011460339467482727
0.0011528861599343493
0.0009375341056721116
0.0009872887320023077
0.0008101749988556229
0.0006894315179808415
-0.00043785658039260434
-0.00004790882849959006
0.00024398210607417907
0.0004782750902385775
0.0006981215066948246
0.0008792786343995055
0.0009516475217703143
0.0011109984516102765
0.00108005666498446
0.0011311604063376926
0.001079216926072314
0.001146434363456933
0.001008435188686008
0.0008873342036355948
0.0007733939080704578
0.0006629275368246071
0.00043268626782940747
0.00020767193813562537
-0.00004176021188942307
-0.0002964225462365208
-0.000567316110265251
-0.0008420670661779338
-0.0011177314397934606
-0.001436856493620141
-0.001728469606301388
0.0019415746717776987
0.0018296446114849836
0.0016970864976956638
0.0015837657258979065
0.0014101700912286298
0.0010932453473618466
0.0008431542288295358
0.0005968686729006386
0.0003863561417727539
0.00014696729018262927
-0.000122204971013251
-0.0003310328585155363
-0.000583305934937374
-0.0008065234201496204
-0.000932895591204655
-0.001123259697803986
-0.00127745552152489
-0.0013732327875752275
-0.0014478421325435
-0.0014648901954330924
-0.001415343864582727
-0.0014147476814980516
-0.0011423843465265494
-0.0010199244113981887
-0.0007926038280285201
0.00044195299466571537
0.00011882647643434321
-0.00024821830224501995
-0.0005898450917419414
-0.0008328046723972381
-0.0010492732165704973
-0.001241812579111384
-0.0013961257348314824
-0.001348484117698593
-0.0014825952078740953
-0.0014729994823749304
-0.0014047776668091633
-0.0012409379593855466
-0.0011394767845486244
-0.000985149718662179
-0.0007899317379327467
-0.0005224798649271459
-0.00024695948298582277
0.000043472159930613715
0.00034941989808754754
0.0006717697444845182
0.0009997731093169195
0.0013297950492915098
0.0016969837873938565
0.0020569889294603442
-0.002261713467030904
-0.00222614054307744
-0.0019891565971379686
-0.0018244677655456008
-0.0016639184464854748
-0.0013503634420059312
-0.001156697193814438
-0.0007507563332648524
-0.000459812319556452
-0.00012550764384228663
0.0001445304952159916
0.00042773123290389104
0.0007166348929316077
0.0009641545808649635
0.001219973001617996
0.001391966542874172
0.0015802231955435342
0.0016770021272724362
0.0017424232655932018
0.001782068457806241
0.0017697400988555276
0.0016480649740058882
0.0016393121680235844
0.0013320161914163833
0.0010541249986699753
-0.0005641751499644199
-0.00009256627025888917
0.0003181072428392334
0.0007131682167941395
0.0010332720068516033
0.001311976407572262
0.0015195612126503307
0.0016914844376901186
0.001729091503410767
0.0017993667954770104
0.0018215565351872003
0.001698053432448186
0.001554426455303872
0.0014116232989762713
0.0011841015098030627
0.0009498494933308071
0.0006651020735187632
0.00032077861706408757
-0.000025910481834513177
-0.0003075355785976345
-0.0008314256601094471
-0.001236200787956498
-0.0016611742944868573
-0.0021286864685779953
-0.002486119440420977
0.002851501648496275
0.0027882155671242605
0.002505041528858368
0.002282607616688131
0.001952016651507687
0.0016347482199438883
0.0013572975561420787
0.0010120090527698533
0.0006277641431432809
0.00018609593029183407
-0.0001312220364414262
-0.0005353688533757989
-0.0008882737661431042
-0.0012198475269432328
-0.0014718145273308462
-0.0017314198644851398
-0.0019462603558883477
-0.0021369603472374005
-0.0021966155700345615
-0.0022418130670805816
-0.0021838678497308143
-0.0019628913129247456
-0.001904355253067697
-0.0014993421974844226
-0.0012309026160737266
0.0007697434697462471
0.00021947216275543322
-0.00038157002855996805
-0.0009216864157392369
-0.0013133339004923557
-0.0016693914062787384
-0.001848555055532416
-0.0021013432098843533
-0.002261802506128831
-0.002315968275751438
-0.002263488721054689
-0.0022363697404898294
-0.001995529021387678
-0.0018422714162569494
-0.001552488652297456
-0.0011851723257517628
-0.000763796873173972
-0.00037360559992137413
0.000030016871019495017
0.0004790696163800984
0.0010386113512738885
0.001503813707882547
0.002052385267534356
0.0026265103775628923
0.0031569773691082523
-0.003665052978888283
-0.0032893138604683366
-0.003234410275009722
-0.002912190246663269
-0.0024685198038388975
-0.0021524537640249244
-0.0017536975030264604
-0.0012272540416216264
-0.0007718917557239454
-0.00031037349998031997
0.00018873185847658543
0.0006592531139980805
0.001101814678074462
0.001514028964964376
0.0018900845037473357
0.0022467392426949243
0.0024863800249049174
0.002706318453715141
0.0027915085733769543
0.0029250256484619677
0.0028446153702010005
0.002795851721973363
0.002583733328549291
0.002208012925942267
0.001735137578792249
-0.0009790449757084007
-0.00018080408458738678
0.0005012533828393917
0.0010965383515972235
0.0016672208003366224
0.0019615337154731687
0.002319213401025485
0.002700826479853809
0.0028396515766039685
0.002869923620671266
0.0028314182974917687
0.002753864146135939
0.0026309969143716496
0.0022251949307359473
0.001997614909560196
0.0015375597014505337
0.0010730430949556773
0.0004960004543178822
-0.000021520063384598247
-0.0006811787270398923
-0.0013406011716852885
-0.0020163720550042856
-0.0026965546484196985
-0.0033812868913075055
-0.004086196992211506
0.004628369068874973
0.00434731123502296
0.004274105118193268
0.003731694003722721
0.003338225947291929
0.002811845871924417
0.002227402625949762
0.001610453517660133
0.0010204704506200054
0.0003738537375069699
-0.00023682677566583165
-0.000849244542118022
-0.0014426848954778011
-0.0019521189159811103
-0.0024594150827690364
-0.002809889890770991
-0.003149917880772656
-0.003350424695302642
-0.0035416984130733574
-0.003755405516615839
-0.0035381839836962034
-0.0033588208746312535
-0.00294629071772305
-0.00272084607285332
-0.002115178371694213
0.0013740759805128083
0.0002531419563210153
-0.0007168721336095563
-0.0015094652402660865
-0.002188917333199332
-0.002772417852644464
-0.003187945121426592
-0.0034791099736357946
-0.0036887511526068452
-0.003806173628233925
-0.0037644837047440256
-0.0035958056754667083
-0.0033090866217876046
-0.0029025832412464913
-0.0025442708549324212
-0.0019253471247662273
-0.0012853875995572613
-0.0006984845406071146
0.0000672879368024793
0.0008753059603992027
0.0017159150457079398
0.0025808915480712196
0.003466719619528442
0.004273774166323397
0.00522418197781296
-0.006223484020342406
-0.005910085291841636
-0.005393615022609737
-0.0049682612516056615
-0.004391092092230299
-0.003716305807470107
-0.002907606011087332
-0.0020981243623172433
-0.001306391317183642
-0.0005294850609450709
0.00029506794220328977
0.0011582513545573343
0.0018564900123097439
0.0025885341337680825
0.0031780132509739907
0.003787591000833969
0.004180976277581078
0.00460724428528068
0.00482162300236445
0.004933174021194277
0.004865415082604449
0.004695663259539094
0.004309090431817219
0.003785438817526094
0.0029401134505655747
-0.0019822228875576208
-0.0005217696698814103
0.0007200924503191767
0.0018296772362220415
0.002835257756480985
0.0035709669880977916
0.004241559581967687
0.004707251938825004
0.005007645897771525
0.005210642033471911
0.0051376362253475584
0.004870459902111461
0.004598041488003838
0.004227605101362842
0.00349561678206875
0.0026770951719745557
0.0018647399557380445
0.0009744538187528197
-0.00004417715161208122
-0.0010369365216632647
-0.0023177715360621276
-0.0035022333111661736
-0.004534468067783794
-0.005913166429829975
-0.007032071604666029
0.008581559718771318
0.00827168602776661
0.007601632128096212
0.00701552674010734
0.00607007009806418
0.005293792591370992
0.004217820853087502
0.003241399096125683
0.0018766632868923233
0.0007162896558714891
-0.0003711719532825582
-0.001511817351833686
-0.0025807341939720757
-0.0034908209793295753
-0.004455736970715395
-0.005227111307911619
-0.005788183540563538
-0.006120800251385058
-0.006498616136655356
-0.006662675519334542
-0.0065224183110180875
-0.006080108474977127
-0.00560995029010996
-0.004802544032989788
-0.0037043263335240864
0.002677637946443791
0.0006563641567636923
-0.001288979240822851
-0.0028919557885136154
-0.0040399307002762196
-0.005325455142771753
-0.0061815263218009085
-0.006763936320520291
-0.007042571877501528
-0.007170154292890568
-0.007068329215155537
-0.0067085599323072525
-0.006259891883543151
-0.005494704488285122
-0.004829322050506224
-0.0037949851317559853
-0.0027269126214783434
-0.0012845097341705567
0.00016589483494113824
0.0015298991985345635
0.0031433769424570462
0.004732292307953644
0.006350447209680857
0.007884221259210487
0.009543269118962947
-0.012764863220110013
-0.012124194842904595
-0.011198325259720272
-0.010067357127946753
-0.008889698377396527
-0.007300633982241135
-0.005870918095195032
-0.0041763073133225725
-0.0026951290178295465
-0.0009715352815907833
0.0006448092019583803
0.0022252464325010547
0.0034660509244811375
0.004900659244356935
0.006228593204498369
0.007317569948293266
0.008211015792195863
0.008969252542515736
0.009368886408286453
0.009648504331683154
0.009174939203002755
0.009121554901600729
0.008456800425340198
0.007000482566299152
0.005771092748853403
-0.003827249499072964
-0.0008776787095733123
0.0015884418381789905
0.0039798909428477285
0.005945483924796354
0.007551896371096068
0.008785290274150646
0.009822346121315193
0.010500059465610917
0.010778621102911551
0.01076773605287972
0.010403480457817372
0.009818404770029586
0.008732414334743243
0.0075340777313453455
0.005801204838456482
0.004286091695605547
0.002082924573352305
0.00019313072672138114
-0.0022588328421958978
-0.004587550941184233
-0.006728022141069656
-0.009327879905030534
-0.011637744675804605
-0.013544103596643584
0.020703750799745912
0.020273527067996334
0.019108686931913477
0.017181823187127673
0.015205863716004651
0.012942537612398634
0.01050946100408583
0.00763318808279963
0.004934363130295854
0.001912441671174713
-0.0007427212597397593
-0.0035540872749161016
-0.005979139508871224
-0.008068585754041511
-0.009847193168067559
-0.011442811558200134
-0.012497618184465771
-0.013242461670062683
-0.013528287572046811
-0.013413276573238823
-0.012893119089748677
-0.0119111729473069
-0.010490041773220089
-0.00854884638561944
-0.006468814724149574
0.010911509330329253
0.002838152845912823
-0.004232849270304809
-0.010128458542842637
-0.014350785654208102
-0.017252183846603392
-0.019310791545890636
-0.01994589655930728
-0.019727295023659795
-0.01883423103677787
-0.017789581131847736
-0.016148182410685913