0.20000000141589153
0.20000017132308934
0.2000006244109226
0.2000013606847709
0.20000238015337674
0.2000036828288459
0.20000526872664864
0.20000713786562047
0.20000929026796402
0.20001172595925037
0.20001444496842108
0.20001744732779062
0.20002073307304846
0.20002430224326181
0.2000281548808788
0.20003229103173148
0.20003671074503943
0.20004141407341336
0.2000464010728591
0.20005167180278194
0.20005722632599116
0.2000630647087047
0.20006918702055398
0.2000755933345898
0.20008228372728717
0.20008925827855176
0.20009651707172568
0.2001040601935937
0.20011188773439018
0.20011999978780592
0.20012839645099514
0.20013707782458304
0.2001460440126738
0.20015529512285776
0.20016483126622103
0.2001746525573525
0.20018475911435388
0.2001951510588483
0.2002058285159899
0.20021679161447323
0.20022804048654377
0.2002395752680075
0.20025139609824227
0.20026350312020808
0.20027589648045827
0.2002885763291515
0.20030154282006302
0.2003147961105969
0.20032833636179856
0.20034216373836722
0.20035627840866896
0.2003706805447503
0.2003853703223518
0.20040034792092154
0.20041561352363013
0.20043116731738475
0.20044700949284452
0.2004631402444356
0.2004795597703667
0.20049626827264544
0.20051326595709412
0.2005305530333671
0.20054812971496688
0.2005659962192624
0.20058415276750632
0.20060259958485288
0.20062133690037692
0.2006403649470924
0.2006596839619715
0.20067929418596464
0.20069919586401977
0.20071938924510357
0.2007398745822214
0.20076065213243904
0.20078172215690404
0.20080308492086751
0.20082474069370687
0.2008466897489484
0.2008689323642904
0.20089146882162706
0.20091429940707223
0.2009374244109844
0.20096084412799134
0.20098455885701538
0.20100856890129962
0.2010328745684342
0.20105747617038297
0.20108237402351067
0.2011075684486111
0.2011330597709349
0.20115884832021894
0.2011849344307145
0.20121131844121823
0.20123800069510156
0.20126498154034198
0.20129226132955413
0.20131984042002174
0.20134771917372984
0.2013758979573983
0.20140437714251466
0.20143315710536872
0.20146223822708687
0.2014916208936677
0.20152130549601766
0.20155129242998748
0.20158158209640945
0.20161217490113487
0.20164307125507266
0.20167427157422826
0.20170577627974315
0.2017375857979352
0.2017697005603397
0.20180212100375122
0.20183484757026524
0.20186788070732245
0.2019012208677512
0.20193486850981288
0.2019688240972469
0.20200308809931686
0.20203766099085674
0.2020725432523195
0.20210773536982432
0.20214323783520652
0.20217905114606732
0.2022151758058242
0.20225161232376326
0.2022883612150915
0.20232542300098946
0.20236279820866707
0.202400487371417
0.20243849102867215
0.20247680972606183
0.20251544401547028
0.20255439445509552
0.20259366160950876
0.2026332460497162
0.2026731483532203
0.2027133691040832
0.2027539088929904
0.20279476831731635
0.20283594798119026
0.20287744849556377
0.2029192704782791
0.2029614145541392
0.20300388135497796
0.20304667151973255
0.20308978569451686
0.2031332245326955
0.20317698869495976
0.20322107884940493
0.20326549567160815
0.2033102398447084
0.2033553120594876
0.2034007130144529
0.20344644341592047
0.20349250397810098
0.20353889542318646
0.20358561848143814
0.2036326738912768
0.20368006239937336
0.2037277847607429
0.20377584173883834
0.20382423410564673
0.20387296264178761
0.20392202813661214
0.2039714313883046
0.20402117320398572
0.20407125439981724
0.20412167580110885
0.20417243824242742
0.20422354256770647
0.20427498963035973
0.20432678029339568
0.20437891542953357
0.20443139592132262
0.20448422266126268
0.20453739655192751
0.20459091850608999
0.20464478944684916
0.20469901030776064
0.20475358203296876
0.20480850557734076
0.20486378190660423
0.20491941199748664
0.20497539683785723
0.20503173742687217
0.20508843477512154
0.20514548990478
0.20520290384975926
0.20526067765586414
0.20531881238095134
0.20537730909509092
0.2054361688807313
0.20549539283286672
0.20555498205920852
0.20561493768035938
0.20567526082999066
0.20573595265502348
0.2057970143158132
0.20585844698633715
0.20592025185438628
0.20598243012176043
0.2060449830044671
0.20610791173292467
0.20617121755216908
0.20623490172206466
0.20629896551751914
0.20636341022870275
0.2064282371612721
0.20649344763659763
0.20655904299199687
0.2066250245809704
0.20669139377344498
0.20675815195601904
0.20682530053221543
0.2068928409227372
0.20696077456573
0.2070291029170494
0.20709782745053307
0.20716694965827953
0.20723647105093174
0.2073063931579672
0.20737671752799328
0.20744744572904958
0.20751857934891565
0.20759011999542595
0.20766206929679082
0.20773442890192426
0.20780720048077916
0.2078803857246889
0.20795398634671644
0.20802800408201103
0.20810244068817263
0.20817729794562345
0.2082525776579885
0.20832828165248332
0.2084044117803111
0.20848096991706774
0.20855795796315574
0.20863537784420808
0.2087132315115199
0.20879152094249143
0.20887024814107896
0.20894941513825782
0.20902902399249357
0.20910907679022533
0.20918957564635982
0.20927052270477528
0.20935192013883852
0.2094337701519327
0.20951607497799732
0.2095988368820809
0.20968205816090588
0.20976574114344734
0.2098498881915239
0.2099345017004043
0.2100195840994257
0.21010513785262908
0.21019116545940747
0.2102776694551707
0.210364652412026
0.21045211693947366
0.21054006568512126
0.21062850133541314
0.2107174266163787
0.21080684429439844
0.21089675717698877
0.210987168113606
0.21107807999646963
0.21116949576140673
0.21126141838871665
0.2113538509040575
0.21144679637935435
0.21154025793373085
0.21163423873446355
0.21172874199796118
0.21182377099076802
0.21191932903059335
0.21201541948736713
0.21211204578432263
0.21220921139910753
0.2123069198649232
0.21240517477169435
0.21250397976726873
0.2126033385586487
0.21270325491325523
0.21280373266022523
0.2129047756917444
0.2130063879644138
0.2131085735006557
0.21321133639015513
0.21331468079134233
0.21341861093291378
0.21352313111539717
0.21362824571275696
0.21373395917404686
0.21384027602510539
0.21394720087030172
0.21405473839432787
0.2141628933640437
0.21427167063037125
0.2143810751302466
0.21449111188862405
0.21460178602054017
0.21471310273323613
0.2148250673283427
0.21493768520412793
0.21505096185781003
0.21516490288794105
0.21527951399685785
0.21539480099320824
0.21551076979455078
0.21562742643003402
0.21574477704315637
0.2158628278946087
0.21598158536520512
0.21610105595890164
0.21622124630590947
0.2163421631659045
0.2164638134313356
0.21658620413083765
0.21670934243275078
0.21683323564875132
0.2169578912375998
0.2170833168090048
0.21720952012761607
0.21733650911714197
0.2174642918646025
0.2175928766247226
0.2177222718244682
0.21785248606773103
0.21798352814017238
0.21811540701422363
0.2182481318542602
0.21838171202194534
0.2185161570817594
0.2186514768067153
0.2187876811842692
0.2189247804224416
0.21906278495614234
0.21920170545372436
0.2193415528237629
0.21948233822207616
0.21962407305899875
0.21976676900690703
0.21991043800802645
0.220055092282514
0.22020074433683606
0.22034740697245628
0.22049509329484315
0.22064381672280997
0.22079359099820645
0.22094443019597085
0.2210963487345688
0.22124936138682172
0.22140348329115664
0.2215587299632851
0.2217151173083402
0.2218726616334803
0.22203137966099995
0.22219128854194378
0.22235240587028013
0.22251474969763163
0.22267833854860197
0.22284319143673037
0.22300932788109606
0.2231767679236066
0.2233455321470065
0.2235156416936327
0.22368711828496926
0.22385998424201878
0.22403426250655403
0.22420997666327513
0.22438715096293135
0.22456581034645035
0.22474598047012345
0.22492768773191532
0.22511095929893177
0.22529582313613794
0.22548230803636424
0.2256704436516868
0.22586026052624852
0.22605179013059645
0.2262450648976312
0.22644011826023605
0.22663698469069807
0.22683569974201162
0.22703630009116121
0.22723882358452913
0.2274433092855007
0.2276497975244377
0.2278583299511249
0.2280689495898601
0.22828170089732758
0.2284966298234247
0.22871378387521837
0.22893321218422466
0.22915496557721277
0.22937909665074552
0.22960565984970113
0.22983471155000687
0.23006631014587367
0.23030051614179772
0.2305373922496572
0.23077700349120972
0.23101941730638328
0.2312647036677003
0.2315129352012723
0.23176418731481416
0.232018538333138
0.23227606964165215
0.23253686583841063
0.2328010148953514
0.23306860832931753
0.23333974138360747
0.2336145132208104
0.23389302712774585
0.2341753907333715
0.234461716240715
0.23475212067378715
0.23504672614070035
0.23534566011419755
0.23564905573097944
0.23595705211127915
0.23626979470035306
0.23658743563362133
0.23691013412738982
0.23723805689728888
0.2375713786067438
0.2379102823480062
0.23825496015855424
0.23860561357594226
0.2389624542344028
0.2393257045070646
0.23969559819773664
0.24007238128687935
0.24045631273677878
0.24084766536140503
0.24124672676716744
0.24165380037138484
0.2420692065060138
0.24249328361512
0.24292638955551082
0.24336890301104824
0.2438212250322952
0.24428378071484821
0.24475702103087896
0.24524142483072692
0.24573750103296826
0.24624579102416835
0.24676687129205524
0.24730135631896477
0.2478499017661141
0.24841320798327415
0.2489920238835009
0.24958715122753666
0.25019944936981525
0.2508298405246595
0.2514793156204264
0.2521489408200328
0.25283986479712484
0.25355332687271054
0.25429066613295703
0.2550533316685605
0.25584289410052635
0.2566610585836377
0.25750967951433035
0.2583907772084666
0.25930655686289694
0.2602594301748068
0.26125204006218317
0.2622872890165423
0.2633683717251657
0.26449881273063525
0.26568251005757215
0.2669237859368478
0.2682274460095359
0.26959884870743156
0.2710439869070044
0.2725695844585824
0.2741832108448213
0.27589341805416745
0.27770990484702635
0.27964371500469687
0.2817074780297907
0.2839157032530724
0.286285141642862
0.2888352341437413
0.2915886715688183
0.29457209965060527
0.2978170148793672
0.3013609138031936
0.3052487829839473
0.30953505255469327
0.31428618930562774
0.31958418507150066
0.3255313186456345
0.33225676107397756
0.33992590020700336
0.34875376014477777
0.35902472654784195
0.3711222182944212
0.3855744480735947
0.4031268715404212
0.42485989021733134
0.4523840621975933
0.48816427630096704
0.5360217865113361
0.6016126681904088
0.6905053833949566
0.784663987872024
0.6829378369711103
-0.017106851148378392
-0.3861093498221875
-0.33679426662671164
-0.21462113225099347
-0.07752695105906039
-0.010329549840256927
0.02347168961294116
0.04754050477081825
0.06666482082007387
0.08239668767433905
0.09557033956570397
0.10674862613458537
0.11634184402491418
0.12465832016151755
0.13193383497524788
0.13835117537591887
0.14405379395764048
0.14915556696718993
0.1537478655077924
0.15790474150006842
0.16168677417002408
0.1651439544088527
0.16831787069738757
0.1712433827107223
0.1739499152301885
0.17646246784020064
0.1788024098017768
0.18098811103707332
0.18303544696872173
0.18495820543949298
0.1867684170129309
0.1884766248512768
0.19009210661395118
0.19162305797677673
0.1930767452645141
0.19445963306436845
0.19577749145675685
0.19703548654870093
0.19823825725319558
0.19938998068464778
0.20049442808550216
0.20155501284016436
0.20257483184875688
0.2035567013059332
0.204503187744068
0.20541663505559166
0.20629918808780248
0.2071528133051294
0.20797931693540211
0.20878036094887753
0.20955747716639042
0.21031207974576716
0.211045476261156
0.21175887755445352
0.21245340651632524
0.21313010592913284
0.21378994548601216
0.21443382808614417
0.215062595491088
0.21567703341660943
0.21627787612464922
0.2168658105715562
0.21744148016200043
0.21800548815141385
0.21855840073446406
0.21910074985354575
0.21963303575549223
0.2201557293232738
0.22066927420478985
0.22117408875957342
0.221670567840809
0.22215908442905719
0.2226399911317573
0.22311362156106887
0.2235802916016125
0.22404030057803145
0.22449393233168005
0.22494145621438208
0.22538312800681354
0.22581919076787918
0.22624987562124618
0.22667540248426987
0.22709598074425047
0.22751180988625266
0.22792308007673773
0.22832997270640443
0.2287326608955296
0.22913130996486394
0.22952607787478974
0.22991711563518052
0.23030456768815294
0.23068857226593734
0.23106926172556677
0.2314467628622828
0.23182119720297728
0.23219268128146273
0.23256132689656905
0.23292724135448828
0.23329052769641764
0.23365128491248932
0.23400960814306399
0.23436558886808684
0.23471931508545682
0.23507087147910577
0.23542033957739122
0.23576779790264416
0.23611332211218936
0.23645698513161348
0.23679885728066408
0.2371390063922753
0.23747749792515066
0.23781439507033333
0.23814975885208192
0.23848364822345575
0.23881612015691234
0.23914722973018904
0.23947703020780303
0.23980557311840506
0.24013290832821726
0.24045908411080974
0.24078414721338848
0.24110814291987326
0.2414311151108453
0.24175310632061342
0.2420741577915643
0.24239430952586336
0.24271360033479347
0.24303206788570422
0.24334974874682583
0.2436666784299875
0.24398289143140386
0.24429842127058993
0.24461330052751773
0.24492756087813491
0.2452412331282663
0.2455543472460563
0.24586693239297988
0.24617901695348343
0.24649062856338705
0.24680179413703754
0.24711253989332915
0.24742289138060225
0.24773287350053003
0.2480425105309755
0.24835182614793297
0.24866084344655742
0.2489695849613338
0.24927807268543958
0.24958632808931597
0.24989437213851282
0.250202225310812
0.25050990761268505
0.250817438595114
0.2511248373687717
0.2514321226186466
0.25173931261809107
0.25204642524233484
0.25235347798148966
0.252660487953065
0.2529674719140163
0.25327444627234785
0.2535814270982829
0.2538884301350319
0.25419547080916205
0.2545025642405975
0.25480972525224677
0.25511696837931624
0.2554243078782524
0.2557317577354088
0.2560393316753794
0.25634704316906054
0.25665490544140995
0.2569629314789812
0.2572711340371547
0.2575795256471493
0.2578881186227915
0.2581969250670577
0.25850595687839667
0.25881522575684646
0.2591247432099349
0.25943452055841243
0.25974456894178233
0.26005489932364756
0.26036552249689204
0.26067644908870957
0.26098768956544655
0.2612992542373104
0.26161115326292145
0.2619233966537389
0.26223599427831573
0.2625489558664694
0.2628622910132735
0.2631760091829759
0.26349011971276143
0.26380463181642166
0.26411955458790787
0.26443489700478184
0.26475066793155827
0.2650668761229575
0.2653835302270608
0.2657006387883638
0.26601821025075995
0.2663362529604212
0.26665477516861424
0.2669737850344212
0.2672932906273865
0.2676132999300994
0.26793382084070083
0.26825486117530795
0.2685764286703943
0.2688985309850839
0.2692211757034072
0.2695443703364633
0.2698681223245607
0.2701924390392708
0.27051732778545
0.2708427958031922
0.2711688502697404
0.2714954983013412
0.27182274695506253
0.2721506032305549
0.2724790740717676
0.2728081663686318
0.27313788695869207
0.273468242628702
0.27379924011617407
0.27413088611090386
0.2744631872564417
0.27479615015154474
0.27512978135157634
0.27546408736989175
0.2757990746791781
0.27613474971276036
0.27647111886589004
0.27680818849699096
0.27714596492888566
0.2774844544499922
0.2778236633154834
0.2781635977484387
0.2785042639409529
0.2788456680552353
0.27918781622466915
0.27953071455486334
0.2798743691246693
0.28021878598718714
0.28056397117073956
0.28090993067983305
0.28125667049609865
0.2816041965792074
0.2819525148677738
0.2823016312802377
0.28265155171572975
0.28300228205491756
0.28335382816083965
0.28370619587971757
0.2840593910417542
0.28441341946192433
0.2847682869407353
0.2851239992649884
0.28548056220851536
0.28583798153290957
0.28619626298823486
0.2865554123137362
0.28691543523851754
0.2872763374822276
0.28763812475572015
0.28800080276171103
0.2883643771954182
0.2887288537451966
0.2890942380931597
0.28946053591578946
0.28982775288454043
0.29019589466642964
0.290564966924623
0.2909349753190054
0.2913059255067516
0.29167782314287793
0.29205067388079387
0.29242448337284427
0.29279925727083794
0.29317500122657875
0.2935517208923778
0.29392942192157073
0.2943081099690201
0.29468779069160805
0.29506846974873613
0.2954501528028036
0.29583284551969025
0.2962165535692239
0.2966012826256581
0.29698703836812074
0.2973738264810804
0.29776165265479343
0.29815052258574815
0.2985404419771125
0.29893141653916167
0.299323451989717
0.29971655405457204
0.3001107284679117
0.30050598097273523
0.30090231732127026
0.30129974327538156
0.301698264606983
0.3020978870984352
0.3024986165429493
0.30290045874498434
0.30330341952063883
0.30370750469803953
0.30411272011773105
0.30451907163306097
0.3049265651105605
0.3053352064303208
0.3057450014863698
0.3061559561870499
0.30656807645538153
0.3069813682294441
0.3073958374627238
0.30781149012449976
0.3082283322001898
0.308646369691719
0.3090656086178752
0.3094860550146682
0.3099077149356835
0.31033059445243366
0.31075469965471486
0.3111800366509554
0.3116066115685613
0.31203443055427044
0.31246349977449606
0.3128938254156696
0.31332541368459094
0.3137582708087652
0.3141924030367512
0.31462781663850053
0.3150645179056979
0.3155025131520989
0.31594180871387745
0.3163824109499545
0.31682432624234413
0.3172675609964873
0.31771212164158863
0.3181580146309593
0.318605246442345
0.3190538235782713
0.31950375256637265
0.3199550399597342
0.320407692337224
0.3208617163038311
0.3213171184910031
0.3217739055569803
0.3222320841871313
0.32269166109429487
0.32315264301911073
0.32361503673036285
0.3240788490253093
0.3245440867300311
0.32501075669976165
0.32547886581923163
0.3259484210030044
0.32641942919582173
0.32689189737293817
0.327365832540471
0.3278412417357352
0.32831813202759247
0.3287965105167926
0.3292763843363197
0.32975776065173895
0.33024064666154224
0.3307250495974991
0.33121097672500305
0.33169843534342613
0.33218743278646684
0.33267797642250435
0.33317007365495527
0.3336637319226284
0.3341589587000759
0.3346557614979629
0.3351541478634195
0.3356541253804028
0.3361557016700647
0.3366588843911095
0.33716368124017054
0.3376700999521654
0.33817814830067755
0.3386878340983212
0.3391991651971163
0.33971214948886475
0.34022679490552654
0.3407431094196012
0.3412611010445041
0.34178077783495747
0.34230214788736796
0.34282521934021937
0.3433500003744605
0.3438764992138974
0.3444047241255865
0.3449346834202348
0.3454663854525934
0.34599983862186445
0.34653505137210044
0.3470720321926139
0.3476107896183842
0.34815133223046885
0.3486936686564197
0.3492378075706987
0.34978375769509684
0.3503315277991552
0.35088112670059335
0.3514325632657361
0.35198584640994346
0.3525409850980453
0.35309798834477707
0.3536568652152221
0.3542176248252526
0.3547802763419777
0.3553448289841907
0.3559112920228242
0.3564796747814006
0.35704998663650134
0.3576222370182209
0.35819643541063534
0.35877259135227485
0.3593507144365929
0.35993081431244495
0.36051290068457026
0.36109698331407347
0.3616830720189166
0.362271176674402
0.3628613072136807
0.3634534736282426
0.3640476859684226
0.36464395434390695
0.36524228892425076
0.36584269993938573
0.36644519768014333
0.3670497924987809
0.36765649480951007
0.3682653150890241
0.36887626387704364
0.3694893517768522
0.37010458945584496
0.37072198764607966
0.3713415571448322
0.37196330881515455
0.37258725358644545
0.3732134024550134
0.37384176648465967
0.3744723568072486
0.3751051846232999
0.3757402612025764
0.3763775978846785
0.3770172060796461
0.3776590972685608
0.37830328300416205
0.3789497749114595
0.37959858468835733
0.38024972410628016
0.38090320501080677
0.38155903932231194
0.38221723903660626
0.3828778162255891
0.3835407830379059
0.3842061516996099
0.38487393451483165
0.3855441438664507
0.3862167922167799
0.3868918921082526
0.3875694561641168
0.3882494970891295
0.3889320276702712
0.38961706077745595
0.39030460936425376
0.3909946864686116
0.3916873052135921
0.39238247880811705
0.3930802205477069
0.39378054381524585
0.3944834620817338
0.3951889889070642
0.3958971379407983
0.39660792292294733
0.3973213576847713
0.39803745614956787
0.3987562323334926
0.39947770034636765
0.4002018743925018
0.400928768771534
0.4016583978792598
0.4023907762084909
0.40312591834990275
0.4038638389929054
0.40460455292651715
0.40534807504024206
0.40609442032496873
0.4068436038738635
0.40759564088328454
0.408350546653698
0.40910833659060675
0.40986902620548754
0.4106326311167397
0.4113991670506357
0.4121686498422945
0.4129410954366525
0.4137165198894523
0.41449493936823734
0.4152763701533604
0.41606082863899846
0.4168483313341819
0.41763889486382966
0.41843253596980373
0.41922927151196154
0.42002911846923346
0.42083209394070215
0.4216382151466954
0.42244749942989296
0.42325996425644336
0.4240756272170904
0.42489450602831397
0.4257166185334849
0.42654198270402927
0.42737061664060094
0.4282025385742814
0.42903776686777206
0.42987632001661363
0.4307182166504205
0.43156347553411206
0.43241211556917564
0.4332641557949322
0.43411961538982335
0.43497851367270024
0.43584087010414296
0.436706704287778
0.43757603597162487
0.4384488850494449
0.43932527156211326
0.4402052156990056
0.44108873779939023
0.44197585835384956
0.4428665980057116
0.44376097755249244
0.4446590179473604
0.4455607403006167
0.44646616588119153
0.44737531611815307
0.44828821260224266
0.44920487708741447
0.45012533149240685
0.45104959790231713
0.4519776985702093
0.4529096559187248
0.453845492541724
0.45478523120593567
0.4557288948526384
0.4566765065993456
0.4576280897415248
0.4585836677543274
0.45954326429433956
0.4605069032013549
0.4614746085001694
0.46244640440239215
0.46342231530828454
0.4644023658086129
0.465386580686525
0.4663749849194557
0.46736760368103913
0.4683644623430689
0.4693655864774473
0.4703710018581905
0.4713807344634331
0.4723948104774705
0.47341325629282566
0.4744360985123259
0.4754633639512207
0.4764950796393198
0.47753127282315017
0.47857197096815013
0.4796172017608807
0.4806669931112662
0.4817213731548658
0.48278037025516757
0.48384401300591057
0.48491233023343927
0.48598535099908324
0.4870631046015668
0.48814562057944816
0.4892329287135848
0.49032505902963763
0.49142204180059923
0.4925239075493547
0.49363068705127255
0.4947424113368303
0.4958591116942771
0.49698081967231555
0.49810756708283377
0.49923938600365353
0.500376308781334
0.5015183680339907
0.5026655966541644
0.5038180278117139
0.5049756949567585
0.5061386318226464
0.5073068724289662
0.5084804510845939
0.5096594023907883
0.5108437612443043
0.512033562840572
0.5132288426769006
0.514429636555724
0.5156359805878941
0.5168479111960146
0.5180654651178144
0.5192886794095707
0.5205175914495682
0.5217522389416168
0.5229926599185973
0.5242388927460687
0.5254909761259141
0.5267489491000426
0.5280128510541285
0.5292827217214054
0.5305586011865205
0.5318405298894209
0.5331285486293029
0.5344226985686122
0.5357230212371051
0.5370295585359462
0.5383423527418699
0.5396614465114112
0.5409868828851707
0.5423187052921478
0.5436569575541357
0.5450016838901787
0.5463529289210662
0.5477107376739248
0.5490751555868448
0.5504462285135725
0.5518240027282869
0.5532085249304205
0.5545998422495556
0.5559980022503912
0.5574030529377632
0.5588150427617594
0.5602340206228864
0.5616600358773051
0.5630931383421606
0.5645333783009747
0.5659808065090991
0.5674354741992698
0.5688974330872327
0.5703667353774416
0.5718434337688362
0.5733275814607199
0.5748192321586881
0.576318440080686
0.5778252599631076
0.5793397470670143
0.5808619571844282
0.5823919466447199
0.5839297723210832
0.5854754916371153
0.5870291625734886
0.5885908436746962
0.5901605940559386
0.5917384734100847
0.5933245420147248
0.5949188607393566
0.5965214910526453
0.5981324950298235
0.5997519353601789
0.6013798753546458
0.6030163789535382
0.6046615107343778
0.6063153359198338
0.6079779203858
0.6096493306695828
0.6113296339782162
0.6130188981968908
0.6147171918975245
0.6164245843474662
0.6181411455183076
0.6198669460948638
0.6216020574842547
0.6233465518251612
0.6251005019971927
0.6268639816304258
0.6286370651150645
0.6304198276112656
0.6322123450591265
0.6340146941887965
0.6358269525307839
0.637649198426385
0.6394815110383208
0.6413239703614955
0.6431766572339618
0.6450396533480459
0.6469130412616286
0.6487969044096531
0.6506913271157606
0.6525963946041581
0.6545121930116486
0.6564388093998703
0.6583763317677134
0.6603248490639698
0.6622844512001481
0.6642552290635294
0.6662372745304239
0.6682306804796294
0.6702355408061446
0.6722519504350712
0.6742800053357729
0.6763198025362366
0.6783714401377147
0.6804350173295719
0.6825106344043999
0.6845983927733763
0.6866983949818812
0.6888107447253787
0.6909355468655679
0.6930729074468034
0.6952229337127854
0.6973857341235539
0.6995614183727478
0.7017500974051806
0.7039518834347089
0.7061668899623896
0.7083952317949876
0.7106370250637608
0.7128923872436197
0.7151614371725591
0.7174442950714898
0.7197410825643663
0.722051922698705
0.7243769399664314
0.7267162603251369
0.7290700112196437
0.7314383216040428
0.7338213219640287
0.736219144339709
0.7386319223487806
0.7410597912101298
0.7435028877678574
0.7459613505157678
0.7484353196222249
0.7509249369555491
0.7534303461098235
0.755951692431175
0.7584891230445643
0.7610427868810243
0.7636128347054604
0.7661994191449015
0.7688026947173232
0.7714228178609853
0.7740599469643119
0.7767142423963529
0.7793858665378041
0.7820749838126018
0.7847817607201436
0.7875063658680764
0.7902489700057699
0.7930097460583652
0.795788869161509
0.7985865166967597
0.8014028683276531
0.8042381060364903
0.8070924141618215
0.8099659794366534
0.8128589910274339
0.8157716405737532
0.8187041222288931
0.821656632701079
0.8246293712956544
0.827622539957997
0.8306363433173733
0.8336709887315873
0.8367266863326128
0.8398036490730524
0.8429020927735923
0.8460222361714189
0.8491643009695803
0.8523285118873934
0.8555150967118497
0.8587242863501028
0.8619563148830218
0.8652114196198669
0.8684898411540466
0.8717918234201377
0.8751176137519643
0.8784674629420272
0.8818416253020701
0.8852403587249856
0.888663924748035
0.8921125886173783
0.8955866193539809
0.8990862898209945
0.9026118767924817
0.9061636610237074
0.9097419273229246
0.9133469646246942
0.9169790660648288
0.9206385290569834
0.9243256553708995
0.9280407512123714
0.9317841273050376
0.9355560989739043
0.939356986230788
0.9431871138616321
0.9470468115158455
0.9509364137975391
0.9548562603589725
0.9588066959959796
0.9627880707456691
0.966800739986306
0.9708450645395095
0.9749214107747946
0.979030150716542
0.9831716621534485
0.987346328750498
0.991554540163632
0.995796692157007
1.000073186723138
1.0043844322057531
1.0087308434256947
1.0131128418097455
1.0175308555225748
1.0219853196018365
1.026476676096561
1.0310053742088856
1.0355718704392332
1.040176628735049
1.0448201206431862
1.0495028254660395
1.0542252304215733
1.0589878308072944
1.0637911301683174
1.0686356404696866
1.0735218822729748
1.078450384917393
1.0834216867054658
1.088436335093476
1.0934948868867365
1.0985979084399087
1.1037459758625245
1.1089396752297611
1.114179602798788
1.119466365230705
1.1248005798183667
1.130182874720161
1.1356138892000434
1.1410942738739371
1.1466246909626874
1.1522058145518541
1.1578383308585254
1.1635229385052932
1.1692603488017803
1.175051286033789
1.1808964877604167
1.1867967051194115
1.1927527031409435
1.1987652610701367
1.2048351726986397
1.210963246705491
1.2171503070076404
1.2233971931204173
1.22970476052828
1.2360738810661323
1.242505443311756
1.2490003529894065
1.2555595333853253
1.2621839257753087
1.2688744898647477
1.2756322042418837
1.2824580668441707
1.289353095438858
1.2963183281177486
1.3033548238069583
1.3104636627920048
1.317645947258885
1.3249028018518185
1.3322353742478605
1.339644835749512
1.347132381895485
1.3546992330907237
1.3623466352560514
1.3700758604982997
1.3778882078017138
1.3857850037413595
1.393767603219373
1.40183739022489