4.572637679853884e-22
-1.1785470211705545e-18
-2.9946184842909476e-17
-2.0994599102939909e-16
-8.496790769051541e-16
-2.5306066210592427e-15
-6.19536892114448e-15
-1.3236088946592142e-14
-2.5582841114197278e-14
-4.5792519011574464e-14
-7.71374800905005e-14
-1.2369495175722e-13
-1.9043629375642216e-13
-2.833169549386405e-13
-4.0936648393073933e-13
-5.767789927758304e-13
-7.950042881763003e-13
-1.0748390882624735e-12
-1.428518913574774e-12
-1.869810566460061e-12
-2.414104736483035e-12
-3.0785101424625167e-12
-3.8819468066031144e-12
-4.8452417856047764e-12
-5.9912235974450245e-12
-7.344819429380735e-12
-8.933151501100373e-12
-1.0785634535657127e-11
-1.293407505874573e-11
-1.541277031570131e-11
-1.8258608651090386e-11
-2.151117082010475e-11
-2.521283216309571e-11
-2.940886591098686e-11
-3.414754751714238e-11
-3.9480259709092576e-11
-4.546159924862267e-11
-5.214948462157579e-11
-5.960526487541637e-11
-6.789382954062001e-11
-7.708372024979922e-11
-8.72472432097929e-11
-9.846058346044574e-11
-1.1080392091656956e-10
-1.2436154582934886e-10
-1.3922197922194967e-10
-1.554780910806051e-10
-1.7322722323896518e-10
-1.9257131210770597e-10
-2.1361701367154724e-10
-2.3647582981044094e-10
-2.612642375510349e-10
-2.8810381903083e-10
-3.171213924683351e-10
-3.4844914843041136e-10
-3.822247840472468e-10
-4.1859164212902653e-10
-4.5769885114521835e-10
-4.997014672267786e-10
-5.447606192851165e-10
-5.930436552390134e-10
-6.447242917500233e-10
-6.999827651847745e-10
-7.590059857259112e-10
-8.219876939752216e-10
-8.891286198972695e-10
-9.606366439764777e-10
-1.0367269625367263e-9
-1.1176222535102272e-9
-1.2035528471406597e-9
-1.294756898976895e-9
-1.3914805643609e-9
-1.4939781789220342e-9
-1.6025124385611106e-9
-1.7173545861968796e-9
-1.8387845989351474e-9
-1.967091379887178e-9
-2.102572953721692e-9
-2.245536664496636e-9
-2.396299377853813e-9
-2.555187688069553e-9
-2.7225381245650356e-9
-2.898697369315241e-9
-3.0840224703506058e-9
-3.2788810643681302e-9
-3.4836516039169365e-9
-3.6987235843049e-9
-3.9244977777980215e-9
-4.161386474348397e-9
-4.409813720756795e-9
-4.6702155720527566e-9
-4.943040338881484e-9
-5.22874884936962e-9
-5.527814707042237e-9
-5.840724560091261e-9
-6.167978372755224e-9
-6.510089701369337e-9
-6.867585979699263e-9
-7.241008805564173e-9
-7.630914233814379e-9
-8.037873079081032e-9
-8.462471218248193e-9
-8.905309904493485e-9
-9.367006084358273e-9
-9.848192721094745e-9
-1.0349519127369691e-8
-1.0871651300444804e-8
-1.1415272268859951e-8
-1.1981082441525631e-8
-1.2569799967312014e-8
-1.3182161098769414e-8
-1.3818920568084444e-8
-1.4480851964254146e-8
-1.5168748125279737e-8
-1.588342153084316e-8
-1.6625704708813364e-8
-1.7396450648883622e-8
-1.819653322190599e-8
-1.9026847612897175e-8
-1.9888310756365887e-8
-2.07818617893212e-8
-2.170846250475436e-8
-2.2669097821107483e-8
-2.3664776260531914e-8
-2.4696530432886096e-8
-2.57654175361462e-8
-2.6872519864218115e-8
-2.8018945321598836e-8
-2.9205827961102604e-8
-3.043432851792115e-8
-3.170563496533839e-8
-3.302096307967118e-8
-3.438155701585028e-8
-3.5788689898091584e-8
-3.7243664419410764e-8
-3.8747813459842296e-8
-4.0302500711767496e-8
-4.190912132388031e-8
-4.3569102554738167e-8
-4.528390444555893e-8
-4.70550205044586e-8
-4.888397840500955e-8
-5.0772340702618246e-8
-5.272170556670853e-8
-5.4733707525553174e-8
-5.681001823121401e-8
-5.895234724209384e-8
-6.116244281665312e-8
-6.344209273489343e-8
-6.579312512734394e-8
-6.821740933141968e-8
-7.071685676120322e-8
-7.329342180037293e-8
-7.594910271295985e-8
-7.868594257609487e-8
-8.150603023280799e-8
-8.44115012691987e-8
-8.740453900705157e-8
-9.048737552944484e-8
-9.366229271868178e-8
-9.693162332741231e-8
-1.0029775206814939e-7
-1.0376311672985789e-7
-1.0733020932252685e-7
-1.110015772443354e-7
-1.1477982447708555e-7
-1.1866761281273203e-7
-1.226676631018409e-7
-1.2678275653811134e-7
-1.310157359682697e-7
-1.353695072352889e-7
-1.3984704055131004e-7
-1.4445137190422024e-7
-1.4918560449664031e-7
-1.540529102179621e-7
-1.5905653115640396e-7
-1.6419978113875408e-7
-1.6948604731416325e-7
-1.7491879177197997e-7
-1.8050155319858958e-7
-1.862379485753013e-7
-1.9213167491730288e-7
-1.9818651105096184e-7
-2.0440631944180754e-7
-2.107950480550426e-7
-2.1735673227529295e-7
-2.240954968594026e-7
-2.310155579482551e-7
-2.3812122512146737e-7
-2.454169035033709e-7
-2.5290709592019034e-7
-2.605964051168169e-7
-2.684895360187478e-7
-2.7659129805490633e-7
-2.8490660754165936e-7
-2.9344049011810995e-7
-3.0219808324848127e-7
-3.1118463878735487e-7
-3.204055256043525e-7
-3.2986623227827353e-7
-3.3957236986399333e-7
-3.495296747157442e-7
-3.5974401139775175e-7
-3.702213756563774e-7
-3.809678974812269e-7
-3.919898442276038e-7
-4.032936238333837e-7
-4.148857881164268e-7
-4.267730361454203e-7
-4.3896221771522e-7
-4.514603369031304e-7
-4.6427455570823635e-7
-4.774121978117649e-7
-4.908807524038065e-7
-5.046878781405299e-7
-5.188414071800258e-7
-5.333493493409143e-7
-5.482198963655865e-7
-5.634614262973198e-7
-5.790825079712868e-7
-5.950919056277237e-7
-6.114985836497209e-7
-6.283117114240874e-7
-6.455406683393462e-7
-6.631950489094745e-7
-6.812846680468381e-7
-6.99819566465112e-7
-7.188100162490135e-7
-7.382665265509173e-7
-7.581998494687e-7
-7.786209860645255e-7
-7.995411925646781e-7
-8.209719867178214e-7
-8.429251543397288e-7
-8.654127560393065e-7
-8.884471341188597e-7
-9.120409196919462e-7
-9.362070399755996e-7
-9.609587258011357e-7
-9.863095193403246e-7
-1.0122732820400705e-6
-1.0388642027910505e-6
-1.066096806320973e-6
-1.0939859618407594e-6
-1.1225468919244602e-6
-1.1517951816572755e-6
-1.181746788035227e-6
-1.2124180496516783e-6
-1.2438256966503541e-6
-1.2759868609845902e-6
-1.3089190869639358e-6
-1.342640342114182e-6
-1.3771690283608689e-6
-1.4125239935424555e-6
-1.4487245432575734e-6
-1.4857904530848676e-6
-1.523741981131227e-6
-1.5625998810064425e-6
-1.6023854151372204e-6
-1.6431203685184386e-6
-1.684827062871808e-6
-1.7275283712177096e-6
-1.7712477329275204e-6
-1.8160091691932446e-6
-1.8618372990062312e-6
-1.9087573556190615e-6
-1.9567952035023855e-6
-2.005977355856296e-6
-2.0563309926338893e-6
-2.1078839791594554e-6
-2.1606648853131886e-6
-2.2147030053251797e-6
-2.270028378195906e-6
-2.32667180876299e-6
-2.3846648894456213e-6
-2.444040022675448e-6
-2.504830444049883e-6
-2.5670702462464415e-6
-2.630794403678638e-6
-2.696038797993059e-6
-2.762840244362732e-6
-2.8312365186598207e-6
-2.901266385521184e-6
-2.972969627330598e-6
-3.046387074169449e-6
-3.1215606347581292e-6
-3.1985333284267853e-6
-3.2773493181853494e-6
-3.358053944851455e-6
-3.4406937623951167e-6
-3.525316574434141e-6
-3.6119714720013618e-6
-3.7007088725878442e-6
-3.7915805605365713e-6
-3.884639728825893e-6
-3.979941022307231e-6
-4.077540582425836e-6
-4.1774960935425936e-6
-4.279866830833994e-6
-4.3847137099271125e-6
-4.4920993382395855e-6
-4.602088068206597e-6
-4.714746052349027e-6
-4.830141300352513e-6
-4.948343738182765e-6
-5.069425269361237e-6
-5.1934598384512624e-6
-5.320523496843278e-6
-5.450694471000094e-6
-5.584053233177386e-6
-5.720682574775076e-6
-5.860667682399424e-6
-6.004096216794324e-6
-6.151058394710987e-6
-6.301647073868915e-6
-6.4559578411408315e-6
-6.614089104075878e-6
-6.776142185941348e-6
-6.94222142440183e-6
-7.112434274024745e-6
-7.286891412741466e-6
-7.465706852448015e-6
-7.648998053967182e-6
-7.836886046546101e-6
-8.02949555200432e-6
-8.226955113918218e-6
-8.42939723189925e-6
-8.636958501257092e-6
-8.849779758350285e-6
-9.068006231811786e-6
-9.291787699901165e-6
-9.521278654389215e-6
-9.756638471076579e-6
-9.998031587484716e-6
-0.000010245627687896086
-0.000010499601896130981
-0.000010760134976462421
-0.000011027413542965747
-0.000011301630277896322
-0.00001158298415927975
-0.00001187168069832756
-0.000012167932187176284
-0.000012471957957292438
-0.000012783984649284169
-0.000013104246494464026
-0.000013432985608951317
-0.000013770452300844515
-0.000014116905391020992
-0.000014472612548509082
-0.000014837850640976906
-0.000015212906101126457
-0.000015598075309931047
-0.000015993664997441645
-0.000016399992662248217
-0.000016817387010435555
-0.000017246188415077466
-0.00001768674939750906
-0.000018139435131380404
-0.000018604623970683302
-0.000019082708003442984
-0.00001957409363173453
-0.000020079202180399367
-0.000020598470535260696
-0.000021132351812810062
-0.000021681316063272405
-0.000022245851008626186
-0.000022826462817762133
-0.000023423676920889767
-0.00002403803886526009
-0.00002467011521505133
-0.00002532049449730896
-0.000025989788197410603
-0.000026678631806313462
-0.000027387685923163416
-0.0000281176374163421
-0.000028869200646423495
-0.000029643118755181176
-0.000030440165024082632
-0.00003126114430724602
-0.00003210689454299856
-0.00003297828834907917
-0.00003387623470701525
-0.000034801680740864484
-0.00003575561359696895
-0.00003673906243065866
-0.00003775310050732919
-0.00003879884742514867
-0.00003987747146722406
-0.0000409901920928316
-0.00004213828257544719
-0.00004332307279917797
-0.00004454595222303568
-0.00004580837302561975
-0.0000471118534422261
-0.00004845798130780199
-0.00004984841782045185
-0.00005128490154116244
-0.000052769252646739205
-0.00005430337745393611
-0.000055889273235297696
-0.0000575290333471753
-0.0000592248526942253
-0.00006097903355454115
-0.0000627939917937946
-0.00006467226349674983
-0.00006661651205000323
-0.00006862953570933964
-0.00007071427569040253
-0.00007287382482497913
-0.0000751114368267053
-0.0000774305362162797
-0.00007983472895945162
-0.00008232781387755563
-0.00008491379489315929
-0.0000875968941822038
-0.00009038156630971126
-0.00009327251343268044
-0.00009627470166180755
-0.00009939337868669157
-0.00010263409277200402
-0.00010600271325100671
-0.00010950545264919334
-0.00011314889058869445
-0.00011693999963644357
-0.0001208861732794237
-0.00012499525622774706
-0.00012927557726617636
-0.00013373598490323656
-0.00013838588609068668
-0.00014323528831648168
-0.0001482948454110986
-0.00015357590744374559
-0.00015909057512515821
-0.00016485175919349373
-0.00017087324529946183
-0.00017716976498327356
-0.00018375707340122729
-0.0001906520345389062
-0.00019787271474470088
-0.00020543848551964923
-0.00021337013661809054
-0.0002216900006537846
-0.0002304220905604972
-0.0002395922514409246
-0.00024922832853243904
-0.00025936035328021973
-0.00027002074975451324
-0.00028124456399847026
-0.0002930697192363354
-0.0003055373003202856
-0.0003186918712900519
-0.00033258183049866884
-0.00034725980844993915
-0.00036278311428960874
-0.0003792142378532969
-0.0003966214152515587
-0.00041507926734088104
-0.0004346695219453932
-0.000455481832566164
-0.0004776147085704007
-0.0005011765744130029
-0.0005262869787298936
-0.0005530779779130545
-0.0005816957234057642
-0.0006123022876493053
-0.0006450777703321286
-0.0006802227351134228
-0.0007179610371516534
-0.0007585431144142808
-0.0008022498315481489
-0.0008493969844273065
-0.0009003405979389813
-0.0009554831801503541
-0.0010152811346002678
-0.0010802535815473923
-0.0011509929015544214
-0.0012281773953329482
-0.0013125865576902366
-0.0014051195989224917
-0.0015068180242175525
-0.0016188933163500338
-0.0017427610782723459
-0.0018800834116206604
-0.002032821873006705
-0.0022033041254568273
-0.0023943084713329535
-0.0026091719450007864
-0.0028519297493084543
-0.0031274968270220563
-0.0034419067099785575
-0.0038026291761499727
-0.004218997759553815
-0.004702792571671249
-0.005269046110847487
-0.00593717466217236
-0.006732593966769581
-0.007689069976263435
-0.008852210858719126
-0.010284775858765416
-0.012074958958086813
-0.01434969989926223
-0.017296801908842745
-0.021203122730302282
-0.026523521190755777
-0.03401197270384365
-0.04498667919617354
-0.061906544978396566
-0.08973723081038135
-0.13952143250518273
-0.23860965806886433
-0.4589577454367214
-0.9144421275740566
-1.1096980354812231
-0.6202353278700962
-0.27814567993950584
-0.09489282733794735
-0.036277207890117666
-0.039045757400981304
-0.03665345339141296
-0.03151234003908932
-0.02653108247944523
-0.02235559572889722
-0.018984871009116645
-0.01628032042419616
-0.014099487159608924
-0.012325183593597026
-0.010866940232956103
-0.009656211830724373
-0.008641162018997882
-0.007782383560096108
-0.00704966685403084
-0.0064196302543622985
-0.005873996743991721
-0.005398339261594178
-0.0049811620423185895
-0.004613222665653468
-0.004287027279015164
-0.003996451272460473
-0.003736451582330928
-0.0035028465106619485
-0.0032921457394547177
-0.003101417995050836
-0.0029281871979591687
-0.002770350347181393
-0.002626112119243643
-0.0024939324236431678
-0.0023724840733672387
-0.002260618409089002
-0.0021573372188812222
-0.0020617696727885894
-0.00197315327667097
-0.0018908180657430944
-0.001814173423994729
-0.001742697043246131
-0.0016759256342879383
-0.0016134470795732857
-0.0015548937776588407
-0.001499936976945206
-0.0014482819341869123
-0.0013996637634624254
-0.001353843865209996
-0.0013106068445910037
-0.0012697578438961594
-0.001231120226706201
-0.00119453356158238
-0.0011598518619870823
-0.0011269420456832626
-0.0010956825829239784
-0.0010659623074576181
-0.001037679368215825
-0.0010107403030023088
-0.00098505921819316
-0.0009605570607790957
-0.0009371609710536472
-0.0009148037058589637
-0.0008934231237351355
-0.0008729617245001915
-0.0008533662367143782
-0.0008345872474825176
-0.0008165788696276084
-0.0007992984420230391
-0.0007827062593167163
-0.0007667653278262766
-0.0007514411447138717
-0.0007367014979436458
-0.0007225162848155013
-0.0007088573471144431
-0.0006956983211650093
-0.0006830145012574059
-0.0006707827151055901
-0.0006589812101262696
-0.0006475895494899071
-0.000636588516977816
-0.0006259600298108023
-0.000615687058686448
-0.0006057535543603198
-0.0005961443801484293
-0.0005868452498210393
-0.0005778426704000273
-0.0005691238894163427
-0.0005606768462333457
-0.0005524901270825703
-0.000544552923494231
-0.0005368549938225994
-0.0005293866276137462
-0.0005221386125700716
-0.000515102203907428
-0.0005082690958926522
-0.000501631395400536
-0.0004951815973182484
-0.0004889125616531102
-0.00048281749221246135
-0.0004768899167265686
-0.0004711236683121212
-0.00046551286816560235
-0.000460051909398176
-0.000454735441927931
-0.0004495583583437008
-0.00044451578067932824
-0.00043960304802390934
-0.00043481570491052434
-0.0004301494904293572
-0.0004256003280117868
-0.00042116431583829597
-0.00041683771782885054
-0.00041261695517361634
-0.00040849859836734637
-0.00040447935971502975
-0.0004005560862748241
-0.00039672575321015425
-0.0003929854575246486
-0.00038933241215359786
-0.000385763940390553
-0.00038227747062444717
-0.00037887053137119196
-0.0003755407465783033
-0.00037228583118591635
-0.00036910358693028716
-0.0003659918983707461
-0.00036294872913088694
-0.000359972118337804
-0.00035706017724908057
-0.0003542110860546894
-0.00035142309084529284
-0.00034869450073615494
-0.00034602368513688504
-0.00034340907116036843
-0.00034084914116093955
-0.00033834243039513755
-0.0003358875247993379
-0.0003334830588748946
-0.00033112771367753554
-0.00032882021490343707
-0.000326559331067778
-0.00032434387176936855
-0.00032217268603865375
-0.00032004466076219524
-0.0003179587191814203
-0.0003159138194608986
-0.0003139089533224449
-0.0003119431447419486
-0.0003100154487050207
-0.0003081249500192674
-0.00030627076217945657
-0.0003044520262831077
-0.00030266790999475333
-0.00030091760655481396
-0.0002992003338322345
-0.00029751533341826515
-0.000295861869759007
-0.0002942392293254656
-0.0002926467198184591
-0.00029108366940750526
-0.00028954942600157104
-0.0002880433565501351
-0.0002865648463735417
-0.0002851132985205378
-0.00028368813315284637
-0.000282288786953671
-0.00028091471256148416
-0.00027956537802541876
-0.00027824026628320276
-0.000276938874659434
-0.0002756607143843485
-0.00027440531013012
-0.0002731721995669081
-0.00027196093293503225
-0.0002707710726340735
-0.00026960219282765524
-0.0002684538790633492
-0.00026732572790691156
-0.00026621734659071307
-0.00026512835267460973
-0.0002640583737200495
-0.0002630070469762846
-0.0002619740190779327
-0.0002609589457533657
-0.0002599614915444934
-0.00025898132953608855
-0.00025801814109521553
-0.0002570716156195504
-0.0002561414502955547
-0.00025522734986407246
-0.0002543290263954819
-0.000253446199071513
-0.000252578593975719
-0.000251725943890559
-0.00025088798810187955
-0.0002500644722098445
-0.0002492551479465959
-0.00024845977299998816
-0.00024767811084317495
-0.00024690993057033023
-0.00024615500673746206
-0.0002454131192088269
-0.00024468405300809423
-0.0002439675981749085
-0.00024326354962590544
-0.0002425717070202053
-0.0002418918746293137
-0.00024122386121154025
-0.00024056747989001067
-0.0002399225480350021
-0.000239288887149513
-0.00023866632275930098
-0.0002380546843054698
-0.0002374538050411246
-0.0002368635219309076
-0.00023628367555380406
-0.00023571411000893253
-0.00023515467282436052
-0.00023460521486842024
-0.0002340655902640535
-0.00023353565630572753
-0.0002330152733786805
-0.00023250430488075914
-0.0002320026171465598
-0.0002315100793739583
-0.00023102656355259254
-0.000230551944394699
-0.00023008609926782818
-0.00022962890812975722
-0.00022918025346492667
-0.0002287400202230932
-0.00022830809575976214
-0.00022788436977797728
-0.00022746873427224835
-0.00022706108347373587
-0.00022666131379711632
-0.0002262693237891321
-0.00022588501407824494
-0.0002255082873260755
-0.000225139048179898
-0.00022477720322672227
-0.0002244226609484567
-0.00022407533167847598
-0.00022373512755918595
-0.0002234019625010205
-0.00022307575214232985
-0.00022275641381047916
-0.0002224438664839831
-0.00022213803075571078
-0.00022183882879697563
-0.00022154618432266814
-0.00022126002255735416
-0.00022098027020219955
-0.00022070685540278125
-0.00022043970771790978
-0.00022017875808892293
-0.00021992393881021158
-0.0002196751835001893
-0.0002194324270732565
-0.00021919560571221242
-0.00021896465684177402
-0.0002187395191022974
-0.00021852013232469538
-0.00021830643750552644
-0.00021809837678306253
-0.0002178958934137647
-0.0002176989317494661
-0.00021750743721507865
-0.00021732135628683475
-0.00021714063647118852
-0.00021696522628408864
-0.00021679507523094966
-0.0002166301337869277
-0.00021647035337789392
-0.00021631568636159196
-0.00021616608600963562
-0.0002160215064895994
-0.0002158819028477491
-0.00021574723099215598
-0.0002156174476761548
-0.0002154925104823483
-0.000215372377806782
-0.00021525700884367607
-0.00021514636357055709
-0.00021504040273350898
-0.00021493908783304838
-0.00021484238111013686
-0.00021475024553271893
-0.000214662644782272
-0.0002145795432411062
-0.00021450090597954885
-0.00021442669874367868
-0.00021435688794333121
-0.00021429144064016048
-0.00021423032453638864
-0.0002141735079633907
-0.00021412095987078904
-0.00021407264981580562
-0.00021402854795273782
-0.00021398862502275247
-0.00021395285234393702
-0.0002139212018014868
-0.00021389364583823477
-0.0002138701574453459
-0.0002138507101531428
-0.00021383527802227597
-0.00021382383563505876
-0.0002138163580869567
-0.0002138128209782213
-0.00021381320040585942
-0.00021381747295570668
-0.00021382561569468613
-0.0002138376061631324
-0.00021385342236760643
-0.00021387304277332249
-0.00021389644629753795
-0.00021392361230213923
-0.0002139545205872891
-0.00021398915138457554
-0.00021402748535068194
-0.00021406950356097273
-0.00021411518750341331
-0.00021416451907248685
-0.00021421748056329925
-0.00021427405466575362
-0.00021433422445905974
-0.00021439797340606264
-0.00021446528534789592
-0.00021453614449878564
-0.00021461053544076842
-0.00021468844311877736
-0.00021476985283561521
-0.00021485475024717355
-0.00021494312135772359
-0.0002150349525153489
-0.00021513023040733363
-0.00021522894205591844
-0.00021533107481381758
-0.00021543661636016224
-0.00021554555469633513
-0.0002156578781418703
-0.00021577357533068202
-0.00021589263520706826
-0.00021601504702205531
-0.00021614080032967504
-0.00021626988498340952
-0.00021640229113267952
-0.00021653800921937207
-0.0002166770299745429
-0.00021681934441517383
-0.0002169649438408486
-0.00021711381983078012
-0.00021726596424064017
-0.00021742136919971236
-0.00021758002710779633
-0.0002177419306325324
-0.00021790707270651283
-0.00021807544652464858
-0.0002182470455414747
-0.00021842186346860638
-0.00021859989427212013
-0.00021878113217022418
-0.00021896557163075453
-0.00021915320736888623
-0.00021934403434482018
-0.0002195380477615322
-0.00021973524306266744
-0.0002199356159303352
-0.0002201391622831179
-0.00022034587827395854
-0.0002205557602882939
-0.00022076880494211628
-0.00022098500908005554
-0.00022120436977358124
-0.00022142688431935157
-0.000221652550237297
-0.00022188136526907887
-0.00022211332737645152
-0.0002223484347396281
-0.00022258668575580808
-0.00022282807903756366
-0.00022307261341158823
-0.00022332028791706893
-0.00022357110180446497
-0.0002238250545341157
-0.00022408214577495847
-0.00022434237540333522
-0.00022460574350168032
-0.00022487225035749142
-0.00022514189646202274
-0.00022541468250938295
-0.00022569060939531016
-0.00022596967821626135
-0.00022625189026839984
-0.00022653724704660918
-0.00022682575024360747
-0.0002271174017491203
-0.0002274122036489101
-0.00022771015822409103
-0.00022801126795029595
-0.0002283155354969041
-0.00022862296372640057
-0.00022893355569363026
-0.00022924731464517845
-0.0002295642440187468
-0.0002298843474426053
-0.00023020762873496834
-0.00023053409190351408
-0.000230863741144889
-0.00023119658084423003
-0.00023153261557476096
-0.00023187185009732923
-0.00023221428936008609
-0.00023255993849811217
-0.00023290880283307643
-0.0002332608878730033
-0.0002336161993120144
-0.00023397474302996318
-0.00023433652509238635
-0.00023470155175025408
-0.0002350698294397916
-0.0002354413647824095
-0.00023581616458458703
-0.00023619423583775366
-0.00023657558571831076
-0.00023696022158753517
-0.0002373481509917346
-0.00023773938166206227
-0.00023813392151473528
-0.00023853177865106374
-0.00023893296135760756
-0.0002393374781061873
-0.00023974533755419348
-0.00024015654854470697
-0.00024057112010667664
-0.00024098906145517742
-0.00024141038199174055
-0.0002418350913045119
-0.00024226319916866251
-0.0002426947155466836
-0.00024312965058873067
-0.0002435680146330451
-0.0002440098182063713
-0.00024445507202431054
-0.000244903786991875
-0.00024535597420388493
-0.0002458116449455653
-0.0002462708106930045
-0.000246733483113727
-0.0002471996740672896
-0.00024766939560588063
-0.0002481426599749401
-0.00024861947961380673
-0.00024909986715643365
-0.0002495838354320348
-0.0002500713974658743
-0.00025056256647996923
-0.0002510573558938522
-0.0002515557793254496
-0.0002520578505918247
-0.00025256358371009586
-0.00025307299289824026
-0.0002535860925760429
-0.00025410289736603887
-0.00025462342209441665
-0.0002551476817920076
-0.00025567569169526153
-0.00025620746724738536
-0.0002567430240992687
-0.0002572823781105828
-0.000257825545350921
-0.0002583725421009386
-0.00025892338485348696
-0.0002594780903147304
-0.0002600366754054791
-0.0002605991572623036
-0.0002611655532389133
-0.0002617358809073293
-0.00026231015805926145
-0.000262888402707455
-0.00026347063308698195
-0.00026405686765680413
-0.0002646471251009758
-0.00026524142433025327
-0.00026583978448358543
-0.0002664422249294483
-0.00026704876526761315
-0.0002676594253304969
-0.00026827422518493384
-0.0002688931851336753
-0.00026951632571708983
-0.00027014366771486054
-0.00027077523214764394
-0.0002714110402788795
-0.00027205111361649576
-0.0002726954739147767
-0.00027334414317614056
-0.000273997143653032
-0.0002746544978497994
-0.00027531622852467304
-0.0002759823586916558
-0.0002766529116225687
-0.0002773279108490593
-0.0002780073801646594
-0.0002786913436268693
-0.00027937982555929097
-0.0002800728505537902
-0.00028077044347271613
-0.00028147262945104533
-0.0002821794338987859
-0.0002828908825031541
-0.0002836070012309212
-0.0002843278163309041
-0.00028505335433621397
-0.00028578364206681265
-0.0002865187066319577
-0.00028725857543274977
-0.000288003276164659
-0.0002887528368201193
-0.00028950728569125493
-0.0002902666513724087
-0.000291030962763002
-0.0002918002490702651
-0.00029257453981192225
-0.00029335386481922724
-0.00029413825423968724
-0.0002949277385401082
-0.00029572234850944304
-0.00029652211526195056
-0.00029732707024012113
-0.0002981372452179216
-0.0002989526723037982
-0.00029977338394399143
-0.0003005994129257296
-0.00030143079238050273
-0.0003022675557874695
-0.0003031097369768119
-0.00030395737013311404
-0.0003048104897989446
-0.0003056691308783654
-0.0003065333286405099
-0.00030740311872318936
-0.0003082785371367012
-0.0003091596202674199
-0.0003100464048817652
-0.0003109389281299343
-0.00031183722754989486
-0.0003127413410712773
-0.00031365130701950305
-0.0003145671641197743
-0.000315488951501298
-0.0003164167087014211
-0.0003173504756699724
-0.00031829029277351256
-0.0003192362007997602
-0.00032018824096203397
-0.00032114645490381814
-0.0003221108847032676
-0.00032308157287790936
-0.0003240585623893331
-0.00032504189664796826
-0.0003260316195179776
-0.00032702777532212077
-0.0003280304088468423
-0.00032903956534716117
-0.00033005529055202493
-0.00033107763066934903
-0.0003321066323914377
-0.00033314234290025905
-0.0003341848098728724
-0.000335234081487049
-0.00033629020642680083
-0.0003373532338880634
-0.0003384232135845067
-0.0003395001957533084
-0.0003405842311611901
-0.0003416753711103517
-0.00034277366744462327
-0.00034387917255562843
-0.0003449919393891429
-0.0003461120214514014
-0.00034723947281558784
-0.0003483743481284372
-0.000349516702616844
-0.00035066659209471535
-0.0003518240729697548
-0.0003529892022504297
-0.0003541620375530772
-0.0003553426371090573
-0.00035653105977204386
-0.0003577273650253599
-0.00035893161298952724
-0.00036014386442982123
-0.0003613641807640958
-0.0003625926240704428
-0.0003638292570953109
-0.00036507414326145224
-0.0003663273466762205
-0.0003675889321397665
-0.0003688589651535546
-0.00037013751192890246
-0.00037142463939570606
-0.0003727204152111502
-0.00037402490776885063
-0.00037533818620778407
-0.00037666032042155644
-0.00037799138106783505
-0.00037933143957779084
-0.000380680568165787
-0.0003820388398391832
-0.00038340632840826226
-0.0003847831084963835
-0.0003861692555501679
-0.0003875648458500064
-0.00038896995652058726
-0.00039038466554163794
-0.00039180905175882765
-0.0003932431948948463
-0.00039468717556072753
-0.00039614107526708453
-0.0003976049764359066
-0.00039907896241225295
-0.00040056311747623663
-0.00040205752685508787
-0.0004035622767356108
-0.00040507745427673813
-0.0004066031476220973
-0.00040813944591308414
-0.00040968643930201244
-0.00041124421896537953
-0.000412812877117386
-0.0004143925070238826
-0.0004159832030161882
-0.00041758506050535777
-0.0004191981759967202
-0.0004208226471043812
-0.00042245857256627224
-0.00042410605225921084
-0.0004257651872143154
-0.000427436079632729
-0.0004291188329013914
-0.00043081355160919744
-0.0004325203415635905
-0.0004342393098070232
-0.00043597056463396083
-0.000437714215608244
-0.0004394703735805237
-0.0004412391507059884
-0.0004430206604625451
-0.0004448150176692315
-0.00044662233850482804
-0.0004484427405270184
-0.00045027634269148266
-0.00045212326537181336
-0.0004539836303792517
-0.0004558575609831731
-0.00045774518193161335
-0.0004596466194723981
-0.00046156200137437804
-0.00046349145694911213
-0.0004654351170731486
-0.00046739311421030633
-0.00046936558243445707
-0.00047135265745295956
-0.0004733544766300827
-0.0004753711790112442
-0.00047740290534721244
-0.00047944979811909264
-0.00048151200156366426
-0.0004835896616990343
-0.00048568292635075097
-0.0004877919451786081
-0.000489916869703593
-0.0004920578533354707
-0.0004942150514008597
-0.0004963886211717842
-0.0004985787218947205
-0.0005007855148200406
-0.0005030091632322929
-0.0005052498324805498
-0.0005075076900098638
-0.0005097829053927102
-0.0005120756503614175
-0.0005143860988409166
-0.0005167144269822881
-0.0005190608131967801
-0.0005214254381903549
-0.0005238084849991245
-0.0005262101390251734
-0.0005286305880732364
-0.0005310700223877797
-0.000533528634691137
-0.0005360066202219572
-0.0005385041767745713
-0.0005410215047391479
-0.00054355880714231
-0.0005461162896888569
-0.0005486941608039978
-0.0005512926316764444
-0.00055391191630234
-0.0005565522315300553
-0.0005592137971056161
-0.0005618968357193182
-0.0005646015730528936
-0.0005673282378277188
-0.0005700770618540672
-0.0005728482800809566
-0.0005756421306472925
-0.0005784588549337825
-0.0005812986976159883
-0.0005841619067182181
-0.0005870487336686208
-0.0005899594333552541
-0.0005928942641832977
-0.0005958534881333597
-0.0005988373708208742
-0.0006018461815567017
-0.000604880193408919
-0.0006079396832658456
-0.0006110249319002274
-0.0006141362240348314
-0.000617273848409143
-0.0006204380978475502
-0.0006236292693289117
-0.0006268476640573326
-0.0006300935875346139
-0.0006333673496337389
-0.0006366692646744997
-0.0006399996514999194
-0.0006433588335548392
-0.0006467471389656904
-0.0006501649006221505
-0.0006536124562601803
-0.0006570901485473055
-0.0006605983251688164
-0.0006641373389167462
-0.0006677075477797708
-0.0006713093150356316
-0.000674943009345126
-0.0006786090048482501
-0.0006823076812620913
-0.0006860394239812883
-0.0006898046241800151
-0.0006936036789164671
-0.0006974369912396204
-0.0007013049702978866
-0.000705208031450683
-0.0007091465963816741
-0.0007131210932150864
-0.0007171319566341737
-0.0007211796280022717
-0.0007252645554866605
-0.000729387194184915
-0.0007335480062540679
-0.0007377474610427553
-0.0007419860352259496
-0.0007462642129430521
-0.000750582485938652
-0.0007549413537066525
-0.0007593413236376212
-0.0007637829111691808
-0.0007682666399400894
-0.0007727930419474339
-0.0007773626577077006
-0.0007819760364213261
-0.0007866337361408665
-0.0007913363239433359
-0.0007960843761058749
-0.0008008784782863025
-0.0008057192257069343
-0.0008106072233433443
-0.0008155430861168828
-0.0008205274390923687
-0.0008255609176794608
-0.0008306441678397712
-0.0008357778462980628
-0.0008409626207586437
-0.0008461991701270471
-0.0008514881847366326
-0.0008568303665809663
-0.0008622264295513539
-0.0008676770996803105
-0.0008731831153906425
-0.0008787452277511579
-0.0008843642007373792
-0.0008900408114999727
-0.0008957758506384405
-0.0009015701224825643
-0.0009074244453801437
-0.0009133396519917174
-0.0009193165895930344
-0.0009253561203848465
-0.0009314591218099374
-0.0009376264868790241
-0.0009438591245039261
-0.0009501579598393554
-0.0009565239346337542
-0.0009629580075885573
-0.0009694611547265759
-0.0009760343697701101
-0.0009826786645285844
-0.0009893950692959285
-0.0009961846332585595
-0.0010030484249137512
-0.001009987532499047
-0.0010170030644322333
-0.0010240961497640958
-0.0010312679386415172
-0.001038519602784255
-0.0010458523359732775
-0.0010532673545526354
-0.0010607658979446505
-0.0010683492291787568
-0.0010760186354346068
-0.0010837754285999924
-0.0010916209458439348
-0.0010995565502047878
-0.0011075836311955109
-0.0011157036054240648
-0.0011239179172325908
-0.0011322280393527495
-0.0011406354735801966
-0.001149141751467416
-0.0011577484350363055
-0.0011664571175103002
-0.0011752694240675064
-0.0011841870126151348
-0.0011932115745859405
-0.0012023448357571858
-0.0012115885570936516
-0.0012209445356139675
-0.0012304146052832417
-0.001240000637930582
-0.0012497045441937581
-0.0012595282744916616
-0.0012694738200251362
-0.0012795432138074975
-0.0012897385317254947
-0.0013000618936321025
-0.0013105154644718852
-0.00132110145543979
-0.001331822125175851
-0.001342679780995018
-0.0013536767801552217
-0.0013648155311638307
-0.0013760984951244049
-0.001387528187124744
-0.0013991071776682032
-0.001410838094149624
-0.0014227236223770833
-0.0014347665081414903
-0.0014469695588363166
-0.0014593356451274842
-0.0014718677026775945
-0.0014845687339247516
-0.001497441809918515
-0.0015104900722150943
-0.0015237167348345622
-0.001537125086280914
-0.001550718491629141
-0.001564500394680461
-0.001578474320188916
-0.0015926438761616807
-0.0016070127562370147
-0.00162158474214043
-0.0016363637062252409
-0.001651353614098004
-0.001666558527333354
-0.001681982606282922
-0.0016976301129783726
-0.0017135054141376785
-0.0017296129842730389
-0.0017459574089087656
-0.0017625433879113412
-0.0017793757389371002
-0.0017964594010023583
-0.0018137994381788132
-0.0018314010434240067
-0.0018492695425467202
-0.0018674103983181047
-0.001885829214730171
-0.0019045317414113365
-0.001923523878203104
-0.0019428116799065818
-0.001962401361204386
-0.001982299301766453
-0.0020025120515477553