1.6897128029542338e-19
-1.852943529309981e-18
-3.074873172868009e-18
0.0008296765223202633
0.00019644742782238376
0.0004089165843886786
0.00004291430240098371
-0.00012574224328667559
-0.00041729782576865594
-0.00002413899901109115
-0.0000671346423495381
0.0001024687390731928
-0.001438966513144494
0.0007230886455032097
0.00019527703386544218
-0.0005957733641338271
-0.0004782818016255862
-0.00001529665875041921
-0.0008044737938465309
-0.0007049840824968366
0.00016070987620276132
0.0008510997110828333
0.0008239536440692068
0.0008478640793556139
0.001247193689387081
-0.00003116003355897205
-0.0013651810008864342
-0.0011953137820548893
-0.0014656251745342875
-0.0019838870242873106
0.00007328557887197351
0.0021666440911411703
0.0016033221142674598
0.002208416633753376
0.0028057128189114262
-0.00014106213199483646
-0.003256611591338217
-0.0025070812375449203
-0.003037994978188202
-0.004198413454325966
0.00018621744889726858
0.004843876372995703
0.0035998859392638188
0.004941803329653765
0.006451489705025334
-0.0006498394418732701
-0.007372431793114956
-0.005543457611648372
-0.00843547237172986
-0.009614957387094041
0.0011461998174875723
0.011267718486553994
0.008390160150748852
0.012776563415420638
0.01573322336244309
-0.002012218732776266
-0.018449652311634073
-0.012078514345428825
-0.02524620990762069
-0.026146640850544314
0.0032269410878419495
0.03156375410112315
0.02292576550947667
0.043509111743279615
0.058739482244640186
-0.010051722101582295
-0.06510665554201175
-0.031920508865221534
-0.29904312364289826
-0.10706405714614252
0.011398228185526854
0.0867004767117573
0.12806182987743533
0.17956568540659462
0.14411932850587414
-0.043325334841345126
-0.7636181570265178
-0.7848196320415658
-2.6482610722133306
-2.6863360046160847
0.19793575470016855
1.3134430799184564
1.713565600074985
0.2972123618777143
0.37083227131428403
-0.048520017165511325
-0.24783958147678067
-0.1085509647664652
-0.1180351568149544
-0.10255591783040498
0.006564652768809211
0.09275329399436834
0.06792739321546709
0.04477587738894841
0.059890879010979434
-0.0001942320880461805
-0.052884713944531
-0.039742722343939926
-0.02759319497868946
-0.03993962622498329
-0.004767898530285768
0.035207715132177804
0.03488130301453316
0.015363764735525205
0.033636970145171814
0.007613578905422918
-0.02728029992539099
-0.03245126939689896
-0.010022291964525705
-0.030881245348812265
-0.011583597889606815
0.023830712502845065
0.03493114427885695
0.004875299258565831
0.03324932884900262
0.015176269321970467
-0.02265948764047346
-0.04057525856563578
-0.001966888264184972
-0.03765081675013323
-0.022738547675439348
0.025919354242111087
0.05018441138801802
-0.003928517758704732
0.05244398079972381
0.03004920755399515
-0.028340603230317153
-0.07037875486396887
0.006914601613858196
-0.07083531203219161
-0.059654797354078436
0.05121286619754763
0.09426584957179465
-0.07542795062074217
0.18825659497952324
0.06048425111925174
-0.03247948276639757
-0.086938802752299
-0.13369123989148415
-0.13594037001106074
-0.08468299191518136
0.09300694737532972
0.5748229686257952
-0.061457494788604426
0.8441610851711898
5.898837944451988
-11.195442739200388
-5.7717359495705285
0.587963166600353
-3.059454376929852
-2.7665397236031137
1.3123974586470397
1.1611313591193713
-0.08911569451686281
0.4113619963896964
0.18663068496401047
-0.13887993562213866
-0.3092530817765045
0.006269465702125952
-0.13120071362781213
-0.07613878374405049
0.07109990164149368
0.1332683303106023
0.0021444126316361766
0.07614118480219113
0.038163459583125225
-0.04583335461154031
-0.07820644790949167
-0.010483304476434141
-0.055391464449261296
-0.02305126369484052
0.037726744775975055
0.061211320869505
0.013323909919592836
0.051738126635871476
0.018349254006121613
-0.04216385556624834
-0.050435678204265845
-0.027164041351816836
-0.05803975093994745
-0.014035202866511066
0.04518037739382477
0.06515478344811416
0.029295631614381774
0.08300313542284919
0.022367992243373904
-0.07784422663187446
-0.055611585840827475
-0.29630809721236245
-0.11860744460736453
-0.012199688015812954
0.044824974833537964
0.07414463665068238
0.09230046436844892
0.07784127190340369
0.015189189255758934
-0.1713878419861255
-0.7829447285515784
-0.1220406208937901
-0.7411760759481991
-1.1203334865052736
2.836247996542649
1.2071016583051053
18.228715585263426
10.093254275831368
7.572599744234948
-10.5567578231065
-1.7786555865874623
-1.874843752317666
-1.088488050199329
-0.11833992102727192
0.4956079479658316
0.6114996004220464
0.13417844164501366
0.2786868010439663
0.0544059718642856
-0.19563983634463783
-0.15662374374887245
-0.06907905789068527
-0.11937031076772672
-0.02269996963143274
0.08271756829376119
0.09393727287100609
0.02920128240474356
0.06493706920743934
0.015120394781859892
-0.049516233982214115
-0.05165994105861583
-0.017786982757605676
-0.040474364052650876
-0.010067599816377983
0.028967386199041104
0.034464359611627644
0.010040597787668772
0.025980922336548005
0.007550245918590409
-0.018818183876249672
-0.022249943706590898
-0.005991436273616549
-0.017059888442587417
-0.0050320718724253715
0.011523790936848027
0.013860385144150089
0.004130355177267353
0.010211932552648477
0.0029237052573025594
-0.005840173072962808
-0.006241333628154647
-0.008343619263780905
-0.02046345611900507
-0.025659265904146925
-0.0238841803358861
-0.012104019436549374
0.0024761023995978344
-0.003742078601155095
-0.006913606929697982
0.001228653743548957
0.018028907487703028
-0.008550490680908357
0.022226507986023998
0.03460775127360818
-0.0022647399413162324
-0.09050116692714279
0.07929634264179067
-0.12034265445174817
-0.2549522856873406
0.04201781253775126
2.3534184051589544
-8.930852466861547
6.875350703138192
0.9963114957265146
0.0801109710570967
-0.25780516779281326
0.13874646590982326
-0.03735294857998195
-0.08079990735019735
-0.019822890223955107
0.058725108831538184
-0.04728297658078886
0.012825141432347439
0.029198867047857638
0.011806606428672609
-0.017159004282380968
0.02060416260306236
-0.0014339927834901027
-0.013160946438959754
-0.00717670777905688
0.009376641305376259
-0.012729841018118162
0.0006240367830382995
0.0074254446455174076
0.005277769098224338
-0.0020269997986731695
0.00671206333599287
0.00172426645173381
-0.0028277333798954573
-0.0036611239430503367
0.0002749928094748857
-0.003261047016552589
-0.002266405474305761
0.0003537042212462494
0.0023503697567298855
0.003063477408024698
0.00011050009019671817
0.003076610458018041
0.0033857435722322625
-0.0017150701544983292
-0.005328766077318995
0.01151810183681621
-0.009740988614815026
-0.004370140939945198
0.0006171399106926161
0.00365263759647386
0.006436210019486008
0.007078319427795068
0.00544066958269431
-0.00033773091833659216
-0.015856191518390433
0.006976720923236212
-0.008722770589014685
-0.02778942615874105
0.0020923028224956205
0.060055738041079665
-0.03642669504793978
0.03581508484042248
0.044129365743986564
-0.0020319562187758526
-0.10069160627877546
0.04407287350706583
-0.06390719938487732
-0.18477741399763198
0.028560199628333355
0.48914014837106773
-0.6589577623867214
1.031425211252942
1.0111998198354484
-0.20228169651708733
-4.389928657436769
9.248996888693085
-4.491471422697303
-0.7800315435805452
0.05012200022873823
0.4741114041772517
-0.11687868468429885
0.1196442889858643
0.15223934749338647
-0.03146143403110671
-0.14350366730032232
0.05495910336222176
-0.060146280779848876
-0.048118822582380726
0.006849931468774663
0.05532564844410745
-0.01688238423936705
0.0212276172980481
0.024573721240825318
-0.00718355066878751
-0.030822872696095797
0.01147426149782643
-0.01557003637659228
-0.012476072697961018
0.0024138118155947247
0.01529684799224053
-0.004515446168402043
0.006598317087666185
0.007395134136384826
-0.002442229922895144
-0.008147092386624175
0.0035317313875573237
-0.003608579973020968
-0.0018662901269496778
0.0008099466935418994
0.002230434039452277
0.00010886515703330743
-0.0002876032557065975
-0.0007714013896657839
-0.0011513674637197437
-0.0011783600174248812
-0.0007322631737176954
0.002258264306552732
0.005040463903162146
-0.004697673787038324
-0.013521098081209734
0.005309769004602336
-0.010421742138454267
-0.009589422360054266
0.003703330458206891
0.026557348449401563
-0.00763425299285483
0.017481029956699267
0.029807707753565733
-0.009753000373069122
-0.06029829458735393
0.038770490159877595
-0.05527533309562042
-0.05951611003121305
0.017808935447111766
0.18665005928919334
-0.07446629483808803
0.17250483501793057
0.6332610057050536
-0.4151650184260651
-2.743693130425878
2.6544282828619807
-1.0870573804072083
-1.6611336501132763
0.3629199756357956
0.5037991295959273
-0.2510627184479943
0.15783831987845295
0.09395262848850364
-0.0023961983283663367
-0.0717022394554575
0.028917515843807695
-0.02158569421122315
-0.03291746196093221
0.004615258855551795
0.03346884655514477
-0.019905243271379935
0.009235534597785538
0.00834247869402292
-0.0024764946245393053
-0.013171585174903282
0.0035448694996191655
-0.005960196461632274
-0.00823037942722701
-0.00002419311416634294
0.00545270404632661
-0.010192733078311247
0.00559812260461533
0.0019032452140162793
-0.0002486574409663922
-0.0010757010572237627
-0.0011448065019586788
-0.0007876587206102775
-0.0002754291364589532
0.000255480042661056
0.0005622524719051705
0.0007912784021477492
0.00006400560445958905
-0.0014813658733093726
0.00071358693803847
0.005193801105578931
-0.0022904681951202563
0.004182287575220722
0.005944603780232273
0.0017849100176148462
-0.007128368387285538
0.006135110558839991
-0.003910180605859051
-0.014384163355845596
0.007329199180723707
0.02590149250778788
-0.01196554222729664
0.011270612724774993
0.034003313769245945
0.00716739100881179
-0.07678590411571022
0.08372122628417336
-0.046748958686609415
-0.2295871331314839
-1.9144126041722236
3.0319150104557773
-0.886295183578406
0.06526503228873394
0.24192083624974256
0.07056611010610325
-0.12639743427274777
0.09742412146505329
-0.004127244003117407
-0.01774731607960093
0.00442480668350076
0.026246321574581104
-0.011065122874894948
0.007541295129577054
0.012797153911372504
0.0060604379669807595
-0.006014346520482236
0.011388616277434574
0.0007775531087090777
-0.003969998639259745
-0.0009760444892919342
0.0016828278037581616
0.0026659314901288467
0.0031744359898893387
0.0027787927090565314
0.0016438380327330013
-0.0003328365899405273
0.000689965054816076
0.00046061867646518274
0.00003694900640556735
-0.000437300126640441
-0.0009618486315781647
0.0009206140842112177
-0.00034444038750843805
-0.0019643346023033048
-0.0022654922990042476
-0.00039176968017892564
-0.005113110231045791
-0.003851499823207554
0.0006426421546864845
0.006685005913376317
0.005647007467000454
0.01684132505813959
0.006958610528897363
-0.014446084615222394
-0.03679330502866639
-0.015450181098964682
-0.0808712173468224
-0.09020387036891393
0.0317756094474716
0.21051398017421044
7.064569127584665
1.2197314847838985
0.4484628826531714
-0.08031787067138231
-0.17627549481609037
-0.15377607364588994
-0.05032475898374154
-0.07479135142100622
0.0005274202969557556
0.02508321042798735
0.0041027189252905594
0.05883139064350144
0.009325212974234397
-0.0016436971056723298
-0.005180532395085925
-0.005893252029469722
-0.004984245650805636
-0.003018592120111209
0.0005152679488415704
0.007174063474981748
0.028755450230256933
0.0031290099512415537
0.004584052153399102
-0.0016668451034778011
-0.00535582199709444
-0.0013633020512711965
-0.004720423391186552
-0.0023476162627088606
0.0029145139817351
0.006653603639631932
0.002051002763234045
0.010468486681926282
0.007717803109486158
-0.004022019258173248
-0.0048604776206408115
0.009789239937894068
-0.02438774258393232
-0.0018526848004634456
0.06400371397859995
0.10699633169058234
0.01661834184802842
0.803434816750171
1.0098068819055048
-0.47362859036600824
-0.04247027259942703
0.019904645054594033
-0.04624777057362612
-0.0028506976495827306
0.008769958176370524
0.011308255678014184
0.009856438009903911
0.007564598757369146
0.002734565590619657
-0.004959450889612764
-0.015458504027315577
0.00938634204808092
-0.007898435146082645
-0.004188873387937481
0.006170320988461439
0.007477290322138989
-0.0004934351463439278
0.008985117360128785
0.0040089004955320045
-0.007278024864132073
-0.013005945595945478
-0.003083446603591159
-0.03130373090326176
-0.020251839581740354
0.013950713249052567
0.07136508014875262
-0.46228077123973016
0.18951693982700996
0.025420215221282558
-0.027962863922618476
-0.029433264322898448
-0.023016813336879553
-0.014187631691677617
-0.004996336257133274
0.0066756430218767905
0.017498856306868444
-0.004998503262937679
0.009284408924160218
0.004897409722361039
-0.0055453916519893134
-0.008821279868870938
-0.0004891882249650972
-0.024858395715115878
-0.03360322207879912
0.12608317277875275
0.16356521826124729
0.07579918134337808
0.027925793331745538
0.010316288962907592
-0.003279635723803539
-0.010795045413202066
-0.0029239490540802315
-0.0037956197892156022
-0.002241893287231256
0.0020414112120699353
0.003676893585419568
0.0009302619853723862
0.004384881264231835
0.0013472299902629852
-0.001382197777595282
-0.0025525663838213007
-0.0002828042226507554
-0.002206272124678173
-0.0015331393051761725
0.001114478594311637
0.002583697343517194
0.00009058231209844868
0.0012001790685992246
0.0002555660006154168
-0.0004826910482394866
-0.00212869458973796
0.0002962590009890447
-0.0020150297885396743
-0.0009004755305875514
0.0005023722917656946
0.0014655879619986738
-0.00043876671698307956
0.0017849045572355645
0.0005504558189934755
-0.0009476252278911643
-0.0000748494462606881
0.0004993748029247591
-0.0016052218823828198
0.00022829005431247907
0.0005738558220444982
0.0008665694345960141
-0.0006493108228329367
0.00012288233083282486
0.0002627361409728471
-0.0006944155196939644
-0.0009626787178697838
0.0005700171941542665
-0.0013451733594690375
0.0001675895635941932
0.0006364214811124763
-0.00030066080581440686
-0.0008294262150300882
-0.00009090510388052454
-0.0006413302212852356
-0.00043216678081046625
-0.0005180332760443075
0.0008394817801284326
-0.0009772781345153726
0.0006314352109690428
0.0008129107352414026
-0.0005406808189495295
-0.0007314051527763455
-0.00004990634805689938
-0.0007725503394738437
-0.0006141714090354117
-0.00023206526690115615
0.0009632229970976753
-7.382131188541724e-6
0.0001721154438490518
0.0007763174827879978
-0.00020049390075672577
-0.0008118013903232398
0.0004082635190961418
-0.0005689595056034306
-0.0003401593438324303
0.00007195259134281204
0.0010890137078395199
0.00030546303026501186
0.0009840629638931543
0.00032966100590571404
-0.0007075483836709106
-0.0010093074153187424
0.0005335180066583568
-0.00079477301055876
-0.00037359063389891977
0.0005219988228651107
0.0010781583909227172
0.0003060607731615326
0.0010225030367058757
0.0003529690882264295
-0.00006796903469260145
-0.0011068241946209326
-0.0003378914245210782
-0.0009226466061801024
-0.0006804463626602146
0.00017680243842227702
0.0011258019495816397
0.0004309450165484271
0.0007621462749621817
0.00040137765331568846
-0.0008971213180424799
-0.001159895027346821
-0.0005569778731354605
-0.0010893885617164036
-0.0006717874772107099
0.0009548248448841775
0.0012499334977800433
-0.0002739729320009473
0.0012069322321085609
0.0005599303550680845
-0.00047097949320010066
-0.0013610535423838497
-0.0004837927759372497
-0.0010162358576647434
-0.0003891488909983005
0.0011248177941078756
0.0012923260128193505
0.00044490413948285987
0.0013009298009252243
0.00037150944471323364
-0.000988837398753205
-0.0014180485520166198
-0.0005380287352714178
-0.0011254064119753419
-0.0003822528080569531
0.001098822412940345
0.0014728978306889939
0.0005955619383158469
0.0013910191277301909
0.00036346390191239667
-0.0009065631124225926
-0.001464630572805348
-0.0005722410586500616
-0.0013330410253935769
-0.000424490629154949
0.0011874845317023544
0.0014686758316063454
0.000529153152050087
0.0011858795176000363
0.00037997727581331857
-0.0011291312884560813
-0.0014687214854293502
-0.0003561718038210486
-0.0014528441702858661
-0.00037969067112620666
0.0009631540424015922
0.001491516898600459
0.0003450961385690313
0.0012697134358727936
0.0003721091017844131
-0.0011421250762555927
-0.0014786043806810176
-0.0005618870535329156
-0.0013845388799775605
-0.00040823685292210265
0.0012129485915463175
0.0014947530921526802
0.0004961373966619714
0.0014253560705726484
0.00037851460186568537
-0.0010737085764110622
-0.001479170725803197
-0.0004719575501398959
-0.0014210977850666843
-0.00039129708558021905
0.0011874892975729271
0.0013861319302593325
0.00041672534216776407
0.001320039474069804
0.00041577257157798987
-0.0011881256026785387
-0.0014579086259239376
-0.0005590059145037335
-0.0014113706753561177
-0.0003430709637755383
0.0012292047884243748
0.0014352083259164816
0.0005081819561994125
0.00139310223868826
0.0003715516107610443
-0.001367100278413953
-0.0014880544647152623
-0.0005266454940802516
-0.0014796633705667648
-0.0004105970390934501
0.0011300927057218886
0.001452789800569574
0.0005026601216904746
0.0012996784377046179
0.00039772994058622174
-0.0011739082037971983
-0.001502749301275124
-0.0006098879813398046
-0.0012784125621230732
-0.00040033978116507267
0.0012074366002122747
0.0014850657712256877
0.0005325875060818975
0.0014782842816768438
0.0003915571370368549
-0.0013354891379659668
-0.0016555571506712092
-0.0005935540133049802
-0.0013765473305358874
-0.0003730959278675295
0.001289557492758925
0.0014584723605271268
0.0006220930088870175
0.0014841589346430116
0.0003607902947221515
-0.0012476545798507865
-0.0014805276656661725
-0.0006407918884891907
-0.0015560662865077872
-0.0003910834244757167
0.001242368754952389
0.001452330552926299
0.0007709039291589106
0.0013870535356060468
0.000312461333973559
-0.0012929115591481244
-0.0015129387376826204
-0.0006949116398156259
-0.0016427928243470484
-0.00037201074071319953
0.0012739519570058966
0.0015029011040013534
0.0006943050535814467
0.001602359771813733
0.00034549951368873405
-0.0013250764621838117
-0.0015491525551999956
-0.0006948261712086984
-0.001435818318605825
-0.0002972166917235947
0.0015556412045773464
0.0016973391860928666
0.0007734420234352887
0.0014900165378521275
0.0003752390883060701
-0.0013858217771744337
-0.0015626494639544967
-0.0007028569646554408
-0.0016352438575749852
-0.0003735717022855943
0.0015211325080382247
0.001692549877921859
0.000689276025528047
0.0015543038194453965
0.0003240166304555328
-0.0015966006077776508
-0.001734628827588038
-0.0007935368227891777
-0.0016472081812913134
-0.00032748072430356206
0.0014865739105867756
0.0016850878622465687
0.0008037443748261652
0.0016789146070488388
0.0003757093077703625
-0.0015150630870685703
-0.0016923592753883636
-0.0007969623356209966
-0.001721871177242497
-0.00031090221644168483
0.0015001829786916903
0.0016714567968749018
0.0008399522707131262
0.0016301717179786313
0.00033058476165422393
-0.0014492066268685937
-0.001659942104317499
-0.0007610505445818688
-0.0017160121642724295
-0.0003777545586362214
0.001576066576349449
0.0016612685398422957
0.0007899842236901704
0.0017111721095209266
0.0003419734268848663
-0.001540924077519325
-0.001634598829846582
-0.0008234428125066896
-0.0017560073896322253
-0.0003128162211125926
0.001519384141939624
0.0016939956123490387
0.0008792653951769154
0.0017645905469581419
0.0003460557582217912
-0.001602460928084994
-0.0017370444645904936
-0.0008456807094997415
-0.0017927528349157898
-0.0003189325372967419
0.0016086481432439276
0.0016718841734284005
0.0008916431109624245
0.0017622955490338068
0.00035498184179114594
-0.001596894377989288
-0.001747075113264008
-0.0008312252781346567
-0.0017326224251106202
-0.00033186034014737577
0.0016088532329994404
0.001725400667369331
0.000863219308359024
0.0018105530600655369
0.0003382185193071061
-0.0016245943026080595
-0.001754960442392098
-0.000884973846302526
-0.0017711646860200834
-0.0003311344236480948
0.0015937617164881739
0.0017356686571477734
0.0008567579381744967
0.0017295989746326772
0.00034218188950121546
-0.0016327415189381616
-0.0017429678841286284
-0.0009226399873714503
-0.0017900073816827344
-0.00033177942315398655
0.0015976845662174462
0.0018027382463308248
0.000873880880343939
0.0017876957059355515
0.0003536644371252219
-0.0016731369173833678
-0.0017641826668535782
-0.0008794542560034397
-0.0017851048186579136
-0.0003248360815185987
0.001558370086492779
0.0017936777788763636
0.000912793063511541
0.001806763444215307
0.00033533559635043374
-0.001642606379750955
-0.0017357660818611298
-0.0009264437407221004
-0.0017435423393208271
-0.0003271615043387301
0.0016165752505964712
0.0017551551550646883
0.00092409238820224
0.0017723592775055047
0.00033667370457535407
-0.0016300584217542144
-0.0018386413119564743
-0.0009252913759249801
-0.0017572275544395102
-0.00032408008516882916
0.0016891871527757946
0.0017598721863985507
0.0008430778308575346
0.0018118803869766476
0.00040179207261445844
-0.0015949707290590063
-0.0017253344566613392
-0.0008896726316317804
-0.0018182650602349016
-0.00035218755774399726
0.0016448032041268506
0.0017541545195492731
0.0009132742135103046
0.001770507104405755
0.00032828091622634503
-0.0016142120717117223
-0.0017217817510615178
-0.0009233122510832594
-0.0018116742749505704
-0.00033507257447711785
0.0016168318118985172
0.0017159265586948486
0.0009189851534577309
0.0017652724578929343
0.0003465671360306906
-0.0016872803800599971
-0.0017619897236570582
-0.000942012447440445
-0.0017620476536889212
-0.00033447255957105577
0.001573118048930369
0.0018880088813753109
0.0009212465024888097
0.001818280323641012
0.00033380608927022497
-0.0016660593529004648
-0.0017741385705889099
-0.0009091628881525087
-0.0017764406834474688
-0.0003494594470895967
0.0015780786734824826
0.0017180601968804542
0.0008562237960630159
0.0016869844379933463