3.20466176806541e-13
5.7699564179912326e-8
2.0326028677931317e-6
0.00002825474000659256
0.0005908862011834368
0.003355270659234899
0.0005884033366331155
0.0003574215293725828
0.0002916442280101734
0.00026742841888057346
0.00025934532241856257
0.0002590887013051866
0.00026317949918769324
0.00026990995452213617
0.000278342978102309
0.0002879196457170232
0.00029828403122943446
0.00030919703953190513
0.0003204906539665602
0.00033204209461719836
0.0003437584558855987
0.0003555671690129884
0.00036740985440343745
0.00037923822472965476
0.0003910112704267481
0.0004026932697395497
0.0004142523412679178
0.0004256593598883777
0.00043688711887018004
0.0004479096593762065
0.00045870171270356744
0.00046923821599303815
0.00047949387211806824
0.0004894427307509016
0.0004990577714017786
0.0005083104713901744
0.0005171703423462737
0.0005256044185331567
0.0005335766788096907
0.0005410473815881697
0.0005479722884609293
0.0005543017471630527
0.0005599795977081272
0.000564941856571512
0.0005691151218790403
0.0005724146268225226
0.0005747418475857629
0.0005759815440013654
0.0005759980735875041
0.0005746307682479488
0.0005716880929406469
0.000566940208569176
0.0005601094258813389
0.0005508578456511068
0.0005387712065722988
0.0005233375655242671
0.0005039188518983094
0.00047971246823044734
0.000449698791070002
0.0004125683913716981
0.0003666195915630989
0.00030961182824549026
0.00023855181540248884
0.00014937518564192256
0.00003646138421778993
-0.00010812515947821733
-0.0002958579915284876
-0.0005437883601868513
-0.0008780854084417574
-0.0013404752987844109
-0.0020006271682027677
-0.002981657383229017
-0.004517298526284461
-0.007094816851751663
-0.01186854304948141
-0.022133659845850532
-0.05062186946619584
-0.18775069123257596
-12.06859062536527
-0.3607203006352488
-0.07980131022114831
-0.03475203283712335
-0.019559039648068068
-0.01259960446945614
-0.00881823846203358
-0.006525942697652837
-0.005026204102249646
-0.003988335985146181
-0.0032385537848702026
-0.0026782240973824726
-0.0022478784975326774
-0.001909868909991206
-0.0016393817693359798
-0.0014194998075573251
-0.0012383515116362858
-0.0010873957235518442
-0.0009603517805218534
-0.000852511222014023
-0.0007602827435651029
-0.0006808840027871373
-0.000612128329954551
-0.0005522742138301496
-0.0004999171819509037
-0.0004539108485336861
-0.00041330836555702647
-0.000377318357110753
-0.0003452712661543766
-0.0003165932659930067
-0.0002907857102747211
-0.0002674086543139869
-0.00024606736428246567
-0.0002264009955527656
-0.00020807280308578072
-0.0001907613687789706
-0.00017415240798140187
-0.0001579307589266397
-0.00014177216958596777
-0.00012533447709289295
-0.00010824772366875327
-0.00009010266333844481
-0.00007043697521810331
-0.00004871829408520435
-0.00002432287066301288
3.4917594450535366e-6
0.00003562235185446718
0.0000731669611458313
0.00011748795969356653
0.0001702977581030213
0.00023377717270852409
0.00031074149933926824
0.0004048775576133027
0.0005210884443343639
0.0006660054387423921
0.0008487658758956238
0.0010822263202927972
0.0013849113464441684
0.0017842518016849868
0.0023221813252495703
0.003065265142195611
0.004124068207768858
0.005692750104949077
0.008137021551953403
0.012211470023798097
0.019678447509470304
0.035462784456924815
0.0779113760997192
0.2668887579420128
7.620551279752812
0.7521941121474937
0.1470287770089401
0.06209009185190967
0.034621271041412806
0.02229683215333913
0.015679691503671996
0.011696520711739086
0.00910045537040422
0.007306260896359908
0.006008996720462359
0.005036734481990794
0.004286362298324266
0.003692883046445448
0.003213608225810705
0.0028195166367931943
0.002490287912836068
0.0022113247268773398
0.001971901269362793
0.001763975001897924
0.001581402491283383
0.001419408814853462
0.001274220268475593
0.0011428046483143116
0.0010226837827814492
0.0009117953679794019
0.0008083888386758726
0.0007109448613044024
0.000618111143039798
0.0005286492469753954
0.0004413883643049225
0.00035518274301974626
0.0002688698336819814
0.00018122624196226974
0.00009091827555315679
-3.556816266904061e-6
-0.0001039440160031114
-0.0002123251762023931
-0.000331245258552899
-0.0004638852006878042
-0.0006143042940454355
-0.0007877878171895775
-0.0009913572218646547
-0.0012345372928305115
-0.0015305406745704012
-0.0018981516356548712
-0.0023648238871692667
-0.0029719752878837194
-0.0037844549392934594
-0.00490840237703341
-0.00652719490663617
-0.008979849791927001
-0.012950432896727187
-0.019992009664900102
-0.03427866905825362
-0.07043514651987358
-0.2126541501744593
-2.777977246330491
-1.1225377579345477
-0.16518949003142178
-0.06394946153442299
-0.033948381642703834
-0.021119928180646952
-0.014456407306735223
-0.010547062245015872
-0.008053225356244038
-0.006361781263492599
-0.005159394200771184
-0.004272218704577571
-0.0035974218708294627
-0.0030709670815678002
-0.002651256729784934
-0.0023102965434431554
-0.002028671224440274
-0.0017925607503945114
-0.0015919014858503525
-0.001419215769544653
-0.0012688456432176666
-0.0011364384618272666
-0.0010185937581589136
-0.0009126158281960597
-0.0008163371057864263
-0.0007279898283576575
-0.0006461111888451477
-0.0005694720289471449
-0.0004970222625950824
-0.0004278482739007599
-0.00036113889643877857
-0.00029615749489720293
-0.0002322182805214586
-0.000168665395745172
-0.00010485355425726207
-0.00004012916004498587
0.000026189133358562938
0.00009483151669736365
0.000166601020566329
0.00024240194037150424
0.0003232746568455106
0.000410439487811913
0.0005053532063229474
0.0006097833649562595
0.0007259078458914496
0.0008564505641263052
0.001004869741441189
0.001175623941305903
0.001374555393240882
0.0016094541828829579
0.001890908390732147
0.0022336192591749216
0.002658497289866334
0.003196118928739274
0.003892656889818495
0.0048205377544029045
0.006098685482128675
0.007933648745633588
0.010710449562879393
0.015215992079482028
0.023273118254585876
0.03994579475165728
0.08407865568618973
0.2804575461891902
9.625889184816094
0.628237148666478
0.12290840694444276
0.05034595315082646
0.02709252538113068
0.016826712294272492
0.011418916915796292
0.008230309462710111
0.006196904770816695
0.004823115449554951
0.003852900118480827
0.0031431998358426496
0.002609020129778301
0.0021973004502237594
0.0018735358450440315
0.0016145057119357255
0.0014041202349558612
0.0012309457309475139
0.0010866760495119505
0.0009651582806856915
0.0008617544549976348
0.0007729130644655005
0.0006958751070346386
0.0006284684421105875
0.0005689613332415835
0.0005159564332173068
0.0004683128480013475
0.00042508802807213653
0.0003854938125941488
0.00034886271725552035
0.0003146216946420113
0.0002822713833419879
0.0002513693989381218
0.0002215165899316833
0.00019234544384986188
0.00016350999732483087
0.00013467672896835665
0.00010551598467288383
0.0000756935273610747
0.00004486180248765377
0.000012650488463128033
-0.000021344149042026755
-0.00005757170337897025
-0.00009654260907908801
-0.00013884664584266584
-0.00018517627854413264
-0.00023635664372233424
-0.0002933847173071969
-0.0003574812878112457
-0.00043016097853408407
-0.0005133280868276145
-0.0006094099155992682
-0.0007215455537166778
-0.000853858302199347
-0.0010118571485501135
-0.0012030424026606285
-0.001437843619525205
-0.001731116064627128
-0.0021046113309996935
-0.0025912211384955023
-0.0032426143870574555
-0.00414376574459377
-0.005442525681834675
-0.007415081423185528
-0.010627371205752826
-0.016394830511625883
-0.028389463866259082
-0.06038379701600936
-0.2051603732185764
-8.221107270944902
-0.42713687774812703
-0.08583845757500527
-0.0354073505775749
-0.019085736833346127
-0.011839071156286171
-0.008006104600459389
-0.00573857595400663
-0.004288356497234069
-0.003305968504691375
-0.002610439573495114
-0.0021004588114989734
-0.00171573406392637
-0.0014185693367712922
-0.0011844171490612786
-0.0009967362509482138
-0.0008440504530960241
-0.0007181942606520968
-0.0006132280511621232
-0.0005247459598407453
-0.0004494219835253482
-0.0003847050306920456
-0.00032860948605731907
-0.0002795685655929601
-0.0002363297304422727
-0.00019787888153513142
-0.00016338453195044732
-0.00013215606948277888
-0.0001036120614754591
-0.00007725581768391005
-0.00005265623621595274
-0.000029432444302998054
-7.241239212069607e-6
0.000014233497160463458
0.00003529005167601088
0.0000562172794508702
0.00007730263075608887
0.00009884020741884335
0.00012113927410210449
0.00014453373145765448
0.00016939305694680618
0.00019613548447205541
0.0002252443048100086
0.0002572885715217458
0.0002929499706632501
0.00033305831977515607
0.0003786393579884844
0.0004309801390155324
0.0004917201432628628
0.0005629805100715677
0.0006475510318066618
0.0007491665512293581
0.0008729254008237574
0.0010259399982789023
0.0012183795759408535
0.0014652005314676534
0.001789136219386727
0.002226114126907652
0.0028356450997885775
0.0037221758548275233
0.005082935254049771
0.007327773190362601
0.011427806272572097
0.020172581745543466
0.0445510545420912
0.16761139890258128
34.21307033398537
0.21777327172432712
0.050829461931113866
0.022045302736597657
0.012222615990879013
0.007735061528036753
0.005316343181360232
0.0038651665922845445
0.00292626804633517
0.0022837379705723006
0.001824471873023772
0.0014845651517394701
0.0012256949194056144
0.0010237437753895678
0.0008629159384190497
0.0007325119105176874
0.0006250720776917335
0.0005352635840454886
0.0004591885214560806
0.00039394065120457335
0.00033731344719362415
0.0002876030739454122
0.00024347247955427102
0.00020385576047653588
0.0001678894647286167
0.00013486242421921287
0.00010417831110368295
0.00007532710844185207
0.00004786292193335722
0.00002138611493419655
-4.471581968600485e-6
-0.000030059978776133854
-0.00005572236310435698
-0.00008180711023971372
-0.00010867978350493111
-0.00013673656836114695
-0.00016641991584119914
-0.00019823769527180826
-0.00023278753430455511
-0.0002707886279109853
-0.00031312446239304694
-0.000360901484233344
-0.0004155314178619094
-0.00047884936424709364
-0.0005532868897721794
-0.0006421321389252325
-0.0007499311113508297
-0.0008831255827251876
-0.0010511023813107201
-0.0012679885921221608
-0.0015558681845716728
-0.001950871339346229
-0.002515498170217674
-0.0033657171336003576
-0.004737229085378521
-0.007172160818819875
-0.012161748832242811
-0.025168258302540967
-0.08115694780576205
-2.1037901823992082
-0.2092879685632792
-0.038594631084895234
-0.015469600627925578
-0.008207787630105969
-0.005039346757616129
-0.0033841033139401407
-0.0024144280308180653
-0.0017993233069478801
-0.001385562242205533
-0.001094372198312009
-0.0008819200426315226
-0.0007222526929887775
-0.0005992132325810436
-0.0005023168871542011
-0.0004245167087907912
-0.00036093017944848616
-0.000308082548929817
-0.0002634397888557527
-0.00022511148793114195
-0.0001916557858764137
-0.0001619479882037795
-0.00013508974711825162
-0.00011034456593932654
-0.00008709065337171037
-0.00006478497734031576
-0.00004293478211177024
-0.000021073398335598816
1.2615182069918738e-6
0.000024549975450937856
0.00004931296222999472
0.00007614004536165909
0.00010572403896477224
0.00013890633969554104
0.00017673976932545038
0.00022057750580340276
0.00027220394432573143
0.0003340322432807664
0.00040941207878519376
0.0005031249965466487
0.000622212321183524
0.000777418877368862
0.0009858399196150834
0.0012760756679490194
0.0016990362786421297
0.0023527918458282455
0.0034470614429776194
0.005500604873173332
0.010111259997084064
0.02445806202843657
0.12666419151474365
1.3866736446494083
0.04793677360786082
0.014165891581908195
0.006531321328823092
0.0036668118272696797
0.0022981783144848367
0.0015434903377482634
0.0010857848972715678
0.0007886931752263181
0.0005857765464644831
0.00044155841280294275
0.00033570596074276984
0.0002558855792105344
0.00019425553777785534
0.00014562473154081904
0.00010643018313013303
0.00007414167170458928
0.00004689989021335915
0.00002328735157021547
2.1775611647259338e-6
-0.000017369963496850035
-0.00003618756363041146
-0.00005506143471497855
-0.00007479044358829009
-0.0000962449271468107
-0.00012043882998883844
-0.00014862473499367227
-0.0001824303876870062
-0.00022406810644864242
-0.00027667182076246476
-0.0003448655872079665
-0.00043577305631938766
-0.0005609101665927567
-0.0007399813792111822
-0.001009134190642677
-0.0014408706915078513
-0.002199132146278209
-0.0037240423470980763
-0.007564679071573356
-0.022821687506243346
-0.3395499927136457
-0.09234441524356052
-0.01411369990852279
-0.00528503575873106
-0.002659247940204549
-0.0015447702016180296
-0.000972399212663057
-0.0006409481189549607
-0.0004323712307742989
-0.00029277214900890575
-0.00019468760818931995
-0.00012289280251729284
-0.00006833701600934719
-0.000025289619188379675
0.000010115687522497523
0.0000406873103983345
0.00006865895472044633
0.00009602050953448541
0.0001247917885461681
0.0001573108379476077
0.0001966232437361078
0.00024710871652691013
0.00031562083937997353
0.0004137823185892828
0.0005630763212196789
0.0008075643197708246
0.001250938890758979
0.0021911826375461056
0.004818409205325366
0.01866150520611327
12.220940302502221
0.01612056412624469
0.003662331532102913
0.001415518866002398
0.0006521128162842929
0.000309676530313266
0.00013001456864223282
0.000025961464377909726
-0.00003856778696722401
-0.00008106405906546637
-0.00011158622467864349
-0.00013761817554451065
-0.00016726611419450683
-0.0002134086819178025
-0.00030345394132490374
-0.0005124095844865444
-0.0011262155221311255
-0.004247474093969627
-1.0570715144643272
-0.0036605702775222393
-0.0002471680074155258
0.00039268452935575565
0.0006826712204756821
0.0008912798931298623
0.0010810966980063636
0.0012731505474802313
0.0014765671543118578
0.0016962828108436493
0.00193555612235624
0.002196930472820608
0.002482638346002962
0.0027948026172226643
0.0031355285327365878
0.003506963008924638
0.003911324250114558
0.004350923094959223
0.004828179371538343
0.005345630856465742
0.00590594298806795
0.0065119178821744835
0.007166501221353594
0.007872791277963172
0.008634042013160554
0.009453676324527718
0.010335286857687906
0.011282648143635894
0.012299721353396744
0.013390666453547344
0.014559844758859455
0.015811830582398052
0.017151419851773056
0.01858363682538031
0.020113747864097555
0.02174726563908354
0.023489961451140837
0.025347875389337433
0.027327328615860975
0.029434929265317617
0.03167758796503063
0.034062530570541295
0.03659730337043181
0.03928979196132167
0.04214823107636691
0.045181220982928726
0.04839773334156799
0.05180713426053948
0.05541919268177793
0.05924409953533051
0.06329247563600156
0.06757539849678813
0.072104410992937
0.07689153729106848
0.0819493060874492
0.08729076359786754
0.0929294912305073
0.09887963426917809
0.10515590453463562
0.11177361612443129
0.11874870105738304
0.12609772155581692
0.13383790968425438
0.14198717352719817
0.15056412773466699
0.15958812301294653
0.16907925328378912
0.17905840750924887
0.18954726895815954
0.2005683543176318
0.2121450505216289
0.22430162104792578
0.2370632599223526
0.25045609963788407
0.2645072615235322
0.2792448646173906
0.2946980869959626
0.3108971769599641
0.32787348762474416
0.34565953628664636
0.3642890108084681
0.3837968266849801
0.4042191578837146
0.4255934768687403
0.44795860262839365
0.47135472473472784
0.49582346748426054
0.5214079224892344
0.5481526951723936
0.5761039478648564
0.6053094601968143
0.6358186616971472
0.6676826902350366
0.7009544483305676
0.7356886472311895
0.7719418678512474
0.8097726097334041
0.8492413517475597
0.890410614082255
0.9333450223544437
0.9781113405798453
1.024778586944904
1.0734180512861409
1.124103376370233
1.176910632620093
1.2319183885017715
1.2892077856189939
1.3488625814377324
1.4109692750628335
1.4756171443537662
1.5428983464933697
1.6129079774209896
1.6857441901078423
1.7615082526525985
1.8403046349552554
1.922241125128238
2.007428881905576
2.095982566828371
2.1880204126003973
2.2836643515141617
2.3830400749893563
2.486277177604196
2.5935092410662586
2.7048739516597755
2.8205132012257867
2.940573223948264
3.065204672105491
3.194562790333043
3.3288074930830294
3.4681035049890236
3.6126204921824043
3.7625332051657496
3.918021590203932
4.079270906976937
4.246471962541591
4.419821105656394
4.5995205404739465
4.785778360776525
4.978808730992448
5.178832054612889
5.3860751751111415
5.600771432789833
5.823160945405043
6.053490712273482
6.292014850172266
6.538994678534112
6.794699023980146
7.059404312640715
7.333394784678725
7.616962770469283
7.910408750880183
8.214041681987428
8.52817917907702
8.853147649291234
9.189282687584221
9.53692908375019
9.896441208832215
10.268183257360006
10.652529338362728
11.04986388546166
11.460581813832897
11.88508876593823
12.323801509444216
12.777147998100766
13.24556782443022
13.729512363949931
14.229445205094768
14.745842273580788
15.279192271868844
15.829996866804404
16.39877110983376
16.98604373965722
17.592357334458423
18.218268912832432
18.86435006707144
19.53118734235192
20.21938271583253
20.929553807873063
21.662334279459674
22.418374242742697
23.198340652167865
24.002917676934782
24.832807005485524
25.688728481755646
26.571420232288933
27.481639275245684
28.420162004692536
29.387784406993013
30.385322672430075
31.41361366811393
32.47351534166512
33.56590713567667
34.69169062381622
35.85178995228571
37.04715227056268
38.27874832779472
39.54757310396035
40.85464589618421
42.201011561900984
43.58774048195261
45.01592939605518
46.48670205215832
48.00120951491528
49.56063118450182
51.1661749405293
52.819078138688795
54.520608097191655
56.27206272658418
58.07477128232754
59.930095048568056
61.83942793339891
63.80419725795107
65.82586437569854
67.90592548070018
70.04591255903684
72.2473935787253
74.5119739427454
76.8412968421177
79.23704419056536
81.70093735959978
84.23473823942084
86.84024991010251
89.5193174786421
92.27382914011163
95.10571696904138
98.01695777008564
101.00957405491025
104.0856351625485
107.2472579688528
110.49660817524989
113.83590111206311
117.2674026445941
120.79343054273046
124.4163553044849
128.13860133781787
131.9626480949112
135.89103111427505
139.92634325356158
144.0712356868682
148.32841939141264
152.70066593140794
157.19080934014394
161.80174659025005
166.53643939125908
171.39791548364417
176.3892696288546
181.51366544938045
186.77433608305023
192.17458647296297
197.71779406169838
203.40741058082878
209.24696356598182
215.24005763465817
221.39037612327238
227.70168266875066
234.17782266482303
240.82272517534628
247.64040443030706
254.6349610357388
261.8105843914375
269.1715542679342
276.7222415507674
284.467112046861
292.41072614736953
300.5577423845522
308.91291801792863
317.4811119376931
326.26728586082754
335.2765067753945
344.51394885546995
353.98489572557116
363.69474178906745
373.64899521868574
383.85327983930847
394.31333679998494
405.03502802582295
416.0243369053574
427.2873723475735
438.8303692192313
450.65969214795086
462.78183753366557
475.2034364100898
487.9312560559597
500.9722031188257
514.333326265635
528.0218191297179
542.0450213571788
556.4104238184639
571.1256699755816
586.1985586957231
601.6370463296894
617.4492522301605
633.6434592887998
650.2281175540722
667.2118482859541
684.6034452437516
702.4118796711167
720.646302116421
739.3160471314671
758.4306358513032
777.99977810717
798.0333780903551
818.5415371691062
839.5345556511
861.0229399412248
883.017402389547
905.5288673573015
928.5684749741112
952.1475828389721
976.2777742468645
1000.9708563026974
1026.2388689213842
1052.0940877024154
1078.5490254691722
1105.6164408548648
1133.3093373543732
1161.6409735697669
1190.6248643894671
1220.2747833692677
1250.6047713027772
1281.6291408261222
1313.3624775900544
1345.8196478458508
1379.0158031582116
1412.9663838762453
1447.6871259528161
1483.1940653935046
1519.5035425938356
1556.6322071702623
1594.5970287340313
1633.4152926547183
1673.104615175623
1713.6829443785534
1755.168564173094
1797.5801031302756
1840.9365411252281
1885.2572127560534
1930.5618134630654
1976.8704078802116
2024.2034341838469
2072.581710531768
2122.026444282436
2172.5592347437714
2224.2020801811873
2276.977388523006
2330.9079783326133
2386.0170928847087
2442.3283993624686
2499.8660027058795
2558.654446822146
2618.71872892053
2680.0843027662454
2742.777083330946
2806.8234624435772
2872.2503095308157
2939.084984397255
3007.3553404589384
3077.0897374639317
3148.3170476682308
3221.0666654934826
3295.3685151487066
3371.253056339969
3448.751302042578
3527.8948152632956
3608.7157285462163
3691.246749379733
3775.521167344356
3861.572866179403
3949.436333628612
4039.1466712419333
4130.739599608042
4224.25147689957
4319.71930470052
4417.180732765876
4516.6740809218845
4618.238342655587
4721.913194185568
4827.739009906993
4935.7568756587725
5046.00859085949
5158.536689177906
5273.38444471116
5390.595890210326
5510.21581621569
5632.28980043079
5756.8642058281175
5883.986194748387
6013.70375918327
6146.065705307958
6281.121689464766
6418.922218521895
6559.518670197156
6702.963305837475
6849.309274331821
6998.610648836845
7150.922415804156
7306.300498514788
7464.801784380868
7626.484117591011