0.08333582011409979
0.0833698102106431
0.08356969208412
0.083361548523119
0.08351611110766922
0.08380367708995883
0.08467681676053085
0.08405691195204254
0.0848009219160208
0.08545471984891734
0.08578534945102595
0.08615272218401905
0.08550159712755516
0.08732568757400144
0.08747675015723665
0.0884215416220322
0.08963760093082324
0.09121571964536401
0.0908435025108045
0.09264430093303856
0.09413276153018117
0.09460169662213613
0.09485964779137898
0.09825276803106
0.09801470836195142
0.09858751545476756
0.10103578107435188
0.10458540638779988
0.10294316831394966
0.1072942725912603
0.11063084630802442
0.11113634160016629
0.11048862531616138
0.1181133039322512
0.1164046588804169
0.1174848233170662
0.12256803712401905
0.12998846561912647
0.125096219778559
0.13484638811444882
0.14112313578338506
0.14164021485595588
0.13899851626186968
0.1554067876844706
0.15129578357752535
0.15214187784539812
0.16280982997226492
0.1785367121258577
0.16733637170724835
0.18797618751596593
0.20110574091303543
0.20152493199498264
0.19430819421579232
0.23194237474439355
0.22015453528885295
0.2216526836059169
0.24779923885392774
0.2858756278859418
0.25456607556298994
0.31007089133008264
0.34389351971843213
0.3443458822142295
0.3219734745532453
0.4397023616987661
0.39619687333039366
0.3927484194905884
0.4947233808197044
0.6166852885390463
0.5024508394843056
0.7918179478385088
0.8886770083042648
0.9614890835020431
1.040262283257414
1.2275290507373129
1.3820569864886527
1.6029367321201544
1.6606922186865012
0.011866656264646353
4.0912261352350425
-2.1648787833208814
-1.8442055413842404
-1.7406618742985718
-3.5330111363337005
-1.1763728129022912
-1.4623176482472853
-1.47466584111527
-1.0561178605035384
-0.724600659897286
-0.981471705177156
-0.7478921003733227
-0.6512037458455554
-0.6755848933175438
-0.7656618003939791
-0.5730789647478013
-0.6295247298136395
-0.6449860775448731
-0.5866912308114802
-0.5025467723393249
-0.5850470629399016
-0.5188128992466319
-0.48093319671409857
-0.49214814289739267
-0.5370521969029768
-0.4585071105743339
-0.4948152343707041
-0.5193786799461833
-0.504823112648647
-0.4618814437744565
-0.5226686534991501
-0.4888884150383172
-0.4619087742644693
-0.4706887765326304
-0.5158443148575784
-0.4601724979250568
-0.5009010718278434
-0.5416048276589914
-0.547330545509597
-0.5155982160307929
-0.5892451411150281
-0.5662258226071252
-0.5368066494359999
-0.5494671765198821
-0.6187894243369397
-0.5520011759325407
-0.624095620057287
-0.70510531641848
-0.7372639144972791
-0.7085047123152477
-0.8467250448573514
-0.8300776891805085
-0.7774806541330586
-0.8083067108070188
-0.9756344045793129
-0.6616162550725677
-1.0630002485149594
-1.2657156421784834
-1.3597859986642342
-1.434442451026328
-1.5834588123184712
-1.6763037622431456
-1.791481592378735
-1.9131322956724781
-1.789348663548227
-2.8172813651053192
-3.608509813915247
-5.957924821862326
3.583322919024879
-3.352569080962906
6.489461722773649
5.4618008019217115
7.287220647857217
5.803088538066367
2.7960170349750095
3.538629111471146
2.5609182917708027
1.902326356260311
1.6939559699257427
1.8137491208848644
1.434884130643966
1.463081305509092
1.516939271694389
1.4428782312782318
1.2335096886288799
1.324181368987158
1.1972241764326006
1.0770844337144962
1.0476836928151947
1.1054752691474752
0.9781423333927196
1.0209922885228415
1.0580667338759078
1.0384423627859989
0.959221699368631
1.0429741824776715
0.9842309404579904
0.9313970146233889
0.948569037782116
1.020081956130612
0.9191999857513291
1.0066781043686879
1.0647024527410631
1.065716770974116
1.0074469059069762
1.1592005049636653
1.1068861629092075
1.051507007155515
1.1403996817906015
1.2792597731040616
1.002330486950078
1.3987216591742622
1.4827339112217073
1.5359400091151134
1.5858340899209757
1.6906276803585174
1.7597622138424667
1.8450164990372198
1.9327434033128825
1.6369407694818108
2.481491272640571
3.1196662154161596
6.8272133298914985
4.325939585194451
4.043184704455685
-3.9227836560533196
5.7683409796719385
24.28536420026729
-5.632691238528806
-3.3468035252906527
-7.4205674335775464
-3.4374356152188996
-2.44069534153819
-2.2937578811859396
-2.7386555568130384
-1.7130218728676174
-1.8561444075187428
-1.9166386902846175
-1.645944106383849
-1.274867679425489
-1.494169612985151
-1.2412775713106519
-1.0889091468443821
-1.0709502611694124
-1.146308033198716
-0.9487736429761419
-0.9893702960916406
-1.0081105174571872
-0.9524524361677844
-0.8516193154106068
-0.920699596204976
-0.8482098426501372
-0.7979637577307985
-0.7957278150155548
-0.828202433594687
-0.7604955357657343
-0.7831040940418118
-0.7985734800821518
-0.7855080254936724
-0.7525723303999422
-0.7884098345110397
-0.7680370682530929
-0.7558386862004658
-0.7649797877719248
-0.7891982571519438
-0.7747453818747541
-0.7983182335481299
-0.8195103546737325
-0.8317207810932842
-0.8409896784521945
-0.8974463010636196
-0.9071087388523734
-0.9194696618880877
-0.9335442566617954
-0.9467075161225811
-1.0431576222396572
-1.096161737515902
-1.1510310167226807
-1.217019665318535
-1.3110455887157046
-1.3991133058062615
-1.5381088372822036
-1.739899497980438
-1.995401198863387
-2.2469128246821954
-2.7411323551113087
-3.351473370291129
-4.051190057950027
-5.369794546110541
-9.440972015076907
-22.723789766826986
21.400358259187986
6.836557247672143
4.163193525590985
3.17373060478655
2.507726813737431
2.079368006602732
1.8655684679128686
1.6882274099331456
1.4720995750352288
1.3228921847896322
1.2061742524154695
1.072724220950165
0.9671113059307762
0.8979979495686466
0.8495999149203796
0.7937497762728662
0.7618790585234094
0.7378663832354081
0.7038997117802135
0.6667544441879097
0.6455601435583215
0.6146821136708958
0.5864182121794078
0.5648867116683236
0.5546861411674872
0.5363963388318971
0.5248735695995708
0.5179234287992972
0.5106176023576625
0.4953086783846591
0.49129686575867915
0.48551579425419844
0.4788322035764118
0.4716445967029167
0.4738923711054987
0.4694938023706056
0.4640487630151675
0.46126061390711665
0.4675355958700641
0.4571509251130471
0.46531950548361717
0.47852109329570747
0.48386290130649523
0.487810203090588
0.4960990541987209
0.5001944674634656
0.5050755985562958
0.510337469387543
0.5120870730233925
0.5421605220560475
0.5587211572712829
0.5975423160103024
0.6709277020143688
0.6436540701033717
0.7212062751356255
0.7605236007833197
0.7457840860729638
0.7619803761094732
0.8338503671383849
0.8904667413675852
0.9886735366278884
1.2480286844907935
1.7603232394560038
1.575983686467405
2.6067430213733633
3.2163483253748884
2.7298136117158682
3.468265777529286
1.8495319752561472
6.294980828658793
-5.085208143003561
-2.2256299588340847
-1.5794839027408374
-1.4553963616412846
-1.118120901584001
-1.038427433688321
-1.0935198609965744
-1.0670619079671042
-0.8234870108822246
-0.8456874839625157
-0.7333832088073114
-0.6036723001364527
-0.5408109672403525
-0.5393267765594403
-0.479427161755562
-0.46932744689622413
-0.47974928382053816
-0.47333861870099975
-0.4269095521099632
-0.4344396423912669
-0.40694302606842453
-0.37391329079672225
-0.35754636630586534
-0.3577137802809893
-0.3397665524408006
-0.33715988363788474
-0.3405446685671051
-0.3384925979109489
-0.32508699751143366
-0.32787087369701573
-0.3202532686758992
-0.31327070283673114
-0.31115514231106806
-0.31153424342241054
-0.3117294485617462
-0.31208122090004986
-0.3127909970179082
-0.31384777875958436
-0.3151835830197165
-0.31744188858469485
-0.3215686529029146
-0.33156605882133255
-0.3453588246850957
-0.3388330257923919
-0.36296173055066516
-0.367862605675833
-0.3649922061648606
-0.37070213157343684
-0.3949674299673799
-0.39868564381959176
-0.4245654203964502
-0.4804698062384951
-0.5426024063498689
-0.5285834142005458
-0.6422135528700965
-0.6744717801755146
-0.6544395600419065
-0.6848331541025353
-0.8245395109581763
-0.8683122238870431
-1.0779650968435595
-1.7546366006514507
-5.1621438274776565
-1.8014771326728931
3.547256344820872
2.7587929777407343
2.643714889714414
3.0131334388125763
1.2472011437622077
1.357916631872617
0.9994680231768878
0.6984355499137312
0.5809677765245369
0.5517733447747232
0.47160951995231604
0.4446951867423189
0.4478306010319364
0.4412441972810907
0.3811400300136989
0.382297117411976
0.3492954485273759
0.3136929126541187
0.29339199504594404
0.28609803187152044
0.26953583251080954
0.26266304469081275
0.26249431151772457
0.2599965671707591
0.24652818547145042
0.25108917532909836
0.23838888947430378
0.22981331817791864
0.226622901397677
0.22487678502015077
0.22337186157246913
0.22273019197791835
0.22233956653237266
0.22220381719984683
0.2223816977646432
0.22303272702448224
0.22428098301596455
0.22786803296962976
0.2345478006886725
0.2357008194196873
0.24405030389224044
0.2503269083015505
0.2523019554959465
0.25658274814004944
0.2687377703620595
0.28012277440952027
0.29164326959043424
0.3192143850610109
0.35643564438500447
0.37592818706583553
0.41800137598133336
0.4697806948866631
0.48359430500816486
0.5093573645693659
0.5855863414002892
0.6787936173378524
0.8613710257821597
1.4604026826608778
4.68010064964549
0.5048245435771619
-2.5052359057393936
-1.4347365197869535
-1.1723406944218302
-1.0768187684986832
-0.7475674808472178
-0.6295858641628999
-0.5362754882380408
-0.42294350675302883
-0.35518121690544535
-0.32646047001370304
-0.29641605833939194
-0.2718375812894249
-0.26219308567311544
-0.2542604357104231
-0.2360024903132102
-0.22021033779985363
-0.21524180556167577
-0.1991882189019208
-0.18787432188430153
-0.18205995159305746
-0.1751480741094952
-0.1729812409573622
-0.17111847962403048
-0.16966698691451967
-0.16886865635468715
-0.1623336463171196
-0.16171748223481425
-0.16135391354898632
-0.1613442921482084
-0.16150026182021715
-0.16322657536162413
-0.16632973403298434
-0.16844504999519327
-0.17041861962442206
-0.17372937805898928
-0.1827761198948701
-0.18585952942839504
-0.19295075370224893
-0.21028249018843695
-0.24083797238449373
-0.22361618098444228
-0.26658458657116924
-0.2968719609734213
-0.3157574016121359
-0.311267211359244
-0.4630291627097104
-0.47073017440665027
-0.5226403608551183
-0.9520996249809416
-8.663506252583003
-1.5084843767443252
1.18115872800124
0.6835406793049996
0.5408310656969395
0.5881977398189153
0.30902074381119826
0.3217077407028224
0.32640894515207475
0.23758599389208404
0.19670962681691137
0.17920967346654207
0.16458394665952675
0.15608015333372627
0.15009613675945505
0.1456417039707265
0.13892171645452495
0.13587169260298004
0.13281063377828253
0.1285228354909019
0.1060129149231893
0.12145001729562561
0.11419886969009721
0.10975843262253321
0.11562813570042967
0.12094710757463935
0.11396734573087629
0.12172430833910515
0.12539481299718144
0.12445262000914045
0.12193650295290284
0.13963289599627884
0.13813671129618396
0.14890761864043767
0.17577506496412093
0.2059523508335793
0.2107627158460033
0.294231935819169
0.35114032270664214
0.3721503317634782
0.4838454794247006
0.11392968484261916
0.6150412847369747
-0.8085277286889843
-0.34239750754518944
-0.24480449008747865
-0.16245728562024003
-0.1557237502885645
-0.14230342379892388
-0.1321181439503912
-0.1245014281980123
-0.11280258818428227
-0.10814670678633091
-0.10176262824999006
-0.086009061990763
-0.05393511237287577
-0.08403844053525959
-0.07224736776482643
-0.07214954855690402
-0.08110678856335676
-0.08775447189957028
-0.07637356786746212
-0.08825778745006872
-0.09417456591726318
-0.08800131684689495
-0.08294374145976421
-0.11880378931553258
-0.10690547075663867
-0.132801351117447
-0.26049550714749875
-0.9312420061351228
0.08689021713635407
0.22555063184336968
0.16367336126327697
0.129503687793912
0.1114721677616396
0.08997877476239304
0.08230782562374496
0.07205331090221133
0.05114158402522742
0.019339021269397426
0.0498638400709136
0.03708616899564409
0.036866688176649225
0.047570747527537774
0.06259545551955359
0.03705198836246578
0.10265161965115525
0.1854884199965824
-0.03225285340056855
-0.06572502985224773
-0.0469265144336108
-0.0404714602869509
-0.029913194540541786
-0.013538724773423001
0.005424141663244027
-0.010163504027049509
-0.00333106969356517
-0.0021115621425263813
-0.004750058201144761
-0.007254324789939125
-0.0011923326800596182
-0.0038484671879723212
-0.004139242023126371
-0.0010092104303850492
0.0032168138461349817
-0.00196460018933915
0.0009306901513238356
0.0005635713194177942
-0.0018269170942464207
-0.0029453932151979165
-0.0004495503521146268
-0.0012081791933932755
-0.0008340505525201232
0.0003916232504864925
0.0004874650449291722
-0.0004984116505750055
0.0013490966724584532
-0.00017638226174666126
-0.0011066602015824057
-0.002541646958415411
-0.00011587222339873116
-0.0015359388071234273
-0.000954690845522551
0.00033990098768511736
0.001367056089431277
-0.00014510869291476625
0.0003580648988119987
0.0000483892975092884
-0.0007700828693495822
-0.00010315602069526974
-0.0007090848276339965
-0.0011955817688476293
-0.0002996761266118841
0.0007588785811984414
0.0012910405824026771
0.00012221287430713747
0.0005776114655295017
0.00008301797846576194
-0.0005778991442057922
0.00011548564346812954
-0.000926745017189386
-0.00025595285684958693
0.00039635118218097525
0.0008505721527693562
-0.0002001618357390289
0.0004353074197373665
0.00021862082759878328
0.0002434086604558129
-0.0006133920821662743
-0.0008827526976795379
-0.0009840942828637702
-0.00014049040513925356
0.00012037142569338098
0.0006957919087130463
-0.00043118365207116645
0.0008993456817694954
0.0007824390538454154
0.00003708357641448026
-0.000660652477621847
-0.0005740362752011543
-0.0006608112881434706
-0.0003963693759442186
0.0007798280442937804
0.0007012438608224659
-0.0006975522404537421
0.0011440308108398598
0.000029613904428548156
-0.000879306243464772
-0.0006595737119207244
0.0004349900810395751
-0.0007781761597985427
-0.0003133244394098689
0.0008100034899028632
0.0006914793126764189
-0.00014782109527977248
0.001125758305796616
0.00006992562758174313
-0.0009294317911564744
-0.0008463011081028897
0.0005072427536873193
-0.0011717175327482941
-0.00013876450190065929
0.0003908801676748119
0.0008908962650345469
0.00022571084672325534
0.0012981900598124142
0.0005431875795641755
-0.0009559352821298263
-0.000769318968807927
-0.00005144331104707476
-0.0014331271969673252
-0.00006749500750136467
0.0005138458429759209
0.0007139671542879947
-0.0006907712306721304
0.0011503969319517323
6.381904291261792e-6
-0.0007777861984073531
-0.0008259314909941396
0.0008872174040694468
-0.0014220627512631489
-0.00018942215446330276
0.0011058679663707516
0.0007994887469819135
-0.0009522955687837106
0.0014407022962575665
-0.000027071365094805922
-0.0011567406813600865
-0.0007790799867395372
0.001095547288761123
-0.001522560828623355
-0.00018117064527735933
0.0011753943679725213
0.0008237440900148486
-0.0011368856716142245
0.001545378558425158
-0.00004068331061065597
-0.0011929807473691513
-0.0008517895392744437
0.001120449015928984
-0.0016108066354050899
0.000029633997795638474
0.0012262934919458682
0.0008112302186896066
-0.0010937777322358162
0.0015297544931807718
0.00012389533163608093
-0.0012239235212302242
-0.0008324115251086737
0.0010972880715282175
-0.0014084296275776824
0.00003086465090868082
0.0012151504169300336
0.0008942124686550696
-0.0007434543987448678
0.001477844816565434
0.0001480540824356188
-0.0012619845114984333
-0.0007992829424882084
0.00109012423040112
-0.001558264686521108
-8.114162332305962e-6
0.0012055708032794276
0.0008352274815744066
-0.0011427710919072699
0.0016003492908213965
0.000019285884961585186
-0.0012601007507917986
-0.0008069047562689941
0.0011040337126345995
-0.0015538141316873038
0.000030468009007895155
0.0012717986078027144
0.0007921213412108314
-0.001052147631217763
0.0013997120383151956
0.00011954343591544975
-0.0012331724453355627
-0.0008767303112471308
0.0010854093077584722
-0.001657695676557926
-0.000016760249259711923
0.0012231888406229884
0.0008209633188876209
-0.0010625944405766813
0.001557118327281698
-0.00006731771347046858
-0.0010345496050849423
-0.0008717286045382178
0.0012271347361851091
-0.0015232865302571995
9.29850648647156e-6
0.0013128151314659895
0.0008813601853388661
-0.0010296632209016844
0.0014503215649195017
-9.548325216146155e-6
-0.0012918106451540003
-0.0007704020092398538
0.001101135969336173
-0.0016373273029980466
-0.000016376142729686133
0.0011126793257387121
0.0007738474352263836
-0.001087646059005338
0.0015441002775973373
-0.00008171203853573478
-0.0012231693814944034
-0.0008918320943608845
0.0013754122076645925
-0.0014799803114621177
0.00009607822106701486
0.0013446640417342389
0.0008267097754046887
-0.0012491314061195188
0.001554024480008743
-0.000100396312350781
-0.0013724987932321301
-0.0007625081345428009
0.0011937535788723677
-0.0016369594478948268
0.00009392652803144372
0.0012685243109129033
0.000829498275544126
-0.001311390583793227
0.0017536621045072737
-0.00013358171084638349
-0.0014520576939517028
-0.0008086065751701108
0.0013550483031867628
-0.0016597330658650372
0.00015637940586776873
0.0013904281183992162
0.0007780308790996687
-0.0012638361663955737
0.001718561589890165
-0.00009708256767379963
-0.001450349363876483
-0.0009051323415741497
0.0012563094665116435
-0.0016347264626086658
0.0001050204879925672
0.0015210405237544426
0.0008936894355204959
-0.0014731890185356216
0.0017140418484993076
-0.0001322917227405771
-0.0014589734433725465
-0.0008858881399884173
0.0014178864557004764
-0.001731994382752257
0.00017287072304780275
0.001400560100535874
0.0008415578292229611
-0.0015339860814269203
0.0017029883833700684
-0.00010909631368091662
-0.0013608740606558052
-0.0009630254201213546
0.0015020143609193327
-0.001736447572428854
0.000166220314998791
0.0015898391960604593
0.0008702127802564233
-0.0014894118524128026
0.0017308036332221893
-0.00019585031075719468
-0.0014812259938114473
-0.0008854103150046547
0.0014819983117210236
-0.0018443200027704555
0.0001641001966947979
0.001494033279428696
0.0008905824745815237
-0.0015374875789961337
0.0018907692364536304
-0.00019141988845030927
-0.0016050305460236416
-0.0008796615051336034
0.0014712282532043383
-0.0017806994706621188
0.00016930627215032924
0.0015234269477400453
0.0008934939325533544
-0.0014603316623594703
0.001882605406234043
-0.00021344260227086363
-0.0015709034106660114
-0.000926413952262886
0.0013974644697024247
-0.0018789436466365877
0.00020544819352815753
0.0017074870620932235
0.0008599623962252872
-0.0015052770665591219
0.0019277487126388973
-0.0002018959177557471
-0.0016143591085686468
-0.0009073475644254578
0.001605000952456224
-0.0018946712611228524
0.00020936439746189667
0.0016312462324240284
0.000892921709258627
-0.0015224832025671161
0.0018839194153092282
-0.0002104848704796811
-0.0016193248644784408
-0.0009155379893985778
0.0016243252228957878
-0.001899927592939563
0.00017496704968345575
0.0016865149132325543
0.0009235216455514317
-0.0016083402557222181
0.001903962660846808
-0.00021008350025877642
-0.0017100866908437995
-0.0009182474865213464
0.0015990888249136819
-0.001989685955358369
0.00021909748111976587
0.0016443325213675885
0.0008981373192106197
-0.001539348779811279
0.0019132582328801344
-0.00017650410997455086
-0.0017029854452671471
-0.0009239860313160251
0.0015846228941736884
-0.001991854885704386
0.0002050528405576289
0.0016565352920394848
0.0008963954254067422
-0.001595231029650023
0.001955581462531542
-0.00023540535222466293
-0.00167476929220493
-0.0009551206780733468
0.001628441351164043
-0.0019500905675251545
0.00021444827398794432
0.0016665246797752805
0.0008858578213480336
-0.0016121690317713539
0.0019878605251737753
-0.0002120633460063302
-0.001685127003732581
-0.0009090067064469524
0.0015413330701303342
-0.001988157924001258
0.00018977266126408388
0.0016658267062740159
0.000908841497392765
-0.0016294931701320147
0.0020065526627214706
-0.0002067906855213558
-0.0016935158831236194
-0.0009097454579482681
0.0016879495241012555
-0.001960283599249759
0.00019627603507178787
0.0016068411834633902
0.000954063451592763
-0.0016048319089759298
0.0019086538459295612
-0.00019869855641731148
-0.0016677833782689474
-0.0008988930075640814
0.0016013199500777501
-0.0019404942862536474
0.00021985388995946048
0.0017069091515655413
0.0009164157485114246
-0.001614946430765569
0.001985348645422433
-0.0001919221422218372
-0.0016804017220419744
-0.0009484054920062349
0.0015469200556619438
-0.0019507956254806575
0.0002392851055226494
0.0015973749440847279
0.0009283880823008485
-0.0015285545873881716
0.002008607861170469
-0.00019971181336212094
-0.0016887649821666784
-0.0009476115790801414
0.0016258434242646274
-0.0020264394958116323
0.00020516465646361277
0.0017509989275650746
0.0008925317527322194
-0.0017407948874554444
0.0020222100871057375
-0.00019091455221055916
-0.0017185729013370226
-0.0009624587875512612
0.0016389691941814297
-0.002001315566409837
0.00019370800124080716
0.0017309320276459907
0.0008863208263940458
-0.0015738976059809062
0.0019212639492794078
-0.0001931017971402516