0.08333302718596951
0.08329258294728187
0.08313994586947812
0.08264880202100126
0.08015770763518107
0.09089577479823967
0.08711009306461696
0.08663107311728431
0.08667074219551112
0.08691132124026518
0.08726950914185883
0.08771475136225099
0.08823381748260446
0.08882058392289942
0.0894723305663656
0.0901881791032659
0.09096836049926305
0.09181384432640571
0.09272614146946571
0.09370719651444348
0.0947593297396237
0.09588520832172838
0.0970878358897149
0.09837055443113932
0.09973705518574259
0.1011913966478246
0.10273802868710279
0.10438182235606598
0.10612810532921657
0.10798270319587572
0.10995198705661301
0.11204292807101633
0.11426315980674447
0.11662104944886402
0.11912577916244424
0.12178743917419184
0.12461713445430585
0.12762710726678222
0.1308308783179167
0.1342434098011566
0.1378812943361674
0.14176297466655716
0.14590900006232582
0.15034232673097978
0.15508867125583314
0.16017692826000854
0.16563966628516555
0.1715137194681118
0.17784089727074456
0.18466884062753688
0.19205206094233968
0.20005320910543578
0.2087446361415233
0.21821032670432378
0.22854831355029892
0.2398737185091893
0.2523226180478751
0.2660570064893195
0.2812712384087664
0.2982004911875496
0.3171320272684753
0.3384203994767808
0.36250830944321744
0.38995573265796846
0.4214814021732673
0.4580232339824262
0.5008286145426285
0.5515933119549837
0.6126825714991223
0.6874973245967391
0.7811102711985424
0.9014363398501933
1.0615465305959557
1.2846815565094465
1.61652730701071
2.160926015642048
3.2155612139873195
6.119136158315307
47.190615563398175
-8.37875459865728
-3.940077285873509
-2.6054993496417764
-1.9638096884403007
-1.587420124019395
-1.3405683615103954
-1.166652082150136
-1.0378767078166233
-0.9389989382894753
-0.8609622709523886
-0.7980487682180919
-0.7464717704069277
-0.7036252241317597
-0.6676580049108535
-0.637220142994749
-0.6113050830848739
-0.5891481089803633
-0.5701589233083078
-0.5538757092669502
-0.5399331069763544
-0.5280394399554814
-0.5179602351148633
-0.5095061152755974
-0.5025237883782441
-0.4968892693369853
-0.49250273921387216
-0.4892846253544858
-0.48717260762677617
-0.4861193399343493
-0.4860907353839306
-0.4870647060517555
-0.48903027959332734
-0.49198703861504894
-0.4959448472819551
-0.5009238448772226
-0.5069546993124665
-0.5140791260057445
-0.5223506900718702
-0.5318359233564967
-0.5426158035577756
-0.5547876617812234
-0.56846760901852
-0.5837936034519824
-0.6009293222927826
-0.6200690585277965
-0.6414439410404953
-0.6653298858207011
-0.6920578411729086
-0.7220271137542078
-0.7557228907031677
-0.7937395634505032
-0.8368122049958362
-0.8858597121289059
-0.9420449687538517
-1.0068603973237393
-1.0822523236295973
-1.1708063592085236
-1.2760318173167127
-1.4028128940524673
-1.5581530216684303
-1.7524616034019476
-2.0019079020345907
-2.333040178707168
-2.792699045331576
-3.471975455388592
-4.574600383010952
-6.668887227271694
-12.162612660613254
-63.74076788759718
19.9405578059906
8.744102721075098
5.643663428719355
4.193056313111506
3.3540878519582598
2.8086674104874585
2.4267478476995503
2.1452698316537178
1.929956208051104
1.760577527694215
1.6244289459351138
1.5131335209701713
1.4209480246079018
1.343807277115317
1.2787569254509723
1.2236022213702549
1.1766826404376194
1.1367227850363593
1.102731145444682
1.0739298037907963
1.0497046891175768
1.0295698195807612
1.0131412844582908
1.0001181606210707
0.9902684793506834
0.9834189629743456
0.9794476567353253
0.9782788625241877
0.9798799832739418
0.9842600396667461
0.9914697446719481
1.0016031314756966
1.0148008392197732
1.0312552810664335
1.051218064672443
1.075010224759589
1.103036087651024
1.1358019584441235
1.1739413658476203
1.2182494195670945
1.2697301001916674
1.3296623025602032
1.3996937030137533
1.481976952209889
1.57937207050747
1.6957557063622601
1.8365092427114074
2.0093190931494296
2.22554972816768
2.502732145368554
2.8693902907044
3.375243459832246
4.115362754902648
5.297120052187505
7.47540667754241
12.804980916582572
45.61256251698969
-28.692133708323407
-10.900101421002072
-6.720319882423319
-4.857226392539039
-3.804679469238557
-3.1295638282442897
-2.6606967547302913
-2.316830297210589
-2.0544503092753685
-1.8481525398714613
-1.6821117620524448
-1.5459580904602244
-1.4326148069591815
-1.3370891460782675
-1.255759586306815
-1.1859370613259594
-1.1255846855699776
-1.0731330048254304
-1.0273548553545617
-0.9872785657421469
-0.9521264900316357
-0.921270678279675
-0.894200391364523
-0.8704979623396659
-0.8498206460480995
-0.831886838530048
-0.8164655379552247
-0.8033682501983483
-0.7924427704891247
-0.7835684328141428
-0.7766525336848419
-0.7716277212718277
-0.7684502049348484
-0.767098690619343
-0.7675739898050802
-0.7698992874852161
-0.7741210915711907
-0.7803109254650537
-0.7885678710444329
-0.7990221256701646
-0.8118398101115591
-0.8272293635754578
-0.8454500002847953
-0.8668228995045744
-0.8917460888132853
-0.9207144090816561
-0.954346601061245
-0.9934225656849363
-1.0389354606077006
-1.0921659255501264
-1.1547901511801615
-1.2290411892388224
-1.3179567562825711
-1.4257728586487324
-1.558574140992082
-1.7254200200107896
-1.940408963234548
-2.22673955839015
-2.6254546627032767
-3.2166674154421457
-4.180542283075623
-6.024296855008493
-10.939935569353649
-63.105415837117484
16.242977699637244
7.172786588448083
4.585325489897254
3.362610879901229
2.6514736131626617
2.1872265999331764
1.860913274456178
1.619466217838617
1.4339471499267964
1.287234298694585
1.1685510251751754
1.0707768799390627
0.9890192778252305
0.9198062766559142
0.8606066640409732
0.8095323279789257
0.7651469537423767
0.7263392308238974
0.6922365500474206
0.6621448770302019
0.6355059945740613
0.611866538926687
0.5908552124616111
0.5721657710006126
0.5555441606163564
0.540778681971343
0.5276923981602585
0.5161372266282274
0.5059893138129832
0.49714539996834306
0.4895199593065284
0.48304295695842037
0.47765810543401116
0.47332153443828673
0.4700008112741916
0.46767426810030044
0.4663306078751766
0.46596877426703914
0.4665980833080905
0.46823862702306834
0.47092197360606114
0.4746922031914226
0.479607338765642
0.4857412554687794
0.4931861845312395
0.5020559719869548
0.5124903139009963
0.5246602757192224
0.5387755290649683
0.5550939206138827
0.5739342615066838
0.5956936396800018
0.6208712037841764
0.6501013945847218
0.6842012798254093
0.7242394746237142
0.7716390427056725
0.8283356415746858
0.8970288778710949
0.9815979099693594
1.087821772676241
1.224701318013864
1.4070637080492456
1.6611810632351491
2.038444995895902
2.6548013871751817
3.8384501254253367
7.024549967420631
43.48371237344461
-10.042060292070513
-4.4961781056887755
-2.8869992970617044
-2.1223613238266084
-1.6764070641406756
-1.3847978598174624
-1.1796140517470297
-1.0276905208223006
-0.9109095643973923
-0.8185374152530928
-0.7438113168918519
-0.6822594233323321
-0.6308071928483044
-0.5872718322655054
-0.5500614722030911
-0.5179884715202588
-0.4901493450844393
-0.4658451437858197
-0.44452724108673014
-0.4257595510633189
-0.40919165934781543
-0.3945393649813265
-0.38157036622507995
-0.3700935791889502
-0.3599510717004195
-0.35101190745680844
-0.3431674085437796
-0.3363274847799843
-0.3304177807703401
-0.32537745992673855
-0.3211574875616384
-0.31771932269821335
-0.3150339457963488
-0.31308117249179923
-0.31184922348532423
-0.3113345289152829
-0.3115417625800999
-0.3124841106889096
-0.3141837922549645
-0.3166728672908083
-0.319994377790296
-0.3242038991759847
-0.3293716020448615
-0.3355849688947623
-0.3429523700417611
-0.35160778104870033
-0.361717054033963
-0.37348632949674115
-0.3871734623766215
-0.40310376369754963
-0.4216920586527264
-0.443474195876336
-0.46915306652689054
-0.49966754539672037
-0.5362988485281549
-0.5808403204334446
-0.6358796269804962
-0.7052908862699084
-0.7951447128872153
-0.9155183893456508
-1.0844497762233871
-1.3377248665586683
-1.7578129321414973
-2.5867738547646186
-4.97314670864548
-61.740396775898574
5.5946051383018
2.6923654290080243
1.7678056260124566
1.3141501318210094
1.0452175063127098
0.8676518806231035
0.7419368014024801
0.6484757640905263
0.5764464519813591
0.519385393406063
0.4731951113903051
0.43515307143905313
0.4033803357474089
0.37653899633757354
0.3536511940153137
0.33398628218128384
0.31698800550119327
0.30222605490767945
0.2893630043870568
0.2781312314420375
0.2683164808477383
0.2597459661097334
0.252279629534304
0.24580363877759792
0.2402255101438696
0.23547042774020766
0.23147845619226962
0.22820245294426195
0.22560651887917477
0.22366489360651073
0.2223612275176838
0.2216881792730992
0.22164733524586036
0.22224943300763786
0.22351491909701024
0.22547488638024987
0.22817246078620684
0.23166474453905672
0.23602548102550752
0.24134868128836454
0.24775354782892045
0.25539121139952264
0.26445404251960863
0.2751887079626825
0.2879147969507922
0.30305195262282675
0.32116036402996273
0.3430029292211083
0.3696438926439234
0.40261158364824723
0.4441797080615295
0.49788179525265625
0.5695203451384101
0.6693314615400392
0.8172123143529297
1.0576266877687197
1.514413157514677
2.710318545911086
13.62239447830563
-4.341986928715217
-1.8687986002314907
-1.1865350003727817
-0.8678997109353475
-0.6838514356153432
-0.5643245046429028
-0.48069978166622357
-0.41910865773813577
-0.3720160934318408
-0.3349768460197952
-0.3052000642228266
-0.28084620859809
-0.2606545109595888
-0.24373290195230843
-0.2294333903068633
-0.21727488083941304
-0.2068937124871652
-0.1980109141738389
-0.19041005509361422
-0.1839218518632707
-0.17841331844631167
-0.17378002290118913
-0.16994049806675846
-0.16683223542020123
-0.16440880362859384
-0.16263788762383555
-0.16150002513342823
-0.16098801081490588
-0.16110681419190587
-0.16187416763623136
-0.16332177198531422
-0.16549726581948937
-0.16846727191412986
-0.1723217316639564
-0.1771801999816887
-0.18320084572822914
-0.19059357670956892
-0.19963948657117106
-0.21072036830045765
-0.2243647627349336
-0.24132238690145966
-0.2626896467171893
-0.29013206670328234
-0.3263038636818632
-0.3757037933281713
-0.4466068006329945
-0.5560673495928438
-0.7457457614852206
-1.1512507316970164
-2.607627140883558
8.524629895433286
1.6106769595034336
0.8821647624044092
0.6056652042503555
0.4606571089451272
0.3717190035777207
0.3118575832687662
0.26901782864507073
0.2370076471083384
0.21232198697086688
0.19282974932893904
0.17716246138362005
0.16440292196984616
0.15391516350813114
0.14524625028488664
0.13806692371200902
0.1321343168457338
0.12726795633744029
0.12333379505458021
0.1202337058456916
0.11789840329370936
0.11628293068340917
0.11536423937865319
0.115140053827846
0.11562971331061953
0.11687640594023604
0.11895171207808132
0.12196297167747587
0.1260651075775457
0.13147918202302394
0.13852237029481004
0.14765750103101852
0.15957872380985005
0.17536740526954206
0.1967959312226246
0.22697258459002118
0.27187738566782593
0.34465224893456015
0.48086215793377546
0.8217229513241265
3.1192718550694165
-1.626201503813605
-0.6377677951361539
-0.3937635957565305
-0.28395628870643363
-0.22192336680572303
-0.18234510848504742
-0.15512130059603152
-0.1354342528664431
-0.1206992821768628
-0.10940950418637889
-0.10063198642569876
-0.09376327157091345
-0.08840154396063372
-0.08427611695957793
-0.08120648821862138
-0.07907905682474646
-0.0778344672681849
-0.07746272060325997
-0.07800555305970909
-0.07956664388948459
-0.08233388440661694
-0.0866224191607876
-0.09295694658939975
-0.10223981800974222
-0.11612215532273176
-0.13793488854671704
-0.1754858037503831
-0.2522602726873657
-0.48592693455463615
1.6961813843709341
0.45077205226924283
0.22054820070960865
0.1442619683300891
0.10670577437811869
0.0847025343879111
0.07052654586353162
0.060884027193620016
0.05415382601994179
0.0494710016108906
0.04636838308089926
0.04462895340214113
0.04424122840335506
0.04544215554540919
0.04890753451926327
0.05637952198868465
0.07317665701429563
0.12502655151918599
1.4620718927129905
-0.1078958568406385
-0.046577599309482215
-0.02734543488012486
-0.018176521997023857
-0.01292921438033146
-0.009596577710060268
-0.007331327748681114
-0.0057152777456803685
-0.004519166128250662
-0.0036073940699623036
-0.0028947507396178446
-0.0023258337720904482
-0.0018623505131759612
-0.0014779137430369887
-0.001153169677792352
-0.0008741229839716331
-0.0006300908654424206
-0.00041286576195316327
-0.0002161572681206686
-0.00003496712450859582
0.00013466825336645754
0.00029592546735614743
0.00045178243421055956
0.0006041638839387172
0.0007553378171358349
0.0009068038507852721
0.0010601158690036747
0.0012163181419761815
0.001376974447062005
0.0015428980236470258
0.0017152624064680057
0.0018950023508623002
0.002082819831926837
0.0022799611302251367
0.0024871620570967225
0.002705185069841317
0.0029349401376469178
0.003177319063498528
0.0034331117379962956
0.0037031508473305344
0.003988743717195217
0.004290265401206459
0.004608916313172819
0.004945576735830092
0.005301534932134184
0.005677353923391627
0.006074393932669443
0.0064935694640277436
0.0069363679033593246
0.007403208172916926
0.007895906802040938
0.008415818361088144
0.008963918590105355
0.009541539128549511
0.010150391797561744
0.010791366624711604
0.011466570956399833
0.012177040457524619
0.012924850916089251
0.013711658833844526
0.0145387671149212
0.0154084043242965
0.016322197799127268
0.017282067761085998
0.018290468207221983
0.019348460981668553
0.020459428590111448
0.021625230220268778
0.02284720567021698
0.024129261460360037
0.0254725088772179
0.02688062180360944
0.028355615972593437
0.02990112621298358
0.031518541702237626
0.03321174080810218
0.03498427221391816
0.036837531483661735
0.038776965148582726
0.0408045530782657
0.042924194535840565
0.04513970657245104
0.04745438098020655
0.049872949628602864
0.052398621448695074
0.0550352335224213
0.05778786158426742
0.060660919064060265
0.06365828394267645
0.06678541046648988
0.07004661673075929
0.07344686274788595
0.07699174764779165
0.08068675497783015
0.08453717761664643
0.08854901814914046
0.09272774464078609
0.09707926471594285
0.10161108016061146
0.10632704925253203
0.11123656200127996
0.11634619011253812
0.12166199204055951
0.1271906371487664
0.13294112983090955
0.13892139792642613
0.14513793134141584
0.15160049297440195
0.15831674284171637
0.1652967748562603
0.1725473763551544
0.18007954596409528
0.18790246010046568
0.19602550114969555
0.20446061329472182
0.21321596072163418
0.22230324209452243
0.23173379243745007
0.2415194811324925
0.251671613972848
0.2622014387232944
0.27312271085797324
0.2844479684858497
0.29619028324096297
0.308364013269485
0.3209805546491037
0.334056294960136
0.34760671766966955
0.3616450743310904
0.3761872058278351
0.391250953686448
0.40685405134387476
0.42300720965879524
0.43973519189918253
0.4570499814172542
0.47497373978650187
0.49352439320554714
0.5127228824862757
0.5325837994925341
0.5531354610294823
0.5743938586817465
0.5963830537489928
0.6191218704910434
0.6426379132397425
0.6669507860104823
0.692087661811944
0.718071651698704
0.7449250091498705
0.7726817246597709
0.8013617254001857
0.8309942531756714
0.8616105492546015
0.8932330526311132
0.9259001690961595
0.9596359072610424
0.9944701234015556
1.030443908303212
1.0675817717982217
1.1059233905485921
1.1455001299632142
1.1863438887146913
1.2284978138990217
1.271996539165035
1.316879294925881
1.3631809751299067
1.4109515019900616
1.4602214151786284
1.511041933877284
1.5634464962551435
1.6174884483530676
1.6732155260179948
1.7306640901282828
1.7898907246771525
1.8509420382261146
1.9138643328110199
1.9787119533890665
2.0455445539864474
2.1144062210827714
2.1853547871251577
2.2584521261471138
2.333754996686991
2.411315997666512
2.4912063497770935
2.5734827181843993
2.6582017920878647
2.745447667196072
2.835272743018713
2.9277484190443985
3.022947558499659
3.120947660877201
3.2218083654189473
3.325612579818341
3.4324404779245574
3.5423674949548154
3.6554698343520267
3.7718545935091083
3.8915724972244212
4.014728456965045
4.141410186008763
4.271699455286565
4.4057064895413784
4.5435002504903785
4.685208061566212
4.83091183271016
4.980719608811091
5.134732291867389
5.293051039651973
5.455781571884605
5.623051262006245
5.794968496498958
5.971645505338019
6.153199132848796
6.3397523153772255
6.5314404657745095
6.728371004648441
6.93068631817648
7.138520549389361
7.3520104366963785
7.571276771542607
7.796481231274388
8.027758556878602
8.265260252895072
8.50914059317783
8.759550970504506
9.016659591541535
9.280607192740316
9.551573688381936
9.829706024023361
10.115194974076735
10.40823901746752
10.708982731982163
11.017611285040928
11.334331952975774
11.659311191764845
11.992772492735863
12.334879113387878
12.685881039901943
13.045947989313563
13.415319701052645
13.794172092397627
14.182787138803011
14.581340093564487
14.99007778015236
15.409255973090925
15.839081292974104
16.279838743580203
16.73174242764109
17.19506052592363
17.670049723106025
18.15698316698947
18.65612727797595
19.167792355145448
19.69222616927298
20.229723762906747
20.780570910878776
21.345074510842597
21.923580526570976
22.51635287596871
23.123722682223935
23.746063356316633
24.38361009689451
25.036792215165992
25.705885127195224
26.391322996501852
27.093396187280568
27.81252995677381
28.549050501966203
29.303350655606472
30.075840645366597
30.86689449194246
31.67695220555962
32.50636730641862
33.35562907314045
34.22510673766612
35.11527873290697
36.026583041373634
36.95950994476531
37.91448431158434
38.89195170420327
39.89240194707518
40.91640302123147
41.96439298018163
43.036898219416535
44.13441681018694
45.257590569158104
46.406766988022845
47.58258880473829
48.785676372205096
50.01663204104378
51.27583586380952
52.5640623271408
53.88189501042009
55.229892308251834
56.60876797130503
58.019094107327746
59.46155636001863
60.93670445512005
62.44540319437184
63.988288387976205
65.56603471033351
67.17928162078552
68.82894938183217
70.515522212473
72.240022351026
74.00311890448097
75.80551228264865
77.64818334950071
79.53162645949091
81.45714225186745
83.42515609018768
85.43667867143803
87.49271092273989
89.5939723274562
91.741552472827
93.93609703501237
96.1787173496439
98.47055404702
100.8123408408873
103.2049587897262
105.649694616024
108.14748013551583
110.69936271142663
113.30644370547557
115.96977053312351
118.69038055459991
121.46961916944939
124.30849217845416
127.20789704741576
130.1695942816226
133.19426196180564
136.28337066773685
139.43836194980042
142.66024443134305
145.9502881965485
149.30997269717048
152.7405642073325
156.24347426403324
159.81995307395132
163.4716099301501
167.19962056250506
171.00568639719287
174.89142484880426
178.85791105379485
182.90714280204787
187.04023512409148
191.2592473136885
195.56549211749783
199.96074760084701
204.4465030028279
209.02465262294925
213.69706145018435
218.46518053159602
223.331082316531
228.2963090877679
233.36310199534705
238.53304534071052
243.80803839859018
249.19018529389237
254.68137682360404
260.2839375641331
265.99937349317514
271.83026181431
277.7785401968478
283.84615887277437
290.0356761299888
296.3492741300901
302.7890102479781
309.3572349543241
316.0566619006052
322.889043174487
329.85720948872427
336.96401091647914
344.2109739618757
351.6013436625905
359.137741619377
366.82253395702276
374.6582344295056
382.64808685486014
390.79433710385763
399.1000206799427
407.5680778341188
416.2014659964079
425.00283590346805
433.97542149274756
443.122526684584
452.446067584345
461.95059790706165
471.6385534590658
481.5136819571038
491.5788518530142
501.8374301820277
512.2933815738161
522.9489128311861
533.8089786185889
544.8765311333739
556.1548168948867
567.6485023280827
579.3604728100124