-6.509197336656314e-20
7.221839684350485e-16
9.997606059492826e-15
5.4066490391850926e-14
1.8945552797277943e-13
5.166832015064774e-13
1.1919525375196042e-12
2.438421163664785e-12
4.5622778134942874e-12
7.961116471623507e-12
1.3140443381169634e-11
2.0725143525880352e-11
3.1472185548868106e-11
4.6287111184486895e-11
6.623119832366074e-11
9.254564258811503e-11
1.2665297611042068e-10
1.7018298328210056e-10
2.2498168163534488e-10
2.9312923131087684e-10
3.769476777423541e-10
4.790304321955302e-10
6.022465984455368e-10
7.497626256427139e-10
9.250606773474496e-10
1.131951751202696e-9
1.374597543307377e-9
1.657530704893339e-9
1.9856667695888756e-9
2.3643357266212893e-9
2.7992867594384174e-9
3.296728150430143e-9
3.8633322208281675e-9
4.506270669717599e-9
5.23322795251076e-9
6.0524337965077364e-9
6.97268555305608e-9
8.003373554728708e-9
9.154504362879189e-9
1.0436741517169396e-8
1.1861421056684467e-8
1.34405890166002e-8
1.5187027447997136e-8
1.7114294886274695e-8
1.9236759101220098e-8
2.156962567704688e-8
2.41289810585983e-8
2.693182954012205e-8
2.999613118728136e-8
3.334085137387936e-8
3.6985988695929106e-8
4.095263986052227e-8
4.526303240827309e-8
4.994057133424413e-8
5.500991516155094e-8
6.049699278173327e-8
6.642909432595456e-8
7.283490408753598e-8
7.97445725007788e-8
8.718978470721224e-8
9.520381933823071e-8
1.0382160976144363e-7
1.1307984301202885e-7
1.2301700974735316e-7
1.3367349845621712e-7
1.4509166788390503e-7
1.5731595319648816e-7
1.703929408951851e-7
1.843714537464262e-7
1.993026846558544e-7
2.1524026941084913e-7
2.3224042258794676e-7
2.503620241523677e-7
2.6966676830001873e-7
2.9021926524409027e-7
3.120871971174809e-7
3.3534144281790245e-7
3.600562137515711e-7
3.863092605005444e-7
4.1418192849251247e-7
4.437594517916442e-7
4.75131052078308e-7
5.083901347356545e-7
5.436345026515172e-7
5.809665628667174e-7
6.204935254049207e-7
6.623276392868294e-7
7.065864474830835e-7
7.533930189560503e-7
8.028762349447345e-7
8.551710311307469e-7
9.104187453395412e-7
9.687673778869664e-7
1.0303719947877637e-6
1.0953949551765369e-6
1.164006381314337e-6
1.2363844967322863e-6
1.3127160633866573e-6
1.3931967590477194e-6
1.4780316816988817e-6
1.5674357791305164e-6
1.6616344049012674e-6
1.7608638341159063e-6
1.8653718054154418e-6
1.9754181450282988e-6
2.091275404709101e-6
2.213229489001203e-6
2.341580461675751e-6
2.476643182733783e-6
2.6187481122472646e-6
2.7682422992059673e-6
2.925490142499149e-6
3.0908743397507055e-6
3.264797044957574e-6
3.4476806035375035e-6
3.639969259810627e-6
3.842129746904802e-6
4.0546530799197465e-6
4.278055480505906e-6
4.512880337770069e-6
4.759699240789768e-6
5.019114031621591e-6
5.291758465866319e-6
5.578300063671722e-6
5.879441901862332e-6
6.195925421383339e-6
6.52853147482678e-6
6.878084747054956e-6
7.245454252945903e-6
7.631557439776337e-6
8.037362940823189e-6
8.463893279241841e-6
8.912229967396732e-6
9.383514059699013e-6
9.878953226715444e-6
0.000010399825118526323
0.000010947480438387921
0.000011523350171774518
0.00001212894968489684
0.000012765883648813566
0.000013435852890664544
0.000014140662952297622
0.000014882227076024173
0.0000156625774318476
0.000016483873831193566
0.000017348406146712298
0.000018258617270617548
0.00001921709461155421
0.000020226597623874083
0.000021290070916495144
0.000022410643461357883
0.00002359164936707972
0.00002483665667845358
0.000026149458325885978
0.000027534122150186817
0.00002899498524909347
0.00003053668399149783
0.00003216419348611392
0.00003388283114862526
0.000035698292478300635
0.00003761669482979378
0.000039644604507447804
0.00004178910861180687
0.000044057737260282855
0.000046458694394385127
0.00004900071675209514
0.00005169333016241622
0.000054546700342853686
0.00005757196142053093
0.000060780957596108024
0.00006418660106735977
0.00006780287351876501
0.00007164493751456096
0.00007572932471119952
0.00008007371515698694
0.00008469785238565688
0.00008962264152376539
0.00009487117800822809
0.00010046925583045107
0.00010644365848517685
0.00011282507851597018
0.00011964591076998043
0.00012694272288370917
0.00013475612937664542
0.00014313060792901612
0.00015211264555965793
0.00016175717396669145
0.00017212188488239174
0.00018327749389920238
0.0001952910672013835
0.00020824542011575747
0.00022222914517692411
0.00023735281359479947
0.00025370973659765
0.00027145119159491135
0.00029072386291764354
0.0003116132847285174
0.0003344125317899443
0.00035924609945641985
0.00038642033459153824
0.0004161075902713654
0.0004487383048963512
0.00048447914075808526
0.0005240334760793095
0.0005674793779288976
0.000615530280797201
0.000668959654912171
0.0007281904418717155
0.0007941278237786766
0.0008677404439245213
0.0009509444143601842
0.001043697882461875
0.0011499252102731027
0.0012691888458295005
0.0014037394041798424
0.001558141814644109
0.0017238931248290284
0.0019440439433503981
0.0021661868031626575
0.0024811615825006857
0.002775942650767292
0.003050789166208672
0.0037031412788861196
0.004643927133961451
0.0046166216290721065
0.003939579356003326
0.004979949587723421
0.011809422370773946
0.002320481923100435
-0.008166656417339066
0.025061077747215506
-0.06112644108249788
0.0476817894252998
-0.04083730750517083
-0.11781033493431295
0.40171386475140514
0.021018585746275183
0.019195639406491476
0.14532747260477274
-0.04677703390708301
0.058442756095893326
-0.004588323396580107
-0.0034195313573099455
0.020599322733779856
0.002830993220468374
0.006610977496802437
0.006045834470313387
0.007319377287197942
0.006467633963140867
0.004897526357893599
0.004668001420244962
0.0043440437918893324
0.00428785595906234
0.0036988199929820385
0.003473964388524904
0.0032313091150130624
0.002996471032200534
0.0028012680753484367
0.0026141743634446745
0.0024565029028814586
0.0023122022426140198
0.0021822974194848355
0.002063962874938579
0.0019552729460382734
0.001858260139250812
0.0017683995207214741
0.0016859695993493317
0.0016101905981698093
0.0015405560888242169
0.001476167579929044
0.0014167256890873887
0.0013612885991452681
0.0013096020142877285
0.0012618086592734409
0.0012169638522190982
0.0011751792498008488
0.0011359983928617451
0.0010993494555280932
0.0010648170797955146
0.0010324566261501642
0.001001880296631541
0.0009731070208336858
0.0009459296016837264
0.0009202745584273662
0.0008959345575874615
0.0008729137215694188
0.0008510946170572609
0.0008303617707219763
0.0008106650043796494
0.0007919288383063112
0.0007740958276342405
0.0007571020608637157
0.0007408918890557658
0.0007254234887185902
0.0007106446668286512
0.0006965187330065575
0.000683004161407669
0.0006700657370289584
0.0006576703400059005
0.0006457884165112144
0.0006343882143839272
0.0006234468534393862
0.0006129354654885327
0.0006028337973962702
0.0005931209961799992
0.0005837752453274707
0.0005747788321121472
0.000566112938687347
0.0005577617592614358
0.0005497105255020798
0.0005419437279832267
0.0005344487521142359
0.000527212287404557
0.000520222128498246
0.000513467104484028
0.0005069367504490492
0.0005006212408161409
0.0004945107753706717
0.0004885964022239936
0.00048286956576270445
0.0004773229200338306
0.00047194829262266056
0.0004667386097248581
0.0004616872603129762
0.0004567879191445868
0.00045203427371055403
0.0004474206931672358
0.00044294167442999804
0.0004385918950039484
0.00043436648772154246
0.00043026073987947503
0.00042627008861021923
0.0004223904753517803
0.0004186175875561465
0.0004149476512812539
0.00041137703596303565
0.00040790209122185366
0.00040451949559914836
0.000401226066396414
0.00039801868341552283
0.00039489443237694953
0.0003918505029970778
0.00038888418810242273
0.00038599292933787753
0.00038317428044980304
0.00038042585827145634
0.0003777454178416637
0.00037513077304927097
0.00037257984457990406
0.0003700906380062268
0.00036766125744712766
0.00036528984406273033
0.00036297463469680977
0.00036071393118592874
0.000358506101972234
0.00035634959435049254
0.00035424287612531504
0.0003521845049338673
0.0003501730908523172
0.0003482072725266757
0.00034628576478874996
0.00034440731839237147
0.00034257072604133653
0.0003407748334094211
0.0003390185129922085
0.00033730068771568026
0.0003356203324316391
0.00033397642002856633
0.0003323679921399055
0.00033079411256518035
0.00032925387014587934
0.00032774639530868944
0.0003262708384183197
0.0003248263911401067
0.0003234122554488463
0.0003220276704289608
0.00032067189668668114
0.0003193442188711003
0.0003180439440367182
0.00031677040436572923
0.0003155229459888265
0.0003143009441146153
0.0003131037867061509
0.0003119308861981119
0.000310781670168808
0.0003096555825487704
0.00030855208772486944
0.00030747066009786787
0.00030641079685102924
0.00030537200466605117
0.00030435380837383433
0.00030335574554178775
0.0003023773656528137
0.0003014182348973697
0.00030047792702912485
0.00029955603160361586
0.00029865214863432674
0.00029776588906417636
0.00029689687555694866
0.0002960447414209376
0.00029520912774722165
0.00029438968814234805
0.0002935860864784812
0.00029279799033155994
0.0002920250839148235
0.0002912670532307637
0.0002905235954543493
0.0002897944171797723
0.00028907922967051544
0.0002883777543619221
0.0002876897176931904
0.00028701485484602897
0.0002863529070911414
0.00028570362278572186
0.0002850667558199213
0.0002844420667791131
0.0002838293227391279
0.0002832282953154665
0.00028263876342803464
0.0002820605098919154
0.00028149332368017225
0.0002809369991128708
0.00028039133496782817
0.0002798561343752689
0.000279331206845261
0.0002788163648571768
0.00027831142580538536
0.0002778162119367121
0.00027733054897611853
0.000276854266558586
0.00027638719917534344
0.0002759291845135797
0.00027548006382333994
0.0002750396825898779
0.0002746078893324415
0.00027418453570002694
0.00027376947749608677
0.0002733625733711911
0.0002729636847604641
0.00027257267656643873
0.0002721894166224385
0.0002718137755224482
0.0002714456268373402
0.0002710848468495599
0.00027073131414787207
0.0002703849105345946
0.00027004551994744616
0.00026971302855599
0.00026938732571748673
0.0002690683021936025
0.00026875585180293404
0.0002684498700801689
0.00026815025487124096
0.00026785690609269465
0.0002675697257624784
0.0002672886182850515
0.00026701348887435346
0.0002667442459224513
0.0002664807990897015
0.0002662230597767332
0.00026597094131054213
0.0002657243587511862
0.00026548322866005737
0.00026524746943486634
0.0002650170008473332
0.00026479174465894714
0.0002645716236483256
0.00026435656236208636
0.00026414648666735105
0.00026394132395414824
0.0002637410029993768
0.00026354545372677275
0.0002633546077964454
0.0002631683976948106
0.000262986757341216
0.00026280962198739374
0.0002626369280556685
0.0002624686129418181
0.0002623046153824348
0.0002621448752910892
0.00026198933348157424
0.00026183793202184377
0.0002616906138069637
0.00026154732295549275
0.0002614080045622275
0.00026127260454031755
0.0002611410699629823
0.0002610133487181743
0.0002608893896785491
0.0002607691425303841
0.00026065255790820406
0.00026053958732777675
0.00026043018301418245
0.00026032429808890505
0.00026022188653112107
0.00026012290307382937
0.0002600273031517629
0.0002599350430502634
0.0002598460797523342
0.00025976037090636757