0.08333408734845106
0.08333450224621983
0.08333433102708798
0.08333497789214284
0.08333470528699584
0.08333482121764774
0.08333526453849949
0.08333515660490941
0.08333525020935573
0.083335563595562
0.08333610565297837
0.08333633705024855
0.08333801775787544
0.08333742026638541
0.08333778821943655
0.08333773101246984
0.08333883510665648
0.08333853698827114
0.08333757294510709
0.08334125625955706
0.08334177681492515
0.08334235360618941
0.08334188348786759
0.08334355506087095
0.08334420354507671
0.08334299992230922
0.08334579892827151
0.08334512128008556
0.08334750926858717
0.0833482696209397
0.08334635948134586
0.08334901665664936
0.08334892763582588
0.08335019233042601
0.08335238255885037
0.08335498930617523
0.08335270581296331
0.08335317189493027
0.08335388450502988
0.08335444635854888
0.08335603850344438
0.08335715745758311
0.08336156359601928
0.08335706214294812
0.08335950717241317
0.08336223082758987
0.08336215971385376
0.08336195283158018
0.08336411206733094
0.08336568028772241
0.08336959035194574
0.08338302435062656
0.08337293092306323
0.08337046708618505
0.08337658013021503
0.08337598402209113
0.08337761134861492
0.08338355360070203
0.08338230145392936
0.08337390448502015
0.08339527832677596
0.0833941121770531
0.08337085828742928
0.08344310316281474
0.0833706978943771
0.08337225038353777
0.0833765786416101
0.08338276075767238
0.0833807810463766
0.08338228409744085
0.08317898267709274
0.08335343209408956
0.0833287213324689
0.08340066113752359
0.08338068023914512
0.08348483291428616
0.08340368970976188
0.0833316038160602
0.08340073582848127
0.08346165447060677
0.08339515756724761
0.08340220923143699
0.08340438081445924
0.0834018965013429
0.08341265367669169
0.08343279528508933
0.08341996753918167
0.08334655649253433
0.08341701960875222
0.08343473610032477
0.08344294217176505
0.08343681581469423
0.08345204515358516
0.08344061201638833
0.08344351420521462
0.08347133453619743
0.08345084450785918
0.08344653956260709
0.08347810777632993
0.08347657040023528
0.08346591386526989
0.08346028303123296
0.08352710629755278
0.08349996185982766
0.08349917292955504
0.08347585273630763
0.08349402625045238
0.08342941037789753
0.08350689009551122
0.08349667822023937
0.083455461182057
0.08348436156632152
0.08349523219088745
0.08352072094291811
0.0835118816591639
0.08349888489367016
0.08353247110766868
0.08349716127283081
0.08352760495811616
0.08354873820133615
0.08353945486169387
0.08384376049833599
0.08358893750224658
0.08357561062780369
0.08353961456617542
0.0833279797817074
0.08345292211658495
0.08338988593533894
0.08341376130908298
0.08359035065574576
0.08357299650271513
0.08296861495843928
0.08299518019031643
0.08358380609945155
0.08377728974752133
0.0838272110077216
0.08361636226566281
0.08399255399251586
0.08363586156358484
0.0840998537646409
0.08327179113520858
0.08373907962377551
0.08365490869536961
0.08365146499900265
0.08380942979641941
0.08384745070044435
0.08363791259123611
0.0838003368506717
0.08386279651090116
0.08377718077204133
0.08388333802132135
0.08371435893148538
0.08363066115019374
0.08366131236576149
0.08370874840847876
0.0835813612849409
0.08362555390382578
0.08371369443256822
0.08387725870845739
0.08370185583349155
0.08377517508354675
0.08371833506757297
0.08360564675801975
0.08372259736405377
0.08367101272308893
0.08374360300319487
0.08373071551492804
0.0837199909245987
0.08371003039473834
0.0835928197609411
0.08366771606916783
0.0835984249124143
0.08358309788886685
0.08387554008927199
0.08377204960113853
0.08388949822985307
0.0839190338497599
0.08397652960903762
0.08395398207565818
0.08386774520294038
0.08399347216197338
0.08342392152878153
0.08363530643109025
0.08358460895971177
0.08361509807745988
0.08364745375901228
0.08382638247596745
0.0841404875768765
0.08414000695669643
0.08413472344810259
0.08426769566733829
0.08396186740909262
0.08394667220944546
0.08389006671642821
0.08385928444957944
0.08407611569821971
0.08384549557098608
0.08384499231148189
0.08387637725005703
0.08406414534396285
0.0837922021900373
0.08363820418127794
0.08381409775613297
0.08376185014274694
0.08401476013137789
0.08451901722634067
0.08381377687470233
0.0841500669277697
0.08390315280450959
0.08369036470788013
0.08369869380599383
0.08409222118366962
0.08444164235816698
0.08350842817557347
0.08356877915158166
0.08354387114109757
0.08390812325563608
0.08384207914578554
0.08366692049473286
0.08363947001777018
0.0838695306832344
0.08402089360751076
0.08360865726398986
0.08390729651459264
0.08375000341997037
0.08337139136017116
0.08394144530267574
0.08359482629671913
0.08370176387669798
0.08370870683548622
0.08373610351325599
0.08372785846889033
0.08372018939006685
0.08384631057074945
0.08368566205861983
0.08389856394124233
0.08368447892157181
0.08356837880181442
0.08364314652554478
0.08370129593176331
0.08376784825058385
0.0837573706278157
0.08369758001453058
0.08374142319082852
0.08369876721260677
0.08363883861547576
0.08362547607827465
0.08371141625156418
0.0837241852261971
0.08370458993275545
0.08372461029892415
0.08372297501942048
0.08370297576486
0.08371344723474011
0.08359962235243557
0.08371406116848845
0.08365512796424787
0.08366947596533977
0.08372692915468016
0.08369401883823034
0.08366505834161102
0.08374043580957183
0.08367979241674389
0.08372556715004353
0.08376222788017086
0.08373401822376639
0.08372631770299234
0.08351174661586101
0.08366938349980992
0.08372584765403043
0.08369926301322875
0.08355498502154096
0.08344486297795278
0.08329691236956131
0.08353200543762816
0.08372318924584056
0.08426174930793812
0.08386534420316101
0.08367144456838124
0.08379333717568242
0.08369979217136815
0.08367587135875464
0.08363790490538722
0.08371578971129291
0.08346236535512247
0.08348665228973165
0.08355796956044068
0.08378974631332928
0.083664647793339
0.08343452849018047
0.08324854149109183
0.08401420115369455
0.08382166614274987
0.08321352043363636
0.08334133864247532
0.08376353733859317
0.08347863310964336
0.0837882868323933
0.0843697279902995
0.08392645654967669
0.08383341996379001
0.08386088853724531
0.08379854745095157
0.08384219861385696
0.08369805609802007
0.08363884652052476
0.08375100542920477
0.08367824944205787
0.0837392146246532
0.08378826161500137
0.0834561707934993
0.08374423494587713
0.08414895027214807
0.0839441283520214
0.08418060683112533
0.08415092376420844
0.0839911530403587
0.08384103524116689
0.08413087814443784
0.0840237754131165
0.08403464446902909
0.0840464204923288
0.08406555946824494
0.08412274316180604
0.08398337094161798
0.08414577597005234
0.08416658387327676
0.08418426957521173
0.08416851322044286
0.0841182270862915
0.08412714395223746
0.08413444967814344
0.08414340378321017
0.08415183117611752
0.08417928448922386
0.08417495490917844
0.084190877312484
0.08420063057005545
0.08416181225803084
0.0841766005205544
0.08424226338309891
0.08424215892690083
0.08415317070224634
0.08434259787957879
0.08434712918487755
0.08450287023561966
0.08423289245994622
0.08423541507383966
0.08431366677989685
0.08435895703696504
0.0844044173148949
0.08422633699461429
0.0842230392819433
0.08449965590907522
0.08421055227332915
0.08423249309653423
0.084558388127249
0.08453956868399795
0.08438560714659737
0.08460455469602983
0.08423132458902091
0.08453694701393952
0.08451124276038009
0.0844333451659833
0.08417542794821038
0.08364241837394079
0.08434090918711858
0.08454384738616424
0.08481295433194415
0.08447070533752322
0.08422116296881693
0.08442040747799481
0.08424864488472102
0.08445979873680162
0.08425879911699914
0.08456629226734422
0.0848466442231598
0.08452494684995657
0.0846201291865707
0.0848443444349849
0.08495758039880716
0.084682075357309
0.08468128636366153
0.08461528108464768
0.08466071600291777
0.0842501830762153
0.08473762210238663
0.0845788370892207
0.08464826915950513
0.0846527269712741
0.08462883504328501
0.08465251663098095
0.08465089019285761
0.08462714747957045
0.08474475581684991
0.08471363919222012
0.08467149588370466
0.08437203789299345
0.08466955529508775
0.08472144712203547
0.08472150739527891
0.08469792246683769
0.08475019684486292
0.08472418951484599
0.08471037805573053
0.08473109411275899
0.0846526671798252
0.0847782602890651
0.08476008843147712
0.08473685157735125
0.08478187232706699
0.0847825375359168
0.08477216839389067
0.08477732464184015
0.0847831204178872
0.0847372192368414
0.08478577369599513
0.0847917412804082
0.08478838452282471
0.08479067012935756
0.08479752640305087
0.08486341345186041
0.0848323562079867
0.08483332487094135
0.08481296815867234
0.08483758648248296
0.08480478392392478
0.08478088373963258
0.08491187529497485
0.08509802962992265
0.08482808364079601
0.08483750314050743
0.08483406642758194
0.08484727260787761
0.08484910865743547
0.08461179160341115
0.08453679642600143
0.08498714765389814
0.08510135993246419
0.0851428210548362
0.08512288646891052
0.08517569378538399
0.08517235244070921
0.08523512483340306
0.08521350415266703
0.08521078141498312
0.0853451815916029
0.08516334561197168
0.08518606715443024
0.08527199957235403
0.08525012166847148
0.08553358849028465
0.08531901109754028
0.08533647096289591
0.08551616293073605
0.08520461349277848
0.08522129969190305
0.0853114176927482
0.08535802338908952
0.08534928942996341
0.08530418362781506
0.08528775817328246
0.08528779645677947
0.08537471381850407
0.08538271482102741
0.08507507710276033
0.08540299365337566
0.08541249713688748
0.08536482365740064
0.08545654355512927
0.08536241515468615
0.08544709341947279
0.08548065051817845
0.08539833549608579
0.08558815063797487
0.08539441210196227
0.08541319301197248
0.08542165368022127
0.08543636262267189
0.0852925301186954
0.0854218834184577
0.08548749990883725
0.08557014477581695
0.08548099358608256
0.08550587263458541
0.08545252808756891
0.08546578673918848
0.08543899272868521
0.08544995057273877
0.08561825052686747
0.08552039592288467
0.08551807059453174
0.08550509446985789
0.08552481840014842
0.08551653462418862
0.08552197728682796
0.08546964469903184
0.08554326814960371
0.08549331571454345
0.08552253910870981