-1.4096668530693098e-19
-1.4259683905579961e-19
-1.0693461262190738e-19
-2.6679700837203737e-19
-6.229102513099331e-20
1.7271139455393105e-20
-4.259104135242206e-20
-4.576514449054738e-20
3.249603391515914e-21
-1.8219851041978221e-19
1.0929807463994771e-19
-2.0163316499032845e-19
-5.434676357247951e-21
-2.1364352883115094e-19
2.1733124603758513e-19
-1.5366161246193768e-19
-1.653158100495582e-19
1.2276730609259293e-19
9.779314525033048e-20
-1.6640915274399533e-19
-6.204361449191854e-22
-3.843422696324561e-20
7.943858450179938e-20
1.6771806388920659e-19
-1.702729522195061e-19
-2.1281412781361873e-21
1.4941665328727919e-19
9.504889053084043e-20
-8.976979281406367e-20
-1.003861664283301e-19
1.1232343894141688e-19
-6.552925667067709e-20
2.274765456790767e-19
-1.8605892635386493e-19
1.34652438394614e-19
-1.5864183258969603e-19
5.1247133424629306e-20
2.3339548218601642e-20
2.1577040893692358e-19
-9.884337729085181e-20
8.722872104579062e-21
-1.823390299217706e-19
-4.669878493705999e-20
-1.8436267374104793e-19
2.397366785877519e-20
-9.421630389521795e-20
6.58498575244093e-20
-4.7664103996175976e-20
-7.084621355663962e-20
1.8902927803102028e-19
1.9675170429040356e-19
7.849966187707734e-21
-1.3785077135126567e-20
-9.46168473538575e-20
-2.1148934592932938e-19
1.4487769440591967e-20
-1.6388618887560476e-19
-7.321221830485422e-20
-3.796877032144277e-20
4.815783872164453e-19
3.4713708769794808e-19
7.392329702219701e-20
-6.281041848602295e-6
4.759665010399847e-6
-0.000014168760831919846
-0.000012511263141438919
-0.000021914633316157106
7.797409853893576e-6
2.1220502147705946e-6
2.282865612295039e-6
-0.0006178571524014364
-0.00021124179944079498
-0.00033093676488720467
5.429608306635515e-7
0.00007308227127699811
0.00031365439791559437
-4.151133356346365e-6
-0.0003778129681642344
-0.000019590513892017245
0.00040552511578655244
0.000017051057811013287
2.2921681978466895e-6
-8.286505384004698e-7
0.000016586379608864986
-1.9716825577381495e-7
-0.000022998151626673008
-3.03491028257615e-6
0.00036722795334607095
0.000029359006883714293
-0.00002087299827458127
1.9136515098971737e-6
-0.000015075027048011855
-6.166608983825832e-6
1.3325142252863899e-6
2.230316888433804e-6
-0.000029357930498220905
-1.911498440434291e-6
-0.00002691649654070304
-0.00005318184063143023
-4.968912778795098e-6
-1.5358967264274815e-7
-0.000027830708358358077
-0.00005394424285342882
-0.000019222848780582992
-0.000021678358152905175
-0.00001558559860951746
-3.823080325484669e-6
7.764962806374116e-7
-0.000041078465663095136
2.379069590634183e-6
-4.142582275363404e-6
0.000022879763050200505
0.000022063294215399153
0.000022113171651655353
0.00001882711088669555
0.000026447004089949983
0.000011800320416016469
-6.487444413875712e-6
-0.00001848260024938137
0.00005893772140677347
0.000014283926093308594
-0.00006730352164319452
-0.000011762301100592095
0.000016617102711082854
-0.000023488071247406225
-6.3579281953740155e-6
0.00002571809997496295
-0.00002029216537361462
-0.00002477316775671086
2.661693359713924e-6
0.000027931548450841458
-0.00014339385271525568
-0.0001617327493573576
0.00002753767489086686
0.00007008628906443513
0.0000930598246517006
0.000031532321171191254
0.00018307136215225554
0.000010967148194218673
0.0003002593845664237
-0.0001921279632049093
9.870617771338666e-6
0.000031145692616318235
0.00004468296863087543
0.00015435973187014672
0.00018872326486883375
9.951881110709506e-7
0.00017734326755706716
0.00024184030139419324
0.00015446590896974266
0.00030427051781212666
0.00007807000793069208
-0.0000273096962822918
-0.00001125713388107572
0.000046438874123858886
-0.00007231939112958865
0.00002889553166607743
0.00006309538730416787
0.0004656887271990393
-0.00005806405731947521
0.00021104642203305968
0.00017785551155088746
-0.00041105138566690407
0.00010079588654116302
-0.00019272193031148112
0.00047357928966812343
-0.00004131412701955247
-0.00019975233893594009
0.00028501376148866583
0.0009017284635431546
0.00039326943321615465
0.000590075153203616
0.0005832246498748097
-0.00039520328880818516
0.0000493740215274471
-0.00017102833214484994
-0.00020603160300984016
-0.0002485543018167216
-0.00019245297202117177
-0.00014879499790342713
-0.00018831631700234885
0.0005636728214142502
0.00021735370449294767
0.0002664874818124854
0.00023421820690665935
0.000199716923622787
0.00006458940671136322
0.0001946136409852371
0.00021701715231936
0.0002517461543138425
0.00012871651193305556
0.00046922728351605147
0.0005086189102486026
0.0004487528199389797
0.0005136872859126202
0.0004039218835538027
0.00056216949294619
0.0005592336669534243
0.000543095138574035
0.0004715543361009819
0.0005763797949510465
0.0006280807134511262
0.000557248292107308
0.0005879876915408532
0.0005291880586345367
0.0004445177351025807
0.0005544585282022148
0.00055382772967689
0.0004992182505583542
0.00046844727533220184
0.000539479969177667
0.0005852120312389687
0.0007658099464163566
0.00041508413141679615
0.0004743908795659454
0.00047747527354244037
0.0005748261020222034
0.0005502493914456251
0.0004920556670408967
0.00046622359399438757
0.0005907383268320822
0.0006901742089550456
0.00045747661059465097
0.0006289775059445417
0.00050531698115051
0.00018144356106271033
0.0006902469810826539
0.00037344096315982073
0.00045896829672932565
0.0004610963170891955
0.0004911687091731123
0.0004784678070420805
0.0004653449151197058
0.0006587649385696576
0.0003847468572523077
0.0007453827806446055
0.0003901745006396327
0.0002090494144529075
0.0002842884570826517
0.0003827048709302955
0.0005656759308850607
0.0006175105264686067
0.0004248651694080632
0.0006616139820174072
0.00030985177582686866
0.0001782061933222565
-0.00022763204136621692
0.0003438132562002178
0.00047010749686584615
0.0007069651424995835
0.0007490650252221624
0.0005887023663805114
0.0006835031518669639
0.0004348572485502192
0.0008320254365303521
0.0004186300771683198
0.0006582411252671579
0.0005566553317112181
0.00036024199478117266
0.00044702321887003755
0.0005376753380639343
0.00033514504769863336
0.0004513198559767661
0.00036259108684231334
0.000298795468594504
0.0003442574490468338
0.00035331035402445446
0.0006102222005808822
0.0004090845154392282
0.00033516437545609275
0.0003744856908863779
0.0004991980648223096
0.0005741339824827541
0.0006690035187825945
0.0004421726409237259
0.0003292703936589121
0.000057757901140691137
0.00025374357143866116
0.0003428190149931547
0.00029872620499542794
0.0003210172916289293
0.0003193464807759381
0.0003299954095683553
0.0002942173668582812
0.0003709181644547101
0.00035101092585008894
0.00033358697508200914
0.0002748965581453665
0.0002848547267676571
0.0003112244888554079
0.00029621187219028294
0.0002800092005578982
0.0002713517331051161
0.00023291567966870024
0.00022915898059748174
0.000253322948150064
0.0002062921903014796
0.0002442083895428528
0.0003723567936163365
0.0002723859225819028
0.00025804062721394817
0.00022554439922392111
0.0002409833067997885
0.0002678341029931567
0.00018850545799811488
0.00015652976493671627
0.00020026400808021864
0.00017160888540083947
0.00018964369961373096
0.00021515888747094066
1.8705182925364713e-7
0.00017672868649961466
0.00023751084614873316
-0.00008758071439285338
0.00018457428926116226
0.00016249606930996983
-0.00007448721319603134
-0.0003810303248272254
0.00011244818810742129
-0.000054087851387171855
-0.00004999267555624664
-0.00004273010444707379
-0.000019239197945792658
0.000052722702209531694
-0.00025792594320026805
0.00015694689851881885
0.00018101676443313085
0.0002730540744382637
0.0001375754375846106
-0.00008211532064696121
-0.0000853027977162899
-0.0000621089436149395
-0.00009663109601481988
-0.00013528532958689756
0.00037864649922068465
-0.00006984682078329099
-0.0001234122949814107
0.00006876017498040973
0.00013563629730166895
0.00007724975789203593
-0.00010468660536873709
-0.00009140228246655952
0.0002697857477954777
-0.00026931536812930954
-0.00022708135387724325
-0.0005693474648560405
0.00008511586452428007
0.00008655902981794914
-0.0000789602003766884
-0.00011871438861359638
-0.00016064132563186714
0.00011085411940510525
0.00010740932611260953
-0.00021499587294578656
0.0001222945259268783
0.00006888703367956766
-0.00017229662820106688
-0.00012755012824292703
-0.00002595300880654643
-0.00016554352152910786
0.00010466028819517614
-0.0000649871933012777
-0.00006583301721997937
-0.00001798003379175631
0.00011005054226230588
0.00026209780520709337
0.00002013887613683953
-0.000029427884528839304
-0.00008397697428273976
-2.2159283613643407e-6
0.0000701965169096798
-5.403278389270896e-7
0.000029971492082030754
7.678425399355065e-6
0.000016781263343187074
0.000011496239669452233
0.000052799802961773834
0.000018999958307928487
0.000030970117816241826
0.00006424222130468114
0.00011088495918921868
0.00006164149848826994
0.00006560856071155518
0.00003615665986330247
0.000056495219193597606
-0.0001032421385529648
0.00011092778904590548
0.000022481725223025154
0.000052971072208504114
0.00005540256943321598
0.00003652066590216315
0.000051675070407894984
0.00005043257723064302
0.00005229226267670115
0.00012197278303249882
0.00008878995714124894
0.00005185935371303189
-0.00032928664831734423
0.00007087596795555073
0.00009271307389576687
0.00009200366182242974
0.000059093222308694855
0.000124407714599313
0.0000821307611467467
0.000042455486787815995
0.00007506181776194471
-7.63047972362734e-6
0.00016771114241748367
0.00012982013021319545
0.000020681668097715447
0.0001689671946308889
0.0001709567838632954
0.00011706933795670898
0.00011295193193246213
0.0001357194390288215
-0.00021415872037498494
0.0001225859791132006
0.000095755205488692
0.00007329991774663969
0.00018507404595985994
0.00013744946108901684
-0.0002584315671438443
0.00002877985945407264
0.000036376982865441065
0.00010850209157703724
0.00006453588721943479
0.00014874309443276319
0.0002031385437470215
-0.000036168726510619734
-0.00032577508840844055
0.00011426115145663687
0.00011027732500887509
0.0001152748612171737
0.00010160706283044562
0.00010065021477611916
0.00033108172212185406
0.0003711567487704684
-0.000015113213830226536
-0.00013333106783630598
-0.00014944795280196098
-0.00011353970802495656
-0.0001422332968672798
-0.00011549710975110969
-0.00014245108930114198
-0.00010646120408468434
-0.00010551776247168084
-0.0001538414187581654
-0.00004858019935980762
-0.00004361248505192683
-0.00008526557114085234
-0.000056840152738680886
-0.00011881489743509431
-0.000047135612226363574
-0.00004089568405651628
-0.00003751948809881294
-4.668757910081956e-6
-3.985495742205408e-6
-2.7334703827225925e-6
9.857632502731e-7
7.337676954605124e-6
9.603873998583851e-6
0.000012505462049724627
0.000011475398692326355
0.00003943543272769364
0.00004148631389756299
-0.000044264827984420875
0.00006062202843961967
0.00006108875840407233
0.000046625480457764904
0.00009446543286197952
0.00004652731921361553
0.00009726633039256736
0.0001276999325679455
0.00005970084517002466
0.0002283346565441135
0.00006067091362732315
0.00007260752243304172
0.00007865485847444773
0.00008771787446894054
-0.00007788480559377293
0.00005928072759646262
0.00013524770794782595
0.00029850330078670277
0.0001220995944989429
0.0001629495495228756
0.00007763163869540657
0.00007184481407412503
1.2584756360994464e-6
7.426337801246996e-6
0.0004388000439355307
0.00015213061000687305
0.00013698729219058933
0.00010566507137439431
0.00012022656043478222
0.0000735294414212126
0.00007710928009652603
-0.0001341391780860705
0.00013365008546498762
-0.0003806771077513235
0.00007683639523462734