0.0833333302742579
0.08333330579986367
0.08333325684180425
0.08333318338142331
0.08333308539109788
0.08333296283368154
0.08333281566252444
0.08333264382210744
0.08333244724708672
0.08333222586302741
0.08333197958584895
0.0833317083219356
0.08333141196847461
0.08333109041259916
0.08333074353213134
0.0833303711949663
0.08332997325928858
0.08332954957336139
0.08332909997550371
0.08332862429393535
0.0833281223468102
0.08332759394204024
0.08332703887707013
0.08332645693896479
0.0833258479042339
0.08332521153868223
0.08332454759710861
0.08332385582344295
0.08332313595072131
0.0833223877000829
0.08332161078210809
0.08332080489488994
0.08331996972529984
0.08331910494810442
0.08331821022596983
0.08331728520912647
0.08331632953518163
0.08331534282924745
0.08331432470332077
0.08331327475595364
0.08331219257262197
0.08331107772482836
0.08330992977019629
0.08330874825221322
0.08330753269952158
0.08330628262636786
0.08330499753163834
0.08330367689871952
0.0833023201955285
0.08330092687363422
0.08329949636833767
0.08329802809793874
0.08329652146370048
0.0832949758493033
0.08329339062037151
0.08329176512430736
0.08329009868943754
0.08328839062488502
0.08328664022020091
0.08328484674440313
0.08328300944590197
0.08328112755178367
0.08327920026747919
0.08327722677583586
0.08327520623679757
0.08327313778682029
0.08327102053816637
0.08326885357809019
0.08326663596846923
0.08326436674495565
0.08326204491620033
0.08325966946312176
0.08325723933821146
0.08325475346452758
0.08325221073530824
0.08324961001237864
0.08324695012587896
0.08324422987291501
0.08324144801654638
0.08323860328560365
0.08323569437218588
0.08323271993180456
0.0832296785816065
0.08322656889935408
0.08322338942218441
0.0832201386451946
0.08321681502049538
0.08321341695509638
0.08320994281013763
0.08320639089914708
0.08320275948631857
0.08319904678483749
0.08319525095562148
0.08319137010496329
0.08318740228291047
0.08318334548146586
0.0831791976324968
0.08317495660523883
0.08317062020469286
0.08316618616899149
0.08316165216685867
0.08315701579551757
0.08315227457763069
0.08314742595903314
0.08314246730535134
0.08313739589929155
0.08313220893764404
0.08312690352772321
0.0831214766839699
0.0831159253246539
0.08311024626785929
0.08310443622730533
0.083098491808881
0.08309240950564002
0.08308618569407356
0.08307981662804972
0.08307329843531278
0.08306662711093675
0.08305979851320451
0.08305280835599761
0.08304565220450365
0.08303832546773562
0.0830308233923289
0.08302314105461692
0.0830152733545886
0.08300721500650343
0.08299896053237074
0.08299050425070563
0.08298184026976298
0.0829729624768867
0.08296386452759806
0.08295453983673981
0.08294498156273049
0.0829351826026899
0.08292513557232542
0.08291483279564299
0.08290426629163872
0.08289342775615625
0.08288230854967576
0.08287089967713225
0.08285919177010516
0.08284717506826117
0.08283483940069371
0.08282217415906303
0.08280916828027199
0.08279581022284213
0.08278208792554803
0.08276798880859168
0.08275349971563416
0.08273860689064015
0.08272329595158344
0.082707551853999
0.08269135883296812
0.08267470039941266
0.08265755924445312
0.08263991724284495
0.08262175537344278
0.08260305367081061
0.08258379115206671
0.08256394580956085
0.082543494452528
0.08252241271012259
0.08250067490995161
0.0824782540542493
0.08245512162518194
0.08243124762813477
0.08240660025633681
0.08238114611296757
0.08235484972024266
0.08232767367590661
0.08229957837289814
0.08227052179590572
0.08224045952652527
0.08220934428541513
0.08217712598635472
0.08214375134846265
0.08210916362358255
0.08207330280482047
0.0820361043631987
0.0819975000195198
0.08195741646410173
0.08191577595259235
0.08187249503926604
0.08182748349823923
0.08178064585250762
0.08173187933939788
0.0816810739913211
0.08162811112687492
0.08157286045149925
0.08151518819544756
0.0814549455370842
0.0813919701929147
0.08132608654081043
0.08125711179790089
0.0811848465944152
0.081109053275091
0.08102951290080007
0.08094594466129941
0.08085807652620045
0.08076561136489065
0.08066815404051626
0.08056540415129095
0.08045692923314954
0.0803423222209266
0.08022103482083273
0.08009245279143563
0.07995620984168114
0.07981158651567108
0.07965798230170773
0.07949398161587382
0.07931968117028253
0.07913207838771925
0.07893744231554695
0.07872194338954264
0.07849585307250491
0.0782444487517708
0.07802394565490534
0.07771556293779812
0.0774529287034758
0.07711396788738836
0.0768106436596238
0.0763699465116471
0.07603156253491827
0.0762862720079051
0.07593160150126935
0.0748086518563568
0.07601764269511775
0.06916133838209071
0.07435867762718654
0.03178775298292161
0.024994523802594378
0.19099208796231604
0.027643137002675868
0.3322935662360112
-0.032175827917160935
-0.21305545268258877
0.4101841642647557
0.34379780248697595
-0.025725157304852673
0.06710091260260763
0.12146648150903708
0.21659124388026116
0.12917945569211844
0.1051425071302049
0.0853508481615019
0.09162167348348152
0.09389200058485092
0.09138445223317591
0.09166927880653519
0.09231083269635097
0.09194926607098987
0.091638949614562
0.09150829839260825
0.09120290373785957
0.09100130095111403
0.09080088359709222
0.09059800972765848
0.0904002358795193
0.0902101941970773
0.09004284484916288
0.08987960610331212
0.08973342469934456
0.08958975174457497
0.08945550076385975
0.08932501573705941
0.08920402838884277
0.0890892032678123
0.08898139186143984
0.0888782498681913
0.08878067953970241
0.088687854719118
0.08859993675862503
0.08851639452152156
0.08843674396648736
0.08836102001059053
0.0882888184122396
0.08821996459751238
0.08815427252142741
0.08809158252814421
0.08803165373889986
0.08797439485758664
0.0879196209476336
0.08786720645629925
0.0878170120289004
0.08776893400439893
0.08772284971231281
0.08767865348147205
0.08763625491160094
0.087595559941769
0.08755648628976519
0.08751895162142818
0.08748288816291203
0.08744821798099421
0.0874148813705162
0.08738281447237192
0.08735195889617156
0.08732226250714466
0.08729367254900258
0.08726614207729136
0.087239624753947
0.08721407823507268
0.08718946145856794
0.08716573648177801
0.08714286709774752
0.0871208194339587
0.08709956031944174
0.0870790596377242
0.08705928799436409
0.08704021748622014
0.08702182247455614
0.08700407739260632
0.08698695913430826
0.08697044452017928
0.08695451249742078
0.08693914224977374
0.0869243146626304
0.08691001114990846
0.08689621382420935
0.08688290594847796
0.0868700711456946
0.08685769433632422
0.08684576051661785
0.08683425568195902
0.08682316643661166
0.0868124798867416
0.08680218354384056
0.08679226574120705
0.08678271504537824
0.08677352060133393
0.08676467198988862
0.08675615925627052
0.08674797268607758
0.08674010325667755
0.08673254189479988
0.0867252802181165
0.08671831006473904
0.0867116234610735
0.0867052128913668
0.08669907109328422
0.0866931910050657
0.08668756586850618
0.08668218922391212
0.08667705474446158
0.08667215641042521
0.08666748838882768
0.08666304505608906
0.08665882096508448
0.08665481088783679
0.08665100975119595
0.08664741267167816
0.08664401494359711
0.08664081199552562
0.08663779939431084
0.08663497290304865
0.08663232838284819
0.08662986186211671
0.08662756945515226
0.08662544742928052
0.08662349218503834
0.08662170018355701
0.08662006806053826
0.08661859251691302
0.08661727035841689
0.08661609850788979
0.08661507395676689
0.08661419379855254
0.08661345523812285
0.08661285551354114
0.08661239198238815
0.08661206207396081
0.0866118632788076
0.08661179317506154
0.08661184939600272
0.08661202966380323
0.0866123317409075
0.08661275346662897
0.08661329274340367
0.08661394752180844
0.0866147158135495
0.08661559568833577
0.08661658526115601
0.08661768270581735
0.08661888623753743
0.08662019412744056
0.08662160468934592
0.08662311627828362
0.08662472729530231
0.08662643618059276
0.08662824142032928
0.08663014153307613
0.08663213508103008
0.08663422065873441
0.08663639689734785
0.08663866246630418
0.08664101606107513
0.08664345641551006
0.08664598229203786
0.08664859248343629
0.08665128581350111
0.08665406113401584
0.0866569173215224
0.08665985328470188
0.08666286795660812
0.08666596029085176
0.08666912927382188
0.08667237390866495
0.086675693224792
0.08667908627582271
0.08668255213268458
0.08668608989313926
0.08668969867121416
0.08669337760236012
0.0866971258432388
0.08670094256735018
0.08670482696686442
0.0867087782535546
0.0867127956552308
0.08671687841682592
0.08672102580041686
0.08672523708418925
0.08672951156088089
0.08673384854028476
0.08673824734554203
0.08674270731456514
0.08674722780059216
0.08675180816883503
0.08675644779874359
0.08676114608294522
0.08676590242666482
0.08677071624687449
0.08677558697371647
0.08678051404782336
0.0867854969224512
0.0867905350613914
0.08679562794000638
0.08680077504267983
0.08680597586589324
0.08681122991566072
0.08681653670770367
0.08682189576717252
0.08682730662931831
0.08683276883772861
0.08683828194580517
0.08684384551551581
0.08684945911612567
0.0868551223271417
0.0868608347351071
0.08686659593409352
0.08687240552712598
0.08687826312420222
0.08688416834260804
0.0868901208071825
0.08689612014928959
0.08690216600781565
0.08690825802813068
0.08691439586291778
0.08692057916936075
0.08692680761335862
0.08693308086558749
0.08693939860305165
0.08694576050864145
0.08695216627105827
0.08695861558458555
0.08696510814925845
0.08697164367029446
0.08697822185850725
0.08698484242922558
0.08699150510385374
0.086998209607713
0.08700495567157805
0.08701174303105902
0.0870185714260764
0.08702544060145205
0.08703235030593316
0.08703930029316119
0.08704629032093238
0.08705332015133078
0.0870603895501246
0.08706749828736521
0.08707464613732471
0.08708183287766078
0.08708905829035386
0.08709632216037184
0.0871036242769138
0.0871109644326269
0.08711834242338867
0.08712575804897388
0.08713321111185363
0.08714070141846819
0.08714822877803875
0.08715579300329361
0.08716339390969455
0.08717103131589375
0.08717870504350707
0.08718641491719074
0.08719416076464928
0.08720194241587685
0.08720975970394734
0.08721761246478799
0.08722550053660964