-4.122529233736327e-19
-6.648388664277216e-14
-1.6895553707199446e-12
-1.1884631950466936e-11
-4.832574841151061e-11
-1.4480254082352685e-10
-3.5713185127819247e-10
-7.69694669150728e-10
-1.5027905646028727e-9
-2.721030243609568e-9
-4.643023682002202e-9
-7.552668237447674e-9
-1.1812400497413195e-8
-1.7878850388942593e-8
-2.632143013898699e-8
-3.784450910774037e-8
-5.3313974888674406e-8
-7.378917003599077e-8
-1.0056143369650785e-7
-1.3520078323042486e-7
-1.7961266259500547e-7
-2.3610718838609483e-7
-3.074839768474484e-7
-3.971364843178187e-7
-5.091809056637748e-7
-6.486161411678662e-7
-8.215232881008806e-7
-1.035315714795552e-6
-1.2990542808879802e-6
-1.62384703070694e-6
-2.0233592160313837e-6
-2.5144685383015914e-6
-3.1181131252295437e-6
-3.86039758955447e-6
-4.774047996741524e-6
-5.9003434225658615e-6
-7.291705799422971e-6
-9.015210064746186e-6
-0.000011157397900172919
-0.000013830964579991155
-0.000017184179712049024
-0.00002141436742476775
-0.00002678752972548417
-0.000033667464051227676
-0.0000425599024350268
-0.00005418105210481855
-0.00006956697227120015
-0.00009025364962981669
-0.00011858434520589986
-0.00015825669668954341
-0.00021534630120093555
-0.00030033988779069545
-0.0004324817010461207
-0.0006499651692493078
-0.0010368892763035268
-0.0018072927752191767
-0.0036384477179188836
-0.009640218048757511
-0.05312482663924159
-0.6020727021237011
-0.020061377054940193
-0.007819745100795238
-0.004138406830076055
-0.0026308180677588207
-0.0018650480904616532
-0.0014201848302964142
-0.001137255171890681
-0.0009452670237680809
-0.0008085281009596598
-0.0007074384808012598
-0.0006304750002440847
-0.0005704844621123902
-0.0005228251455447957
-0.00048437208552609045
-0.00045295514105185325
-0.0004270268191230262
-0.00040545817102160945
-0.0003874091255138456
-0.0003722436797466823
-0.0003594729921030562
-0.0003487163221633066
-0.0003396736736289615
-0.00033210628406464435
-0.0003258224826007749
-0.00032066728730900613
-0.0003165146515334679
-0.0003132616154320031
-0.00031082384727006563
-0.00030913221187782095
-0.0003081301077210055
-0.00030777138591351184
-0.00030801871486116654
-0.0003088422899744872
-0.0003102188135824686
-0.0003121306888689386
-0.00031456538540389174
-0.0003175149440782646
-0.0003209755969602811
-0.00032494748347260664
-0.00032943444883801995
-0.00033444391431720644
-0.00033998681162710376
-0.00034607757627942145
-0.00035273419656107644
-0.00035997831661144415
-0.0003678353936225939
-0.00037633491067962685
-0.00038551064823517456
-0.00039540101873698064
-0.00040604947056749373
-0.00041750496927132327
-0.00042982256611970857
-0.0004430640664700183
-0.00045729881323388206
-0.0004726046041871031
-0.000489068766002563
-0.0005067894129568051
-0.0005258769245102475
-0.0005464556837109814
-0.0005686661280562528
-0.0005926671766069075
-0.0006186391125350485
-0.0006467870198519591
-0.0006773448981223005
-0.0007105806112656323
-0.0007468018684570841
-0.0007863634899227889
-0.0008296762825714044
-0.0008772179461782416
-0.0009295465590533615
-0.0009873173652998413
-0.0010513038218972687
-0.0011224241890730284
-0.0012017754002071513
-0.0012906765851803293
-0.001390725530249688
-0.0015038726711227139
-0.0016325191411217857
-0.0017796482619273578
-0.0019490042018452103
-0.002145338212907229
-0.002374753373366751
-0.002645195665617609
-0.0029671670579865445
-0.0033547833539266355
-0.0038273816684037147
-0.004412030403965218
-0.005147571829435153
-0.006091369756738157
-0.007331050766543973
-0.009005962649812906
-0.01134877221658787
-0.014772133967879648
-0.02006637354478574
-0.028906599729457978
-0.045378825960257704
-0.08177569293446266
-0.1908379619608323
-0.8726214915471816
-37.8084678891848
-0.5082223936021574
-0.1415893090085638
-0.06488165969490314
-0.03686242194406611
-0.02362440962521587
-0.01635348006498089
-0.011942527876752167
-0.00907050577891098
-0.007098796461666892
-0.005688261577654453
-0.004645360059651551
-0.0038531628292454204
-0.003237678515568875
-0.0027502538176058513
-0.002357844251989324
-0.0020373770275943924
-0.0017723518083677813
-0.0015507192171640527
-0.0013635165458792883
-0.0012039670186256768
-0.0010668710787837472
-0.0009481863785686059
-0.0008447325093354864
-0.0007539798945349482
-0.0006738965273302937
-0.0006028351387148301
-0.0005394490616702493
-0.00048262875134034343
-0.00043145336760666233
-0.0003851534732590566
-0.00034308202641369147
-0.00030469162585160947
-0.00026951651563037366
-0.00023715824455464876
-0.00020727415584619678
-0.00017956808557246208
-0.00015378279746417495
-0.00012969379213658179
-0.00010710421117657983
-0.00008584061864545065
-0.0000657494896692929
-0.000046694271812722785
-0.000028552912656265137
-0.000011215768482396359
5.416174287603115e-6
0.000021432820140403294
0.00003691627290108312
0.000051941968265067364
0.00006657966065211219
0.00008089428941782269
0.00009494674531869299
0.0001087945548137064
0.00012249249713543693
0.00013609316695325786
0.00014964749377998601
0.00016320522796361522
0.00017681540210887387
0.0001905267760326627
0.00020438827285613727
0.00021844941354038977
0.00023276075707733603
0.0002473743536444196
0.00026234421832330596
0.0002777268334811887
0.00029358168863538104
0.0003099718675949886
0.0003269646939389575
0.00034463244749344317
0.0003630531664860954
0.00038231155256226025
0.00040249999896227874
0.00042371976602125427
0.0004460823329505005
0.00046971096082443534
0.0004947425091498876
0.0005213295577173356
0.0005496428971766202
0.0005798744666117112
0.0006122408352442681
0.0006469873494833058
0.0006843930975095453
0.0007247768836475757
0.000768504456968721
0.000815997307035429
0.0008677434302109916
0.0009243105905865696
0.0009863627617125892
0.0010546806552603164
0.001130187543972248
0.001213982003144965
0.0013073797782247613
0.0014119678120704847
0.0015296746499346792
0.001662863162247217
0.0018144540660653995
0.001988092535307021
0.0021883760010555997
0.0024211702781983383
0.0026940554967004966
0.0030169666088006608
0.0034031320422252035
0.003870480539227019
0.00444380373723869
0.005158177314469919
0.006064554081716829
0.007239262507106924
0.008800872746262444
0.010941773289084805
0.013991198682390005
0.018551399535012645
0.02582299836712163
0.03849295668173066
0.06365193156303404
0.1254985650724543
0.35676752047957194
3.7270258178173172
2.375676045157101
0.30116226967936954
0.11074524299827425
0.05677031994867243
0.034310781543324814
0.02288617028704938
0.016302744135615017
0.01217121235481768
0.009412192969980563
0.007480452493005727
0.006076591233786295
0.005025171634741697
0.0042179038542865255
0.0035850325801064413
0.003079994895246352
0.002670755591703872
0.0023346947397470674
0.00205547617257868
0.0018210662086405789
0.0016224441249065532
0.0014527416435676295
0.001306655820755201
0.001180040440652706
0.0010696165149883692
0.0009727638256125284
0.0008873685990389723
0.0008117106927833876
0.000744379008841893
0.0006842073483370154
0.0006302252554417112
0.0005816199807160736
0.0005377067821103524
0.0004979055405080236
0.0004617222023067381
0.0004287339441783501
0.00039857723151755285
0.0003709381437677776
0.0003455444884065968
0.0003221593358542614
0.00030057569041768307
0.00028061207500748765
0.00026210885507469144
0.0002449251638086647
0.00022893631891628073
0.000214031643280225
0.00020011261899524385
0.00018709131781093855
0.00017488906172074544
0.00016343527595489082
0.00015266650344825767
0.00014252555532709757
0.00013296077637869243
0.00012392540804985656
0.00011537703443932637
0.00010727709913441579
0.00009959048270126217
0.0000922851322526839
0.00008533173585088343
0.00007870343561293359
0.00007237557430599632
0.00006632547099311732
0.00006053222193419995
0.00005497652349020019
0.00004964051423638871
0.0000445076338765838
0.000039562496878278626
0.000034790779027068735
0.000030179115335147774
0.000025715007941441254
0.00002138674281372628
0.000017183314210855923
0.000013094355990620861
9.110078957882471e-6
5.221213541418755e-6
1.4189571687796616e-6
-2.3050742219168324e-6
-5.958891034566558e-6
-9.550171681578323e-6
-0.000013086301470137313
-0.000016574409075750285
-0.000020021400938816998
-0.000023433993892711547
-0.000026818746309023613
-0.000030182088027123256
-0.0000335303493201527
-0.00003686978913780725
-0.000040206622858361365
-0.000043547049776242185
-0.00004689728055012186
-0.000050263564836088854
-0.00005365221933480775
-0.00005706965648756612
-0.000060522414066452425
-0.00006401718591658647
-0.0000675608541257291
-0.0000711605229171801
-0.00007482355458757766
-0.0000785576078416133
-0.00008237067891205849
-0.00008627114589586901
-0.00009026781678827475
-0.00009436998175501073
-0.00009858747025185713
-0.00010293071368264581
-0.00010741081438035656
-0.00011203962180761788
-0.00011682981700318943
-0.00012179500645378368
-0.0001269498267509293
-0.00013231006160509002
-0.00013789277304042153
-0.00014371644889150023
-0.00014980116907695168
-0.00015616879354717696
-0.0001628431753067325
-0.0001698504025171939
-0.00017721907441248187
-0.00018498061663713977
-0.0001931696426802786
-0.0002018243693714514
-0.00021098709598170557
-0.00022070475840761466
-0.00023102957229588353
-0.00024201978190917378
-0.0002537405351882154
-0.00026626491002702156
-0.0002796751224994474
-0.0002940639549908609
-0.00030953645133792245
-0.00032621193774900055
-0.0003442264432542756
-0.0003637356127772662
-0.0003849182310731737
-0.0004079805087243839
-0.0004331613248597841
-0.0004607386791002563
-0.0004910376828249594
-0.0005244405248897902
-0.0005613989904889546
-0.0006024503100651586
-0.0006482373918534008
-0.0006995348823715591
-0.0007572830579019914
-0.0008226323597979635
-0.0008970025772615997
-0.000982162460070331
-0.0010803382466394677
-0.0011943637768822516
-0.0013278914692991988
-0.0014856941201429534
-0.0016741051647326084
-0.0019016751347341564
-0.002180174856217199
-0.002526171862278371
-0.002963587697021734
-0.003528001746520235
-0.004274211987014933
-0.005290209626466994
-0.006724638230741857
-0.008844963733455865
-0.012172979135329694
-0.017842201561497132
-0.028715986287226686
-0.053893323629170174
-0.1366175923935645
-0.8335964188914229
-3.561334004137364
-0.2149225864440684
-0.06939969629822153
-0.03372937067710321
-0.01981369417333893
-0.012989899671403082
-0.0091493659038587
-0.006778312904075769
-0.005213736887690708
-0.00412814278744994
-0.0033447162920475014
-0.0027612154740201582
-0.002315199703144721
-0.0019667973254208055
-0.0016895862195794617
-0.0014654993062285396
-0.0012818461837178531
-0.0011295030963871119
-0.0010017755122710336
-0.0008936622065225314
-0.0008013667340466949
-0.0007219656536734481
-0.0006531785739119866
-0.0005932058278324151
-0.0005406119762020998
-0.0004942409345519663
-0.00045315328581833247
-0.00041657939382994504
-0.00038388392727194603
-0.00035453872939270666
-0.00032810186421580295
-0.00030420128402492417
-0.00028252198975767386
-0.0002627958565296374
-0.0002447935107169092
-0.0002283177993926678
-0.00021319850531420094
-0.0001992880433137735
-0.00018645793528519153
-0.00017459590687591585
-0.00016360348364696678
-0.00015339399081943487
-0.00014389088091640417
-0.00013502632918382254
-0.00012674004876871947
-0.00011897828708015979
-0.00011169297218627562
-0.00010484098396776924
-0.00009838352941297182
-0.00009228560516255465
-0.00008651553340056091
-0.00008104455959634082
-0.00007584650255155696
-0.0000708974487905893
-0.0000661754846244043
-0.00006166046027485755
-0.00005733378131353607
-0.000053178223382405806
-0.000049177766750084384
-0.00004531744774125161
-0.000041583224474896934
-0.000037961854672954586
-0.000034440783568265355
-0.00003100804015482373
-0.000027652140195573973
-0.00002436199453443391
-0.00002112682135675718
-0.00001793606110753497
-0.000014779292810791144
-0.000011646150538385505
-8.526238749212912e-6
-5.4090451615608375e-6
-2.2838497265852767e-6
8.603718629921387e-7
4.035051875043195e-6
7.252143430811459e-6
0.00001052424486701033
0.000013864738223138314
0.000017287944983412768
0.00002080930279785334
0.000024445567649713005
0.000028215046872141636
0.00003213786959180174
0.00003623630266159884
0.00004053512202802969
0.00004506205187805711
0.000049848286985531565
0.00005492911764144173
0.00006034468169323181
0.00006614087493481436
0.00007237045992203008
0.00007909442499914219
0.00008638366097365821
0.00009432104397788227
0.00010300404176882811
0.0001125480001777411
0.00012309032121945974
0.00013479582134126225
0.0001478636677080333
0.00016253644800317697
0.00017911215936829231
0.00019796024334357203
0.00021954330799524123
0.00024444696756802076
0.0002734214646464382
0.0003074407131521216
0.0003477876296300695
0.00039618004393388294
0.0004549608585431303
0.0005273928786455935
0.0006181297845154154
0.000733994729902762
0.0008853197818558988
0.0010883606360211676
0.0013699001077390376
0.00177664206828122
0.00239607576345712
0.003408144259383548
0.005233275729177207
0.009054342072765403
0.019368619707366214
0.06744388987803947
3.760458347382313
0.12168559810666373
0.025645166735473453
0.010759556330060463
0.00586714643797154
0.0036777100622858855
0.0025138909437057992
0.0018229528103260557
0.0013798334905591504
0.001078963647036787
0.0008655090552030248
0.0007087013452223372
0.000590196500529958
0.0004985092489019293
0.00042615238284532083
0.0003680768071379004
0.0003207779174766137
0.0002817618760446529
0.00024921521632641615
0.00022179385804126878
0.0001984846533850332
0.00017851231481586926
0.00016127549270482196
0.00014630202074405853
0.00013321703338961102
0.00012171989338586833
0.00011156725420879766
0.00010256046235544653
0.00009453607422527239
0.00008735863808375658
0.00008091514356760905
0.00007511071279516089
0.00006986522570180175
0.00006511065522194679
0.00006078894677116144
0.00005685031866517464
0.0000532518906852663
0.00004995657038246801
0.00004693214325538128
0.00004415052527176625
0.000041587145479775525
0.000039220433485152525
0.00003703139193935211
0.0000350032383124072
0.00003312110342120169
0.00003137177667487341
0.00002974348995187553
0.00002822573356313454
0.000026809098976684305
0.000025485143952272683
0.00002424627651400037
0.000023085654816549786
0.000021997100467993682
0.000020975023284264783
0.000020014355786611532
0.000019110496028593124
0.00001825925756557293
0.00001745682556648062
0.000016699718222304733
0.000015984752734400142
0.000015309015272924664
0.000014669834385441939
0.000014064757411024681
0.000013491529518554574
0.000012948075041461972
0.00001243248082640232
0.000011942981351844527
0.000011477945405271766
0.00001103586413561127
0.00001061534032140985
0.000010215078715748785
9.833877346493316e-6
9.470619665637015e-6
9.124267454594493e-6
8.793854403614313e-6
8.478480293300237e-6
8.17730571475437e-6
7.889547272284863e-6
7.6144732190703826e-6
7.3513994818515e-6
7.099686035640161e-6
6.858733593788799e-6
6.627980582567405e-6
6.406900372732678e-6
6.194998743542594e-6
5.991811557256398e-6
5.796902624468882e-6
5.60986174266267e-6
5.430302892164373e-6
5.257862575297708e-6
5.092198285940731e-6
4.93298709797434e-6
4.779924362227906e-6
4.632722502541403e-6
4.491109902460383e-6
4.3548298748909685e-6
4.223639707759219e-6
4.097309779366483e-6
3.975622737715761e-6
3.858372738607959e-6
3.7453647377683237e-6
3.6364138326987702e-6
3.5313446503236826e-6
3.4299907768467324e-6
3.3321942265459954e-6
3.2378049465158504e-6
3.1466803546218276e-6
3.058684908161238e-6
2.9736897009362424e-6
2.8915720866362676e-6
2.812215326595092e-6
2.7355082601520477e-6
2.6613449959846094e-6
2.5896246229135868e-6
2.520250938799573e-6
2.4531321962588437e-6
2.388180864025564e-6
2.3253134028789565e-6
2.2644500551353913e-6
2.205514646784466e-6
2.1484344014130707e-6
2.093139765131869e-6
2.0395642417696676e-6
1.9876442376627792e-6
1.9373189154087524e-6
1.888530056005609e-6
1.8412219288346618e-6
1.7953411689872949e-6
1.7508366614688481e-6
1.7076594318474432e-6
1.6657625429448814e-6
1.6251009971946806e-6
1.5856316443186984e-6
1.547313093996937e-6
1.510105633227701e-6
1.4739711480951465e-6
1.4388730496810334e-6
1.404776203873742e-6
1.3716468648453915e-6
1.33945261198112e-6
1.3081622900607378e-6
1.2777459525035838e-6
1.2481748075016033e-6
1.2194211668752987e-6
1.1914583974984923e-6
1.1642608751474323e-6
1.1378039406383757e-6
1.112063858126538e-6
1.0870177754472638e-6
1.0626436863872303e-6
1.0389203947803628e-6
1.015827480330027e-6
9.933452660639135e-7
9.714547873348695e-7
9.501377622851498e-7
9.293765636967954e-7
9.091541921553462e-7
8.894542504582668e-7
8.70260919203527e-7
8.515589334974687e-7
8.333335607243292e-7
8.155705793236314e-7
7.982562585239921e-7
7.813773389853359e-7
7.649210143039819e-7
7.488749133374264e-7
7.332270833084435e-7
7.179659736498424e-7
7.030804205538625e-7
6.885596321915328e-7
6.743931745698754e-7
6.605709579958766e-7
6.47083224118431e-7
6.339205335204318e-7
6.210737538351393e-7
6.085340483618923e-7
5.962928651579094e-7
5.843419265837881e-7
5.726732192817766e-7
5.612789845667119e-7
5.501517092107262e-7
5.39284116603697e-7
5.2866915827225e-7
5.183000057413469e-7
5.081700427226549e-7
4.982728576153921e-7
4.886022363054836e-7
4.79152155249979e-7
4.699167748339106e-7
4.6089043298782483e-7
4.5206763905451616e-7
4.434430678940419e-7
4.3501155421684917e-7
4.267680871350342e-7
4.187078049224567e-7
4.1082598997478896e-7
4.03118063960954e-7
3.955795831579285e-7
3.8820623396112024e-7
3.809938285629752e-7
3.7393830079285195e-7
3.670357021114021e-7
3.602821977530564e-7
3.536740630106026e-7
3.4720767965594856e-7
3.4087953249155785e-7
3.3468620602723215e-7
3.2862438127718777e-7
3.2269083267256225e-7
3.16882425084754e-7
3.111961109551302e-7
3.056289275269019e-7
3.001779941751392e-7
2.948405098309998e-7
2.8961375049655544e-7
2.8449506684659575e-7
2.7948188191408683e-7
2.7457168885601344e-7
2.6976204879647945e-7
2.6505058874418215e-7
2.604349995813018e-7
2.559130341211673e-7
2.5148250523205104e-7
2.4714128402461073e-7
2.428872981005493e-7
2.387185298602437e-7
2.346330148670876e-7
2.306288402664856e-7
2.2670414325744484e-7
2.2285710961481986e-7
2.1908597226036134e-7
2.1538900988077573e-7
2.117645455910891e-7
2.0821094564163397e-7
2.0472661816712886e-7
2.0131001197629966e-7
1.9795961538057708e-7
1.9467395506050556e-7
1.9145159496850488e-7
1.8829113526665504e-7
1.8519121129832106e-7
1.8215049259239794e-7
1.791676818990199e-7
1.7624151425564765e-7
1.7337075608245968e-7
1.7055420430605133e-7
1.677906855104317e-7
1.6507905511439088e-7
1.6241819657435233e-7
1.5980702061177454e-7
1.5724446446434663e-7
1.5472949116009046e-7
1.5226108881364708e-7
1.4983826994396908e-7
1.4746007081270714e-7
1.4512555078260244e-7
1.4283379169519618e-7
1.405838972672304e-7
1.3837499250512092e-7
1.362062231368826e-7
1.3407675506095638e-7
1.3198577381137008e-7
1.299324840386852e-7
1.279161090062476e-7
1.2593589010120916e-7
1.2399108635985852e-7
1.220809740068025e-7
1.2020484600752722e-7
1.1836201163394861e-7
1.1655179604249376e-7
1.1477353986434532e-7
1.130265988074454e-7
1.113103432698863e-7
1.0962415796434331e-7
1.0796744155317393e-7
1.0633960629387762e-7
1.0474007769457763e-7
1.031682941792046e-7
1.0162370676209533e-7
1.0010577873170311e-7
9.861398534315332e-8
9.714781351933791e-8
9.570676156033817e-8
9.429033886086445e-8
9.289806563551429e-8
9.152947265158068e-8
9.018410096919409e-8
8.886150168857359e-8
8.756123570417672e-8
8.62828734655343e-8
8.502599474456594e-8
8.379018840919703e-8
8.257505220308093e-8
8.138019253123446e-8
8.020522425143043e-8
7.904977047116514e-8
7.79134623500407e-8
7.6795938907398e-8
7.569684683505387e-8
7.461584031498582e-8
7.355258084182901e-8
7.250673705003387e-8
7.147798454556338e-8
7.046600574198274e-8
6.94704897008324e-8
6.849113197614381e-8
6.752763446299548e-8
6.657970524998295e-8
6.564705847549283e-8
6.472941418767762e-8
6.38264982080224e-8
6.293804199840243e-8
6.206378253153281e-8
6.12034621647197e-8
6.03568285168129e-8
5.952363434827426e-8
5.870363744427854e-8
5.789660050075306e-8
5.7102291013287135e-8
5.632048116882087e-8
5.5550947740042156e-8
5.4793471982415687e-8
5.404783953377544e-8
5.331384031640271e-8
5.2591268441530916e-8
5.187992211620508e-8
5.11796035524339e-8
5.049011887857197e-8
4.9811278052874746e-8
4.914289477916213e-8
4.848478642453783e-8
4.7836773939112685e-8
4.7198681777667294e-8
4.657033782321826e-8
4.595157331242045e-8
4.5342222762769866e-8
4.4742123901553534e-8
4.4151117596499134e-8
4.356904778808587e-8
4.2995761423463173e-8
4.2431108391946006e-8
4.187494146203749e-8
4.1327116219941476e-8
4.078749100953022e-8
4.025592687372055e-8
3.973228749723392e-8
3.921643915069058e-8
3.8708250636019555e-8
3.82075932331353e-8
3.771434064785937e-8
3.7228368961049775e-8
3.674955657891019e-8
3.627778418444633e-8
3.581293469004315e-8
3.53548931911305e-8
3.490354692091751e-8
3.445878520615724e-8
3.402049942392673e-8
3.3588582959391116e-8
3.316293116452706e-8
3.274344131778538e-8
3.233001258466422e-8
3.192254597917608e-8
3.152094432618041e-8
3.112511222456589e-8
3.073495601125686e-8
3.035038372602705e-8
2.9971305077099916e-8
2.9597631407513404e-8
2.9229275662235046e-8
2.8866152356006972e-8
2.850817754190144e-8
2.8155268780571466e-8
2.780734511018262e-8
2.746432701700061e-8
2.712613640663002e-8
2.679269657587956e-8
2.6463932185244818e-8
2.613976923198888e-8
2.5820135023810274e-8
2.5504958153083446e-8
2.5194168471655045e-8
2.4887697066188763e-8
2.458547623403861e-8
2.4287439459644668e-8
2.3993521391434657e-8
2.370365781922146e-8
2.341778565208344e-8
2.313584289671885e-8
2.2857768636259215e-8
2.2583503009535493e-8
2.231298719078353e-8
2.2046163369778417e-8
2.1782974732389862e-8
2.152336544154752e-8
2.126728061860684e-8
2.1014666325105882e-8
2.07654695449054e-8
2.0519638166702352e-8
2.0277120966908066e-8
2.003786759288353e-8
1.9801828546523563e-8
1.9568955168181082e-8
1.9339199620924787e-8
1.9112514875121712e-8
1.8888854693339257e-8
1.8668173615555397e-8
1.8450426944675795e-8
1.8235570732346027e-8
1.8023561765054503e-8
1.7814357550519635e-8
1.7607916304354324e-8
1.7404196937001797e-8
1.72031590409365e-8
1.7004762878125375e-8
1.6808969367740607e-8
1.6615740074123262e-8
1.6425037194987628e-8
1.6236823549862586e-8
1.6051062568766523e-8
1.5867718281107752e-8
1.5686755304807418e-8
1.5508138835639636e-8
1.533183463678333e-8
1.5157809028582724e-8
1.4986028878510404e-8
1.4816461591329513e-8
1.464907509944975e-8
1.4483837853474914e-8
1.4320718812935273e-8
1.4159687437203496e-8
1.4000713676587252e-8
1.3843767963597965e-8
1.3688821204389087e-8
1.3535844770361488e-8
1.3384810489933422e-8