-3.0661610953479957e-18
-3.528317112884054e-18
1.1790972609182674e-18
-8.961633026097396e-6
0.00018472839521164398
-0.0006663573702778415
-0.00010108464609639197
-0.000012893026659146462
0.00021648704357745394
-0.00008452149781588354
-0.00021390759179494817
3.4824036034612437e-6
0.00036025200434011955
-0.00019163108945005942
0.0001948818570817799
-0.000035017063962552554
-0.00003195874767761545
-0.0004966050300979205
0.00024386680581674233
-0.00032603122589555076
-0.00014301810953709832
0.00008483459554017198
0.0006728796840150614
-0.0003023555670417925
0.00044043355589419163
0.0005969638745905603
-0.00013908092749181559
-0.0010009230044153174
0.00036068293975269344
-0.0006036252320259436
-0.0005907933943815476
0.00022760004651983836
0.0010524436112163038
-0.00025975194172588994
0.0007399585148000103
0.000586846319002768
-0.00037243544083075044
-0.0011960943206072825
0.00008120890418858
-0.000758604223656153
-0.000399928433828832
0.0004980578706073781
0.0007091992624655124
0.00048094992709341895
0.00046785541510016153
-0.00012008667109619884
-0.0006387258485239549
0.0003020656670980423
-0.002050210391886439
0.0007009556854431659
0.002605049567205864
0.0006830104130314368
-0.004392421264035962
0.010755023697390079
-0.010530196392310304
-0.01936432268950883
0.0005356726498676813
0.05169129148501996
0.25690435939430006
0.33286654662492515
0.2349274947340708
-0.020101815492581592
-0.10759936774611345
0.008020246382208943
-0.0036872396045775383
-0.0052022969462083
-0.0011772951732688173
0.003053240768992679
-0.0014595933587354427
-0.0021849736384197908
-0.0005916575065943839
0.00218702793258574
0.0033821331114787653
0.00033868776168784827
0.004072193459949844
0.002045454398398501
-0.0027722179446201234
-0.00585182773958073
0.00025751394387588355
-0.005447436010333111
-0.00335042090884385
0.0034403164276586486
0.007650851296044821
-0.0001909531363345948
0.006657378699546695
0.003959046119735154
-0.004361005136996885
-0.009058045152651836
-0.00030758786202849715
-0.008150685999342029
-0.004613799055147741
0.0054642527378971776
0.01087032945823765
0.00041932625166497925
0.009739358445458481
0.005227193592495067
-0.006698822057199829
-0.012876663205003955
-0.0008615306035464861
-0.011957969561227352
-0.006085733622313092
0.008192197005642093
0.015608523302906437
0.0014936954275219525
0.0146680500122735
0.007301237042263385
-0.010578856521839854
-0.018332983715847104
-0.0026388348798273916
-0.018204962155247705
-0.008290758044701897
0.012824236742173416
0.023035256731354353
0.003474342636743715
0.022751208942141436
0.010813361860993685
-0.01750069873640201
-0.027535452718730518
-0.005817464885849217
-0.029810199630004343
-0.012505256178707826
0.021184952756836357
0.03655398184617698
0.00729546776256812
0.03888361622838451
0.01774856812621351
-0.03134830659715066
-0.04382587097961068
-0.015027301696591763
-0.05559114963708831
-0.019723743990330504
0.03724299102429986
0.06630973641936291
0.015699635095415373
0.07938913304398447
0.03949226720474833
-0.07002455587887195
-0.06499162107302547
-0.18024787571252807
-0.13474595705661033
-0.022752106792942418
0.035721496117155103
0.06490661181930223
0.08459222858302153
0.07347344126333268
0.026606466432108518
-0.10153122831222061
-0.5031213503580435
-0.043583272638790964
-0.34109358855579597
-0.46214354977452116
1.065171510634908
0.6102512814669144
1.0347006791226567
1.5035138487764619
0.4409436640166355
-1.9054195684586097
-10.768117715566504
-1.8993072523094603
-19.786966034935425
-2.311544354547001
3.5984798352457927
7.945321707120124
0.48551030129786055
1.5190042508961639
0.503131899055484
-0.8606595206524701
-0.6320862672150394
-0.21307495855838696
-0.39634433172803313
-0.09128465927120356
0.23207438290776966
0.3110958875453802
0.06669774630291442
0.18070958520071387
0.051935983566224385
-0.12890240945378098
-0.13843193285915475
-0.043122997070242475
-0.09961978571676396
-0.02559797476995641
0.07262224428629109
0.08915989021747561
0.02551179406041887
0.0645450525483867
0.017967803347551922
-0.0488338791285881
-0.058372565760201896
-0.017973155165674055
-0.045170496857661516
-0.01222769553412684
0.034856564442477464
0.04199225650780292
0.01379032804793501
0.033965441875915506
0.0092804402790493
-0.024757031138671993
-0.03173999190554677
-0.009804486085295877
-0.02581302270732762
-0.007406474473603116
0.02111627682198956
0.02521116566741475
0.008681249279697677
0.022042255342494193
0.006141403015374364
-0.016813501728792014
-0.021365648965351067
-0.006449022335752625
-0.018537043741882767
-0.006633334757623821
0.01540280075545169
0.01815473382571685
0.006728231522564071
0.01792963769678541
0.005166058395102096
-0.01297801035641747
-0.019151432018410856
-0.004504967099872975
-0.01721938533083306
-0.00635080556110046
0.014570837237459186
0.016514095949591998
0.00731712465631615
0.017963603890766077
0.005153990066333018
-0.01192534183965288
-0.01972145940921436
-0.004168613835403143
-0.0185192257900704
-0.00945759694514948
0.016288861474867813
0.013001242134565043
0.049168917615464276
0.023199314972259605
0.003342499969421968
-0.0059058146553623994
-0.010193913411082306
-0.011325689226632327
-0.009813892935670877
-0.0035873176122058824
0.01184131423055133
0.06587547104762471
0.004001213571095406
0.02469354443901251
0.019938862346939295
-0.05092879558639701
-0.039499834602263556
-0.018861864280075837
-0.04321766114845055
-0.012175105586696024
0.037621682919452996
0.09687154286131457
0.011937888067044511
0.059342497322442074
0.02867741951392139
-0.09314942525581224
-0.09150100487002585
-0.05113418340853277
-0.11514348769285099
-0.035753359254958254
0.1083462254477332
0.2631193400767775
0.05792368789561552
0.2122363829432661
0.11325016847201651
-0.38757612130339547
-0.38201317030608256
-0.3793859580291243
-0.7320134574084253
-0.2571982710238575
0.8932764986464841
4.798079078343993
0.574806844600917
9.466248507001215
16.920604207838213
-12.428871291663057
-19.704608979314546
-1.065044070211291
-2.4708099510398984
-0.5842662858121511
1.0514591457762184
0.6118454962212168
0.3310468674269342
0.40738083552140497
0.05682112816692789
-0.25123593354691937
-0.2912656277198324
-0.09425531045416122
-0.18665019544635325
-0.040422230707444454
0.10707259839668141
0.1019419568320193
0.044139348140284786
0.08128253515804673
0.009447479799746207
-0.07192770857568322
-0.07133176185105342
-0.03409799213534032
-0.06167831103166767
-0.014732318759288807
0.04023411269438205
0.03839145210596387
0.020587337753672132
0.03198879287493978
0.004073462263248729
-0.02912449236174642
-0.03199347090924862
-0.015513930004262445
-0.025460670559309666
-0.0032353697563917557
0.01957085712568229
0.01870685927117907
0.010019550045504177
0.016152237659335485
0.00031146869304288824
-0.016665885268797677
-0.01647244930864238
-0.009792773307445336
-0.014969282250032129
-0.0028350838897897622
0.010015732046878318
0.009521508169188689
0.0052072835940986505
0.008914100426083949
-0.00034785545569794503
-0.010988023652656387
-0.009775595059970063
-0.006283527089784957
-0.008029030777320438
-0.0018135143251470417
0.00562819003621555
0.005321706026681819
0.0032933852764192536
0.004944168258401263
-0.000440495640909126
-0.006587398502500542
-0.00480865754040126
-0.0038373060528631747
-0.005134690631932208
-0.0007134225753314096
0.003888829945864655
0.002836575701628817
0.0019093934159120534
0.0027590265337307024
-0.00046170448666290546
-0.0035843870097003994
-0.0028708086678603914
-0.0023414171309570383
-0.0024481891497595966
-0.0001466718041335489
0.0017633815040037281
0.0014517343681602233
0.0013296613090645277
0.001113780971008665
-0.00037233710664182784
-0.0017815955599138266
-0.0011163457416116511
-0.0012087835577206409
-0.0008885331300672933
0.000015174881627698933
0.0005918654689631872
0.00047501840840668695
0.00028995075191274705
0.00010586454110991954
-0.0003021093225401274
-0.00047302730557765546
-0.0000742216009769176
0.000137017335421925
0.0003915470346552647
0.00011213682915253843
6.321576534730189e-6
-0.000025777175197911833
-0.0003588008247939465
-0.0002295596992087219
-0.00002637664722219984
0.0002709737634808325
0.0008767853541204926
0.00032473077062005715
0.0007973138555561406
0.0002684910889683539
-0.0009195265763167954
-0.00028215537942102837
-0.0007049445205034638
-0.0008575056242345644
0.0001802060737932527
0.0010799479362060085
0.0012279513964722779
0.0009974028967579417
0.0014880258263867024
0.0003288333875794854
-0.0009072781420025993
-0.00012588168069163825
-0.00117679127508725
-0.0009399058234942722
0.0007734634726166775
0.0020395183860823203
0.001442072257375472
0.001916907999283269
0.0021708399719437806
0.0005898293115960899
-0.00045839590946744645
0.0007643832837101358
-0.0006465962598364971
-0.00046138211359332586
0.002032343136476112
0.0031420168428507463
0.0017428603933021887
0.0034977108734641237
0.003044611558244322
0.001310854224761642
-0.0010357815576068912
0.0023963143385117617
-0.003433383408245095
0.002178749678684688
0.005183288124093025
0.005215997650418837
0.00214887278723927
0.008539409115345861
0.00402759335665813
0.0008008980719201782
0.001242749865875113
0.01200696002466011
-0.0008464554251632221
0.0077670145990918395
0.014146457932221516
0.012420743674495848
-0.0002657057183774162
0.026925925294475298
0.010655516410681026
0.008188147763669417
0.03206437914003356
0.06147356092433384
-0.020185653093687472
0.0672705245739789
0.09053369038597338
0.07081325277816052
-0.0366299941747032
0.2681565081937222
0.10807271180351759
0.1367063850931286
6.767682625359245
16.29679356947059
0.594405549644805
0.8673001038599142
0.5386844022566482
0.22673047376872174
-0.0473545820632712
0.13268553927563587
0.011721715570672222
0.005709255595312476
0.03922294501186715
0.06630878768711941
-0.019446169831008615
0.02788644740443418
0.029823914554181787
0.014051795270569769
-0.005221970967572343
0.018155748768322606
0.005143197590998626
1.1386279321086494e-6
0.002868526428384331
0.014787065877023817
-0.0028794255031905146
0.006103649321667625
0.00961972149292648
0.006616289900585907
-0.0010575099271336761
0.008802958628653951
0.003775877302677161
-0.0014226335172844132
4.684249704581078e-6
0.005367639647618965
-0.0038908347267035365
0.0009793094425114362
0.004502717330516502
0.004818962909572958
0.00007508217282539267
0.006129868071380682
0.003749059657464913
-0.001570147264771296
-0.0018749372695737049
0.0017298804360027873
-0.005072779046957695
-0.001452813420701813
0.002360725929487013
0.0039178009321445065
0.0007439649149461165
0.004702459787121723
0.004516295103787979
-0.0021296665382433857
-0.0027007909642687102
0.00011992413092524063
-0.009202890564917092
-0.0015555219803063058
0.0006983678991854362
0.0015903444559692888
0.0017662446241256038
0.0018346657154099722
0.0011512154445900455
-0.0004006911269106434
-0.004028386908254511
-0.019221541910818523
-0.001904338795461893
-0.003465924799187129
0.001434095536144979
0.004409638589152254
0.001898802840583736
0.0035817258343573207
0.003030550617967377
-0.00016754963208256548
-0.0037172639391764048
-0.003097426639264763
-0.0022300200282878014
-0.0033651080655589826
0.0005159583532139497
0.004003305377210021
0.0024878752378038435
0.0030384333712093195
0.003357448677777859
6.238531252706606e-6
-0.003717727066782913
-0.0032743558328381752
-0.0024324460849865577
-0.003740892322313322
-0.00006283635969827364
0.0037488936310479406
0.0027372288091310607
0.002621061793890887
0.00333833709538641
-0.00013120160081198762
-0.004080006862389545
-0.0038529006782312566
-0.00284391592992378
-0.004244177798837973
-0.0007219363739546247
0.0033433907930763736
0.002232713307499022
0.002180461415500135
0.002739976200761673
-0.0009590696477532074
-0.004857045525419633
-0.004509980520737521
-0.004081650526111658
-0.0051793851566572
-0.0016365434020189343
0.0019075762051385557
0.0003539494225981154
0.0006877300350045077
0.00018656795717610168
-0.004248349589420036
-0.0076886426129572465
-0.006614580916851857
-0.009719742511332029
-0.008482007183751247
-0.005304027402286633
-0.008387268723960005
-0.01836037634997844
-0.006918921801882519
-0.02836678855643256
-0.04943500099470473
-0.04727436729418697
-0.021051963507939798
-0.39162838367013714
-0.820422778975678
-0.10634690934510446
-0.196531000629711
-0.15623992288457483
0.0063880440930680895
-0.03566965674952024
-0.032936381290822735
-0.01175901933358693
0.004900868952959157
-0.020399792668565418
-0.0030358227330889746
0.004426943779435553
0.0007982773183928471
-0.0024715939826879855
-0.006426031081268563
-0.008149403846793257
-0.007539269525628404
-0.004900279226069042
0.000358512670026972
-0.0038804052882441074
-0.002337539486490954
0.001224138865849262
0.00318679717898701
-0.0012535031840170325
0.0022667590428440375
0.0013524245582880478
-0.0021867304551369286
-0.003947695847221444
-0.0014940675296928935
-0.003660543108234122
-0.0029558918139639795
0.0001810482664063946
0.002391979866570989
0.0005158451078892682
0.0019831653939886298
0.0019657571395298497
-0.0011558912479410553
-0.003498300975114647
-0.002366025514923028
-0.0029363266796234486
-0.0031087561132635572
-0.00006337756163046208
0.0026079507820227095
0.0015223298272738208
0.001915670769415331
0.0024322085896542572
-0.0006123696767300166
-0.003454855779074729
-0.0025500818675298544
-0.002601657192769036
-0.0032565281693912717
-0.00018100158985915707
0.0028073797915021395
0.0019415998196548683
0.00201700488150995
0.002710441123658587
-0.0003953853204737323
-0.003526191286336431
-0.0027611361713052044
-0.002544886623904089
-0.003345595671075113
-0.0002614834820080414
0.002977303235933055
0.0022786052712545813
0.002117780210346599
0.002776686740594453
-0.0002559652937683751
-0.003494457251458042
-0.002867953800574625
-0.002463048651893518
-0.0033972694702777083
-0.00029034536961831573
0.003068682111086155
0.0024426208242650767
0.0020629331878513502
0.002954108244021154
-0.00009639488605105323
-0.003530336562770845
-0.0029863767920661486
-0.002412192410104197
-0.0034711428137530094
-0.0003654929043499561
0.0031541918568029448
0.002574050461718339
0.002066167475691811
0.003145542461120155
0.0000405549715333895
-0.0034795603416939076
-0.0031194079383828643
-0.0023652207361835086
-0.003495387854353012
-0.00032590939349229163
0.0032212376223212562
0.002753092226858635
0.002174508595872125
0.003191780751931988
0.00011899644634384011
-0.003550554361731704
-0.0030777277951092685
-0.0023479266646097684
-0.0036024507911425556
-0.0003276608098049014
0.0032242345273328704
0.002867344954925422
0.002143799356507802
0.0033052022700697328
0.00011506361271967573
-0.003524440653755929
-0.0031170316761538574
-0.0022659184794349336
-0.0035040161824458735
-0.0003080834111650417
0.003366600029855849
0.002963708536557578
0.002179433373995294
0.003347335205645025
0.0001913928753012805
-0.003504969193587909
-0.0031757320126096604
-0.002380312137411495
-0.003538287632619188
-0.0003312817184592803
0.0034469870506421926
0.0029506679671091295
0.0021794502318282635
0.0034076324126820746
0.00021444028105049385
-0.0035122200526629564
-0.0032274588850298106
-0.002124855741474283
-0.003619923714830417
-0.0003965547073258225
0.003319150005817094
0.003147007371931525
0.002166358955669846
0.003347665250334453
0.0002887889833692677
-0.0036359719112442775
-0.003355073316086473
-0.0020963581256220843
-0.003521639768842265
-0.00046674802546135027
0.0034803180490029953
0.0032911877630095493
0.0019222061389677315
0.0034799249441848238
0.00027574811144064987
-0.0036089416694046286
-0.003266864983755255
-0.0021114254945554293
-0.0033836921761263923
-0.0003993585727774838
0.0033572586190730547
0.0033455627046527596
0.0020112137515315115
0.0035558366400693046
0.0003869150811983706
-0.0034973536674966516
-0.003292241192980134
-0.0020423680936425986
-0.0037815938358445743
-0.00037770357769075023
0.0032616451124986763
0.0034037533425204354
0.0019537590373960756
0.0035565425752646005
0.00032255745334415113
-0.0033964664409012707
-0.0033661597957341406
-0.0021667694296386803
-0.0037284465342847426
-0.00046062214456846467
0.0033110735575547115
0.0032414361541093133
0.0020291695750984796
0.003364333017786854
0.000507075643407041
-0.003551300491401223
-0.0031849494439766444
-0.002109220194066085
-0.003431197462907048
-0.0004909040041059369
0.003375216820508012
0.003236591817390517
0.0022108902101132693
0.003495813791368488
0.00035214670180350275
-0.0035532002004582536
-0.003299961348854424
-0.0019744485232575876
-0.0036105738336794173
-0.0004360160542529939
0.0034097186429522296
0.003359029072253812
0.0022454371940752896
0.0038291530383242805
0.0004008491297245011
-0.003608357245934738
-0.0035075635954980792
-0.0023817534239643015
-0.0036555423720776637
-0.0004505603274293975
0.0036339808249720392
0.003433718000932023
0.002121382930623807
0.0036750951071964962
0.00040899694916043917
-0.003731692067642216
-0.003585222702782467
-0.002255047764483739
-0.0037971716122952985
-0.00041707821375075037
0.0036365269646080815
0.0034043840607680793
0.002402953548000382
0.003713877672540777
0.0003947655394549752
-0.003517421854999517
-0.003466633509624858
-0.0023630330986115656
-0.003916563954547623
-0.0004009938555005383
0.0037935724325353394
0.0036587624618809283
0.002487720096131838
0.003830541094399744
0.00032863696821401747
-0.003763083111683014
-0.003446408179002963
-0.0024324057991519606
-0.0037890287691127
-0.0003674306524122231
0.0036642193110871797
0.003454236343566588
0.0024468122484081955
0.003946734257466812
0.00039563504975428216
-0.003927343434897379
-0.0034846237381923086
-0.0024815379042053697
-0.004020477508979502
-0.00040828920187518524
0.003909864436660724
0.00348858550330234
0.0025057952633200493
0.003751296853513023
0.00040920917253388405
-0.0038060178974613427
-0.003706182729281407
-0.002328703466120676
-0.00380768023177584
-0.0003672565426350696
0.0037571655098960245
0.0034576169511050035
0.002234329587763874
0.0036812528596887888
0.0004381661539144953
-0.003651660739955263
-0.003552941594645368
-0.002536192744501842
-0.0038347943640070466
-0.00043182103042913695
0.0036493773183954247
0.003739439319574367
0.0022653451477251786
0.0038657614100992585
0.00047598658412316387
-0.0037514241810151245
-0.003533243406178237
-0.002410820687982209
-0.004061393179604826
-0.0005421609279870933
0.00378583781984147
0.0036114632904965267
0.002314220564656788
0.0038137547987464483
0.0004913434026645418
-0.0037387366069883167
-0.003837333607658705
-0.0022465707578069234
-0.003959170627298002
-0.0005488469540480388
0.003512356616861875
0.003723691546774271
0.002239216175672118
0.003958139946321728
0.0005080725572113739
-0.003791621842115178
-0.0036305908539135956
-0.002438087439778575
-0.003911953171836268
-0.0003999035573650277
0.003958901095138589
0.0036091685698839797
0.0021931078830604547
0.003983816713467403
0.00044691531724719513
-0.003684128077960109
-0.003657617141447851
-0.0023300832109713057
-0.00425266617818424
-0.0005081939217116338
0.003449837529944609
0.0035767976860467507
0.002416231284073927
0.0038091534838129784
0.0005483160352957706
-0.003611497804587526
-0.0036459365263970724
-0.0021598308491534647
-0.0039797589891968944
-0.0005190484225004982
0.003908083371087298
0.0036862630515075946
0.0022428366352419014
0.004322727796956589
0.00046560727777611823
-0.003937527710120162
-0.003593215726983178
-0.0022757441332897387
-0.004095563282010159
-0.0004582938992403344
0.0036382671717007154
0.0037401224212565624
0.0023160060386530593
0.003997670256194685
0.0005542891768755307
-0.0037079685385283654
-0.003776589903287923
-0.0022180744401273365
-0.0038632315269331403
-0.00048602499104998014
0.0037570992480099345
0.003704602206250637
0.0023378739212114585
0.003999261333645598
0.00044672929176046316
-0.003977267011161552
-0.003617394006407931
-0.0022476786553751694
-0.004042356345985648
-0.000410564256801838
0.003969927317357278
0.003656059286035333
0.0023088406454969596
0.0037521447232621535
0.0004279562900346148
-0.0038833506635566318
-0.0035673678974250463
-0.0023466457122322455
-0.003893330460930042
-0.00045000004890815193
0.0037931954535208577
0.0036302949167364793
0.0022235472003737607
0.003945116888621362
0.00046030819619000135
-0.003753242572222711
-0.003558483319831438
-0.0023080114118181902
-0.004016459585838182
-0.0004988951355778345
0.00388909675877597
0.0035933128247836845
0.002439295159209626
0.003964768070961325
0.00048401268770891073
-0.003914177235996142
-0.003703568724717328
-0.002365058608447473
-0.003999504571733583
-0.0004483168051157161
0.0039047836041869125
0.0036665948822580063
0.0023689835148374386
0.00397097992160066
0.0004723108556285762
-0.003860304426386655
-0.0037744222299831588
-0.002339061176137617
-0.004033952865078619
-0.0004278242870106999
0.003935610081962375
0.0037699395893253168
0.0023933369803935726
0.004196401456574136
0.0004323117755078293
-0.0039532413504508625
-0.00375141239558052
-0.0024979962188750693
-0.004179294507278256
-0.00039981463224255255
0.0040692276509495294
0.0037298509576493633
0.0024952166638623203
0.004046229876670662
0.0004224784871438105
-0.00396042136752465
-0.00381472708448378
-0.0024057466267633433
-0.004112398304915999
-0.0004358503674621644
0.003949718768946782
0.003692545027153732
0.0024416777183995956
0.004038729771560523
0.0004305732050229866
-0.00406209405775447
-0.0037470964905727882
-0.0025596378771898503
-0.004085323684794246
-0.0003907782954084228
0.004046245269018418
0.0037923856804708803
0.002456591716396838
0.004051550935079648
0.00042152893281048246
-0.0038817404191635505
-0.003772807216813184
-0.002457058003335344
-0.0040635578381017
-0.00043847004431773887
0.003919762940872228
0.003717328530454363
0.002563670601165422
0.004016622998530645
0.0004217365122006154
-0.003935576906648416
-0.003729799196741675
-0.002497349993924488
-0.004098469454225058
-0.0004446240534907469
0.004026402404139788
0.0037994061345091065
0.0024792994842496013
0.00412375059013309