0.2000001415892839
0.20001713409630467
0.20006246484847093
0.20013618139571387
0.20023836130521747
0.20036911259265652
0.2005285743285427
0.20071691742892306
0.2009343456426615
0.20118109675084928
0.2014574439976392
0.20176369777608147
0.2021002075975159
0.20246736437889018
0.20286560308925608
0.203295405804889
0.20375730523229782
0.2042518887702577
0.20477980319640723
0.20534176008154761
0.20593854205641401
0.20657101008241074
0.20724011191102035
0.20794689195812138
0.2086925028716854
0.2094782191374381
0.21030545315131158
0.21117577429558146
0.2120909316952491
0.21305288151307747
0.21406381988043352
0.21512622287718994
0.21624289539633465
0.2174170312988763
0.21865228804172268
0.21995288003262642
0.22132369646136976
0.2227704514697737
0.22429987755272765
0.22591997749183404
0.22764035664788354
0.22947266726895985
0.231431211579541
0.23353377415038842
0.23580279225061423
0.2382670360601464
0.24096407833127542
0.24394402316544067
0.24727531247338683
0.25105409889345526
0.25542003151307224
0.2605842291477152
0.2668820308454428
0.27488053000165086
0.2856210386035804
0.30124562991669385
0.3269680915770985
0.37957897398942214
0.5566265885665969
-0.709347262945934
0.055809492589269656
0.1371218376162582
0.17206673737021994
0.1918963924828427
0.20511956439109777
0.21490339335369746
0.22268882837680673
0.22922482797488733
0.23493942612141702
0.24009537017903318
0.2448632746897517
0.24935912709678784
0.25366488292446066
0.2578404226710882
0.26193082167417503
0.26597094604886673
0.2699884571368368
0.27400583373632015
0.2780417688218496
0.2821121568740356
0.2862308067655657
0.290409966747124
0.29466071838035834
0.2989932775753259
0.3034172288557065
0.3079417110656985
0.3125755674369635
0.3173274693288879
0.322206020464431
0.32721984673973725
0.3323776754509237
0.33768840689903534
0.3431611806996278
0.3488054386657611
0.35463098580371266
0.36064805072596917
0.3668673466225478
0.37330013382315996
0.379958284917747
0.386854353373827
0.39400164659061737
0.40141430435901837
0.40910738375150324
0.4170969515467952
0.4254001854013846
0.4340354851159613
0.44302259551234063
0.45238274264006456
0.46213878527711955
0.4723153839832379
0.4829391903163233
0.49403905924376035
0.505646288285279
0.5177948875299068
0.530521885399019
0.5438676759078482
0.5578764142445957
0.5725964687830637
0.5880809392284938
0.6043882525377275
0.6215828506471527
0.6397359870027248
0.6589266525708701
0.6792426566182711
0.7007818933477609
0.723653832818253
0.747981283927157
0.7739024892254732
0.8015736268235215
0.8311718147996905
0.862898739962343
0.896985067789937
0.9336958370641448
0.9733371056433103
1.0162641995298518
1.0628920354056188
1.1137081512733142
1.169289311984724
1.2303228886860829
1.2976346939467014
1.3722256673045619
1.4553208779952191
1.548435955562324
1.6534686352274393
1.7728272402293306
1.9096147418889884
2.0678986246599704
2.25311715444718
2.472709884890824
2.737131424273367
3.061550898492175
3.4688469454210837
3.9952181316344535
4.70152723602857
5.698619526107735
7.211884315882811
9.780736575924275
15.097693056173618
32.621794504145036
-213.84652548553237
-25.45554289042066
-13.592485566283916
-9.309866045329759
-7.102180615924351
-5.756103302501691
-4.849993246646308
-4.198748991130833
-3.7083396664042967
-3.3259313735080926
-3.019553179440086
-2.768724739044733
-2.5597198671873627
-2.3829945119503413
-2.231706887692607
-2.100824472563325
-1.986563186095499
-1.8860230044572608
-1.7969441684274252
-1.7175398569571747
-1.6463787361209126
-1.5823008605892186
-1.5243563778157525
-1.4717601340309798
-1.4238575690669883
-1.3800987555702622
-1.3400184008814309
-1.3032202732125937
-1.2693649512682619
-1.2381600987964685
-1.2093526775876775
-1.1827226631697045
-1.1580779359578048
-1.1352500996524362
-1.1140910368722579
-1.0944700552957818
-1.076271510091866
-1.0593928130468138
-1.0437427576136387
-1.0292401036004262
-1.0158123764587919
-1.0033948449195313
-0.9919296476354675
-0.9813650449641427
-0.971654776384791
-0.9627575075386776
-0.9546363537005966
-0.947258468774327
-0.9405946907689582
-0.9346192362418119
-0.9293094374559934
-0.9246455170489022
-0.9206103958850416
-0.9171895305058867
-0.9143707772184163
-0.9121442804042607
-0.9105023831015365
-0.9094395583258937
-0.9089523599693201
-0.9090393924552309
-0.9097012986461375
-0.9109407658046687
-0.9127625497076466
-0.9151735173145855
-0.9181827087045863
-0.9218014193271795
-0.9260433039730428
-0.9309245042697898
-0.9364638019582652
-0.9426828007202531
-0.9496061399262175
-0.9572617443719448
-0.9656811149018093
-0.9748996658040224
-0.9849571160508344
-0.9958979428907223
-1.0077719080468355
-1.020634668911741
-1.03454848975941
-1.0495830712514718
-1.0658165205701877
-1.08333648959023
-1.102241514904117
-1.1226426016379265
-1.1446651033648814
-1.1684509637600495
-1.194161402914816
-1.2219801537824406
-1.2521173839115292
-1.2848144770428505
-1.320349901976061
-1.3590464676288163
-1.401280361055703
-1.4474925005969377
-1.4982029260231697
-1.554029216847329
-1.6157103178289034
-1.6841377180640718
-1.76039677426217
-1.8458222485471771
-1.9420741112319817
-2.051242792952813
-2.175998157091128
-2.319804954825711
-2.487242157356036
-2.6844896982128885
-2.920094818875927
-3.2062252378858815
-3.5608126597121497
-4.01142372156854
-4.602734491569056
-5.412240887502538
-6.58717367463092
-8.445697019163559
-11.826374069226748
-19.887593412463527
-64.03196239379348
51.044861915583205
18.156601779016242
10.992280091479536
7.858460444970019
6.101339155579854
4.977546201613522
4.197255035239317
3.624069277045207
3.185360595758135
2.8389029068247553
2.5584716584707983
2.3269202041925023
2.1325647448865843
1.9671693551750087
1.8247616008428995
1.7009049862203678
1.5922350771261746
1.49615416369478
1.4106246549576251
1.334025863836189
1.2650525956002292
1.202641964458642
1.145919677834064
1.094160003111345
1.0467555164227067
1.0031939540374148
0.9630402941171742
0.9259227401516827
0.8915216496283799
0.859560710378338
0.8297998496737773
0.8020294916981673
0.7760658734644234
0.751747198378402
0.7289304577639351
0.707488788844052
0.6873092664534326
0.6682910476390603
0.6503438050809663
0.6333863982227717
0.6173457410838582
0.6021558336240841
0.5877569297596763
0.5740948200706999
0.5611202111833098
0.5487881869744065
0.5370577392986262
0.5258913580071614
0.5152546717136731
0.5051161321424389
0.4954467360276804
0.48621977946957345
0.4774106404278879
0.46899658568003744
0.46095659910911224
0.45327122863930697
0.44592244951612664
0.4388935419489351
0.43216898140520216
0.42573434007554284
0.4195761982252437
0.4136820643152158
0.40804030291876064
0.4026400695838592
0.3974712518965781
0.39252441609282324
0.3877907586449579
0.38326206231843896
0.3789306562534512
0.3747893796788167
0.37083154891071485
0.36705092732901917
0.3634416980589437
0.35999843911663704
0.35671610080477545
0.3535899851681938
0.35061572734126495
0.34778927863789355
0.3451068912519529
0.34256510445169175
0.34016073216528925
0.3378908518675284
0.335752794688982
0.3337441366797109
0.3318626911692395
0.3301065021737168
0.3284738388096857
0.326963190682146
0.3255732642222802
0.324302979958022
0.32315147070792505
0.32211808069644393
0.3212023655962022
0.32040409351056737
0.3197232469178756
0.31916002560702683
0.3187148506431662
0.3183883694116806
0.31818146179913
0.3180952475811818
0.3181310951000058
0.3182906313275211
0.31857575342664896
0.31898864193974535
0.3195317757535763
0.32020794901235594
0.32102029017598066
0.32197228344988416
0.32306779284656334
0.3243110891774569
0.3257068803190368
0.3272603451487165
0.3289771716071707
0.33086359941434723
0.33292646804978837
0.3351732707055235
0.33761221503531136
0.3402522916604468
0.3431033515550772
0.34617619362686547
0.34948266404118666
0.35303576911450696
0.35684980393849214
0.3609404993021713
0.3653251899732991
0.37002300800286775
0.37505510545637066
0.38044491188684565
0.3862184329940623
0.3924045983209133
0.39903566759859554
0.4061477075708385
0.41378115393815634
0.42198147664814617
0.4307999713616754
0.4402947058790054
0.4505316580701305
0.46158609204880074
0.4735442328414793
0.4865053178706566
0.5005841279764058
0.515914134001859
0.5326514409330668
0.5509797757870089
0.5711168563069716
0.5933226079382308
0.6179098866248629
0.6452586466293138
0.6758349176448193
0.7102166099483267
0.7491291965591723
0.793495983352762
0.8445104337606053
0.9037427268479375
0.9733010717580757
1.0560836796206883
1.1561869749634244
1.2795960965192947
1.4354150955770193
1.638202659914723
1.9127765580694145
2.305181664117955
2.91155438392277
3.971668506537642
6.296937211936473
15.475030688080407
-31.713534728591767
-7.80882342639453
-4.423408902473258
-3.0740177256874768
-2.3489128662991177
-1.8964392906305185
-1.587293835990343
-1.3627758258342952
-1.1923876231642503
-1.0587133567084772
-0.9510841939333964
-0.8625995963276368
-0.7885986249614423
-0.7258195731879343
-0.671911580471927
-0.6251374560993819
-0.5841857249704347
-0.5480477657468876
-0.5159351767486217
-0.4872227981420188
-0.46140855431451966
-0.43808459515049913
-0.41691619343571024
-0.3976260707155307
-0.3799825894585542
-0.36379074285254176
-0.34888519832283305
-0.3351248686615673
-0.3223886332500835
-0.31057193484603984
-0.2995840498318346
-0.28934588143508383
-0.27978816267795215
-0.270849982997601
-0.2624775725380005
-0.254623293061397
-0.2472447956716515
-0.24030431407491315
-0.23376806863231112
-0.22760576149448156
-0.22179014701897637
-0.21629666473152298
-0.21110312450117188
-0.20618943550809665
-0.20153737210456088
-0.1971303708887043
-0.19295335429390426
-0.1889925767922535
-0.1852354904590013
-0.18167062717465401
-0.17828749517725853
-0.17507648803668366
-0.17202880442085478
-0.16913637727216502
-0.1663918112196329
-0.16378832722682168
-0.16131971362243822
-0.1589802827853344
-0.1567648328616406
-0.1546686139827727
-0.15268729853147428
-0.15081695507098578
-0.14905402561206155
-0.1473953059449655
-0.14583792881070518
-0.14437934972818592
-0.14301733533305866
-0.1417499541206559
-0.14057556952033184
-0.13949283526276726
-0.13850069303579643
-0.13759837245953815
-0.13678539344819152
-0.1360615710655663
-0.13542702302457715
-0.13488218002967992
-0.1344277992162765
-0.13406498100494918
-0.13379518976303045
-0.1336202787538352
-0.1335425199595581
-0.13356463949001957
-0.13368985944320447
-0.13392194727117654
-0.13426527393545898
-0.13472488242164138
-0.13530656853848247
-0.1360169763725931
-0.13686371133246206
-0.13785547442972987
-0.13900222235985643
-0.14031535912126383
-0.14180796644039806
-0.1434950822693908
-0.14539403926140465
-0.14752487864080843
-0.14991085960637485
-0.15257909081518337
-0.15556131929329425
-0.1588949243375102
-0.16262418115539512
-0.16680188348522298
-0.17149144987259557
-0.1767696903690655
-0.18273048833667
-0.18948977085154353
-0.19719232622031316
-0.20602132205947907
-0.21621185992175945
-0.22807071524492345
-0.2420058262734105
-0.2585716525486672
-0.2785413477832945
-0.3030262613172509
-0.3336834190981268
-0.3730971182563254
-0.4255328098384581
-0.49856926497724235
-0.607090284626838
-0.7848779851811206
-1.1285411828977452
-2.070177360757121
-14.74118842621908
2.6897433813932294
1.2160967748919789
0.7754151989585145
0.5637324569464928
0.4394858888439085
0.35785203115504516
0.30017109526488917
0.2572885581096796
0.22418655974933613
0.19788458723895577
0.17650079749947606
0.15878852449546454
0.14388916561969775
0.13119210448378393
0.12025122282829079
0.110733012883703
0.10238316400246361
0.0950043795573268
0.08844125414231933
0.08256972153168382
0.07728953898383178
0.07251883522679275
0.06819008997259779
0.06424712483453303
0.060642820763338566
0.05733736527769163
0.054296891374986
0.05149240967968792
0.04889896268285203
0.046494948993018224
0.044261579023352135
0.04218243322864381
0.04024310104017392
0.03843088381070073
0.036734548912435334
0.03514412499985193
0.033650730617523945
0.032246429985927264
0.030924111068043204
0.029677382002694548
0.028500482757073498
0.027388209452586756
0.026335849293453426
0.025339124405247618
0.024394143192538832
0.02349735806745283
0.02264552859705044
0.02183568927660817
0.02106512126574147
0.02033132753072788
0.01963201092396659
0.018965054803893263
0.01832850585871235
0.01772055884734004
0.0171395430127441
0.016583909957947934
0.016052222804485112
0.015543146478012046
0.015055438986905702
0.0145879435776094
0.014139581665777225
0.013709346455328595
0.013296297168711127
0.012899553821291926
0.012518292481067015
0.012151740962031069
0.011799174905734275
0.011459914210914425
0.011133319775760167
0.010818790521418677
0.01051576066891023
0.010223697244712166
0.0099420977929943
0.009670488274874298
0.009408421137161425
0.009155473534907647
0.008911245693720418
0.008675359399233647
0.008447456602416486
0.008227198130532756
0.008014262494573727
0.007808344784886501
0.007609155647517611
0.007416420334509748
0.007229877822025524
0.0070492799907445995
0.006874390863493771
0.0067049858955282055
0.00654085131329687
0.006381783497894607
0.006227588409741551
0.006078081051329603
0.0059330849651507015
0.00579243176416666
0.00565596069240488
0.005523518213465748
0.005394957624910686
0.005270138696666837
0.005148927331736248
0.005031195247632896
0.004916819677099373
0.004805683086766658
0.004697672912526056
0.0045926813104773855
0.004490604922404024
0.004391344654805998
0.004294805470593755
0.004200896192613572
0.004109529318236001
0.004020620844294804
0.0039340901017160855
0.003849859599224428
0.003767854875556673
0.0036880043596540907
0.0036102392383409484
0.0035344933310314363
0.0034607029710387624
0.003388806893088806
0.0033187461266685294
0.003250463894863
0.003183905518359423
0.0031190183243161263
0.0030557515598161216
0.002994056309641312
0.0029338854181219444
0.0028751934148305708
0.002817936443905196
0.002762072196799344
0.0027075598482696585
0.0026543599954236543
0.002602434599660645
0.0025517469313496724
0.002502261517097258
0.0024539440894671455
0.0024067615390220656
0.0023606818685655024
0.002315674149468646
0.002271708479974398
0.002228755945376542
0.0021867885799782814
0.0021457793307395907
0.0021057020225282463
0.0020665313248940747
0.002028242720290448
0.001990812473671562
0.0019542176033976993
0.0019184358533845388
0.0018834456664361962
0.0018492261587048074
0.0018157570952226343
0.0017830188664555656
0.0017509924658296236
0.0017196594681846789
0.0016890020091119803
0.0016590027651343232
0.0016296449346899632
0.0016009122198832916
0.001572788808967177
0.0015452593595238246
0.0015183089823124919
0.0014919232257541877
0.0014660880610248247
0.0014407898677298568
0.0014160154201347218
0.0013917518739266187
0.0013679867534844665
0.0013447079396349435
0.0013219036578736446
0.0012995624670312763
0.0012776732483659947
0.0012562251950636505
0.0012352078021288155
0.0012146108566499973
0.0011944244284235485
0.0011746388609212089
0.0011552447625871457
0.00113623299845081
0.0011175946820427887
0.0010993211676011974
0.00108140404255685
0.0010638351202859834
0.0010466064331197187
0.0010297102256000923
0.0010131389479727207
0.0009968852499068577
0.0009809419744337892
0.0009653021520950734
0.0009499589952923724
0.0009349058928310961
0.0009201364046503553
0.0009056442567320339
0.0008914233361821539
0.0008774676864779259
0.0008637715028742489
0.0008503291279635776
0.0008371350473834493
0.0008241838856660974
0.0008114704022248963
0.0007989894874725098
0.000786736159065948
0.0007747055582738119
0.0007628929464612631
0.000751293701688455
0.000739903315418276
0.0007287173893294782
0.0007177316322313775
0.00070694185707651
0.0006963439780677409
0.0006859340078564589
0.0006757080548286576
0.0006656623204757818
0.0006557930968474003
0.0006460967640827943
0.0006365697880187779
0.0006272087178710572
0.0006180101839866241
0.0006089708956647196
0.0006000876390440327
0.0005913572750538886
0.000582776737427213
0.0005743430307732289
0.0005660532287078422
0.0005579044720398002
0.0005498939670107329
0.0005420189835873156
0.0005342768538037928
0.0005266649701532265
0.0005191807840258348
0.0005118218041929074
0.0005045855953347879
0.0004974697766114893
0.00049047202027458
0.0004835900503189741
0.00047682164117337865
0.0004701646164281235
0.0004636168475992013
0.0004571762529273581
0.00045084079621113065
0.0004446084856727298
0.00043847737285577094
0.0004324455515538385
0.0004265111567689037
0.0004206723636986928
0.00041492738675208456
0.0004092744785916888
0.00040371192920274574
0.0003982380649875551
0.00039285124788465377
0.0003875498745119678
0.00038233237533323214
0.00037719721384695687
0.000372142885797269
0.0003671679184059634
0.00036227086962513323
0.00035745032740976004
0.00035270490900967094
0.00034803326028028244
0.00034343405501158637
0.00033890599427482314
0.00033444780578633987
0.00033005824328811225
0.00032573608594445584
0.0003214801377544525
0.0003172892269796274
0.0003131622055864486
0.0003090979487032099
0.00030509535409088993
0.0003011533416275861
0.00029727085280612854
0.00029344685024451146
0.0002896803172087672
0.00028597025714792944
0.0002823156932407583
0.0002787156679538788
0.00027516924261102244
0.0002716754969730636
0.00026823352882853916
0.00026484245359437213
0.00026150140392650577
0.00025820952934018336
0.00025496599583959986
0.0002517699855566777
0.0002486206963987023
0.00024551734170459236
0.00024245914990955888
0.00023944536421792383
0.0002364752422838877
0.00023354805590002154
0.000230663090693282
0.00022781964582834047
0.00022501703371803958
0.00022225457974078025
0.0002195316219646585
0.00021684751087816764
0.00021420160912729894
0.0002115932912588714
0.0002090219434699176
0.00020648696336297872
0.00020398775970714708
0.00020152375220471025
0.00019909437126324357
0.0001966990577730204
0.00019433726288959447
0.00019200844782142485
0.00018971208362240924
0.00018744765098920662
0.00018521464006322175
0.00018301255023713125
0.00018084088996584086
0.00017869917658175718
0.00017658693611426687
0.0001745037031133136
0.00017244902047697564
0.0001704224392829372
0.00016842351862376138
0.00016645182544586327
0.0001645069343920981
0.00016258842764787138
0.0001606958947906808
0.00015882893264300985
0.00015698714512848825
0.0001551701431312392
0.0001533775443583331
0.00015160897320527634
0.00014986406062445564
0.00014814244399647135
0.0001464437670042835
0.00014476767951010836
0.00014311383743499616
0.00014148190264102252
0.00013987154281603769
0.00013828243136090483
0.0001367142472791745
0.00013516667506912981
0.00013363940461815272
0.0001321321310993526
0.00013064455487040314
0.00012917638137453812
0.00012772732104365168
0.00012629708920345695
0.0001248854059806511
0.00012349199621204345
0.00012211658935559828
0.00012075891940334883
0.00011941872479613828
0.00011809574834014518
0.00011678973712515459
0.00011550044244452943
0.00011422761971684884
0.00011297102840917055
0.00011173043196188331
0.00011050559771510946
0.00010929629683662632
0.00010810230425126866
0.00010692339857178101
0.00010575936203108358
0.00010460998041592351
0.00010347504300187887
0.00010235434248968322
0.00010124767494284345
0.00010015483972652066
0.00009907563944764738
0.00009800987989624961
0.00009695736998795232
0.00009591792170763731
0.00009489135005423194
0.00009387747298659945
0.00009287611137051013
0.00009188708892666872
0.00009091023217977253
0.0000899453704085811
0.00008899233559697286
0.00008805096238596893
0.00008712108802670018
0.0000862025523343011
0.00008529519764270674
0.000084398868760336
0.00008351341292663918
0.00008263867976949391
0.00008177452126343028
0.00008092079168866585
0.00008007734759093615
0.00007924404774210064
0.00007842075310151049
0.00007760732677811862
0.00007680363399331987
0.00007600954204450279
0.00007522492026930049
0.00007444964001052279
0.000073683574581759
0.00007292659923363447
0.00007217859112070769
0.00007143942926899544
0.00007070899454411231
0.00006998716962001219
0.00006927383894831743
0.00006856888872822652
0.00006787220687698562
0.00006718368300091412
0.00006650320836697067
0.00006583067587485143
0.00006516598002960721
0.00006450901691476954
0.00006385968416597577
0.0000632178809450826
0.00006258350791475804
0.0000619564672135419
0.00006133666243136623
0.00006072399858552445
0.000060118382097082994
0.000059519720767723145
0.0000589279237570074
0.000058342901560059956
0.000057764565985653694
0.00005719283013469507
0.0000566276083791001
0.00005606881634105228
0.00005551637087263497
0.000054970190035832255
0.000054430193082888734
0.00005389630043702377
0.000053368433673489834
0.00005284651550097177
0.00005233046974331776
0.0000518202213215962
0.00005131569623647244
0.00005081682155089858
0.00005032352537311087
0.000049835736839927554
0.000049353386100342805
0.00004887640429940983
0.000048404723562408204
0.0000479382769792892
0.000047476998589394514
0.0000470208233664433