0.20000012614044022
0.2000162096188486
0.20064258910056498
0.2001423876180805
0.20054513025052326
0.2004483719850428
0.20121197534097515
0.20073684982127063
0.20074400999832784
0.20111977406921602
0.2015255161010241
0.2020050115560842
0.20225170622697003
0.20275197604677964
0.20304889848206462
0.20320431215370813
0.20334813501996613
0.20410601769118047
0.20433640563436975
0.2050442133365062
0.2061290203214547
0.20707587748951595
0.2073711535741514
0.2085914029220054
0.20903309073241155
0.20916489028814594
0.20959978296946624
0.21097995845978973
0.211229888157798
0.21260529538012765
0.2144830480090062
0.2159199383244548
0.2162791526036003
0.21836678493795433
0.21911860190867075
0.21942078156239508
0.22065051872743072
0.22281775086869113
0.22334081896839517
0.22562823126964818
0.22824363208967577
0.23005178002776355
0.23093052579403012
0.2340928527661758
0.2353519085904353
0.23773034010338148
0.24116571435942447
0.24497944466854688
0.24854429563111008
0.25323635714152753
0.2553060389849678
0.25747082259075216
0.2644819276257907
0.26164220508480185
0.2715685107811403
0.3083152339972048
0.3561057750582174
0.4013922076604889
0.3760374911416691
0.2130700260938397
0.0010814908039542223
-0.008107248297287848
0.164751643364671
0.18248319159487236
0.19873827124173135
0.21556105873294676
0.22678705661262374
0.232008864545233
0.2329527553746203
0.2404627959272806
0.24708299366897704
0.2509454497417157
0.2518716725750615
0.26266974261772646
0.2629399828553909
0.2625323604017673
0.2662823223747549
0.2757778985797921
0.2712380512293082
0.2801532958425615
0.2906234002151855
0.29538407680839956
0.29255072288343886
0.3073397825419296
0.3056436166985936
0.3024885821784498
0.3065702453081616
0.3202307073080859
0.31214512018128676
0.3246839019209717
0.33904318948005396
0.3446628850241029
0.33940389470876353
0.3608079615063479
0.35712217178414163
0.35242199263266727
0.3584452986742475
0.37807637278367995
0.3650953052110188
0.38414027026080516
0.40403118071118
0.4112062345697047
0.403143659153762
0.43469731307318754
0.4289855586949334
0.4215534586659008
0.43112896018003904
0.46043687043712983
0.43981164427282543
0.46907243727888165
0.4983439771311521
0.5083754762763929
0.49568712285259525
0.5449247282202833
0.5347846617440032
0.5239037215222849
0.5403505871974
0.5865792519835948
0.5515509240701507
0.6005751196431346
0.6466414711591337
0.6616976491066436
0.6416350352018655
0.7245524918965827
0.7076391098974041
0.6886758707151546
0.719857939702931
0.799427019557074
0.7302766688492945
0.828300810370331
0.9079529659695305
0.9348981686961727
0.904039820465259
1.0619529693816816
1.034752236334302
0.986580942485256
1.0645096544237604
1.2205802897093732
0.8539383223830679
1.3468571241540968
1.4519783175444143
1.5104324527790567
1.5616194100585743
1.6577271118547157
1.715720019497189
1.7831331277518863
1.852278793820449
1.7576506257090396
2.23479549325982
2.5916306219573326
3.7695508939788445
3.6791499262691163
3.1011504932340865
6.714635524228767
5.091720596191687
5.353073314719089
6.4471849046523015
3.5038769439573874
11.808866712364592
0.5008684567645099
-10.466579426166104
-7.641471696132556
-8.965517510779401
-4.98055030294812
-5.422268223813416
-6.054389721823444
-4.691677559249321
-3.14676445845381
-3.931932142836055
-2.991533674872099
-2.472493761026987
-2.3737655156453994
-2.573265410515481
-2.0133985775833003
-2.095166045101626
-2.1395282577664583
-1.9750671899317074
-1.6916434490610541
-1.8454962766920622
-1.643676737125556
-1.4987536474194607
-1.4713020161610315
-1.5346276722995484
-1.3455825594439
-1.3807024295624297
-1.3961010728028307
-1.3382137780210928
-1.227363367412478
-1.2923650732205136
-1.2093393480981
-1.1438036373897889
-1.1333485479289205
-1.1659092149116934
-1.0739914202824803
-1.0951394025332188
-1.1055771630627533
-1.0776722205940572
-1.0210555792883254
-1.059586037515871
-1.0160198184664557
-0.9808732871367661
-0.977132489896633
-0.9999650633123881
-0.9448891366722599
-0.9632020526790511
-0.9730158501385262
-0.9604014434270519
-0.9264221838358991
-0.9565604273933344
-0.9303650418282264
-0.9067992632085958
-0.9094837426955559
-0.9303479960663749
-0.8922715284241624
-0.9124167899857039
-0.9249893154317992
-0.9203932570894754
-0.8977443855690503
-0.9285224532409049
-0.9117057356048865
-0.895455185740472
-0.90217007312965
-0.9273667105558768
-0.893077217931084
-0.9220306112261918
-0.9402029699773632
-0.9425411751689251
-0.927566978321955
-0.9634688480084491
-0.9538216236074862
-0.9391494266849215
-0.9550600437897655
-0.9862292399145808
-0.9054025213891032
-1.0056530570633093
-1.020707994789058
-1.0292873130955782
-1.0365458509719845
-1.0504088889307321
-1.0586679567889956
-1.0679015235474223
-1.0781262685687116
-1.0761579857291812
-1.1236108048145368
-1.1597728352182373
-1.233043133451284
-1.2433200366055819
-1.2097307971395725
-1.336061488062017
-1.3134466261928832
-1.3189183869943264
-1.361738638050503
-1.4795209574388897
-1.4407977543691235
-1.5401944598612964
-1.6906627855512417
-1.7334495259821008
-1.673066698910241
-1.9659138245744088
-1.9219154432929548
-1.9401178846055094
-2.071465824260619
-2.44559166749313
-2.299561598739751
-2.6370024605709204
-3.2330130295941344
-3.3771237663357407
-3.1555846777492143
-4.753445299232078
-4.382775445742737
-4.564413723683861
-5.530869927859042
-9.079186059645346
-7.785895913350626
-12.789099828093208
37.37478296716565
11.936935071332334
9.143493061245726
7.2239267091837185
7.41330783320731
7.83325455679216
5.4743631968894775
3.5523665147046253
4.256662679193016
3.1421651921759484
2.5398894147634485
2.390981625673015
2.5347695068948792
1.9388265505750852
1.9873433805640164
1.9841781555579303
1.7838903348765074
1.4968929992608893
1.6204836840223962
1.4076847793276235
1.2654743967166506
1.229901089245365
1.2622237652585055
1.0875178828495347
1.1054347189593297
1.097382476055319
1.0285787558995907
0.926495796021359
0.967240475265398
0.8909074651669119
0.8297581152475313
0.8161541951892062
0.831221628371193
0.7492580773826781
0.7569848475250555
0.751567489957156
0.7180027239391669
0.6679989398108418
0.6885851474347067
0.6497966365865049
0.6185213233760564
0.610475449870502
0.6182398883555364
0.5742596298163486
0.5783291344044847
0.5741367824208118
0.5558565002258016
0.5265363629969904
0.5381727697723948
0.5142743577841495
0.4968358948737135
0.4924627276505377
0.4962304599824318
0.4698754594048284
0.47166902224117324
0.46919405533683234
0.4572981304423913
0.4398630313004593
0.4455176957908197
0.43178194771115047
0.420916301148211
0.4181538395266148
0.4194921847361903
0.4039176737329922
0.40480359193792
0.40198273598917517
0.39383313922635377
0.3842548548269427
0.38669887582589085
0.37829652608417574
0.3721368796794617
0.3702139140482363
0.3705231652393513
0.36145563683201437
0.3612714052903055
0.359022885085929
0.3544799797586467
0.348719933887022
0.34918558027200836
0.34480112571361066
0.3413214899521926
0.34004308273806977
0.33951232287863603
0.3352332980671493
0.3344417835182244
0.3326940156065147
0.3303788713497605
0.3276754158484817
0.32702983550665093
0.3253214938187749
0.3240147754637553
0.32333195887616106
0.3225487068825923
0.32306879057628846
0.3204381751665898
0.31961354622960936
0.3190714167551282
0.31865722855925427
0.31839127236769504
0.31839085199572875
0.3184191940303993
0.31847379234852774
0.31857447283347284
0.31919380906157047
0.31898071449987875
0.3185323084366881
0.3199623421154229
0.3218028919905398
0.32062262074914444
0.32336979548796907
0.32510218952534164
0.3259554141238762
0.32596130089992315
0.3299404563324602
0.33037437113222085
0.3314098099885537
0.33468232316301305
0.33876254272347756
0.3381809420105501
0.34342063906581966
0.34695154130322836
0.34921329162230497
0.3508283295079814
0.3574984689093813
0.3595600206597127
0.3631426356684656
0.3692799135118693
0.3764221853331137
0.3777748870415907
0.3866426596816055
0.3926881560385058
0.3974704823834159
0.40273907610356896
0.4129645347465171
0.41883680947053276
0.42743581386321083
0.44005451322306977
0.4545164101639439
0.45722222634044124
0.4724438292848751
0.48420341908309605
0.4957493045245519
0.5100923024443892
0.5300665888988318
0.5403899951669088
0.5645501400622268
0.5937298584721084
0.6159142084062093
0.6392540936778583
0.6737207474410265
0.7011986246607382
0.731744882387616
0.7741891992029384
0.8304855358304165
0.8768155075413516
0.9591749253061701
1.0479336849051364
1.1278012435276539
1.2572138821556778
1.408547907829046
1.6544424868247543
1.7624594281070225
2.178768574757966
2.59400427995689
3.4153708794742488
5.719828850811917
12.065286824957628
-2.7162570144884524
-7.991215894262627
-4.426458311235413
-3.357679581200062
-2.594707698545704
-1.9847032775993276
-1.694035749331197
-1.4516440587459134
-1.2163821347228156
-1.0537056887500857
-0.9707598097012652
-0.8710294388726166
-0.7901740244327412
-0.7434136765610212
-0.6991690874186699
-0.6395870049928657
-0.6008923146114807
-0.5653945780348882
-0.5223818380590217
-0.48422204712190847
-0.46257705380373015
-0.440565123575741
-0.4159306512851819
-0.39929589326413606
-0.388036368418869
-0.37141033444819105
-0.3525246452883954
-0.3426900661357653
-0.32639948469007685
-0.3089596413504671
-0.29773227874916375
-0.290748553931885
-0.2773285857205978
-0.2700222141888375
-0.26557611839030515
-0.2598171837577821
-0.24654660824197
-0.2447201875016907
-0.23722293457428817
-0.22651981128183088
-0.21884795332895693
-0.21845033638475098
-0.20836621558486873
-0.20396548712033064
-0.202542819591993
-0.20198078556642976
-0.1899929838239962
-0.19213631511983437
-0.18920173474930985
-0.18051706475969387
-0.17574034873162664
-0.1716830806918263
-0.16887184119177182
-0.16705112118042095
-0.16553037260981102
-0.16416895621876462
-0.16170818449179147
-0.16059547447689512
-0.1593244813189198
-0.15724512965603232
-0.13896657974336074
-0.1533750157697983
-0.1477268348890314
-0.14326511721872573
-0.1463006809036806
-0.1489412181396082
-0.14038667422227882
-0.14358307521468644
-0.1438987955336367
-0.14075943327849222
-0.1334007613349531
-0.1408547412501249
-0.13567502774850237
-0.13239755716865176
-0.1347898441691733
-0.13894629049959775
-0.13106799531004426
-0.1354367762366421
-0.13721023209925884
-0.13494459601884845
-0.1290060699519664
-0.13707731913846954
-0.1325967301486041
-0.12999785576327572
-0.1330256631950366
-0.13852158067427597
-0.13133616226785502
-0.1369835087448332
-0.14010486711700226
-0.1390991966365394
-0.13444138256738256
-0.14360861841983175
-0.14033112877999107
-0.1390941348523886
-0.14362599205806986
-0.150751613692653
-0.14523323356637477
-0.15286337192207522
-0.1580824224123584
-0.15920043906684722
-0.15705989481097574
-0.1689541010866663
-0.16851187769118334
-0.17109200967042798
-0.18006838757538737
-0.19123362910778988
-0.1910198610319868
-0.20499794579198508
-0.21577843658916301
-0.22434962322772034
-0.23298420354014296
-0.2541877981339179
-0.2684236333452279
-0.29271516249087653
-0.32650516550718234
-0.36337712211200845
-0.41528355912912573
-0.48446375271436987
-0.5625285708590937
-0.6940184717047199
-1.01681693940552
-1.399927994506577
-4.01903730823147
2.9859967292627707
1.1192537610405384
0.786261788295314
0.5421792535996073
0.42775274799987945
0.3669153973272957
0.3203270515703548
0.265984990653294
0.22941683965476473
0.2111861805533887
0.17921460801807626
0.15585915946640755
0.14170764666746719
0.12213233477564751
0.11754832017819858
0.1133174408850914
0.1096620182262273
0.10701440601676031
0.0881673614408389
0.08547521458069018
0.08033823293560328
0.07179121834152911
0.06311736583304747
0.06627712733603083
0.05893897175117026
0.055081879201255776
0.05537793663843063
0.05583739701459178
0.04760928038362535
0.04869194517133757
0.04731843906046644
0.04254889698142289
0.03682153561692078
0.04116936343248734
0.0357247280370475
0.03290173786201439
0.03366582508832778
0.036298790441620786
0.028830964746907852
0.031346031580270745
0.03176416406947567
0.028364647724402895
0.023232475723666657
0.028487327562587723
0.02356992248389668
0.020916313077017835
0.02219521481867711
0.02563176872053728
0.018588206669002797
0.021726684176016798
0.022972826018268583
0.020154308917153526
0.015204679748846296
0.021052383567407514
0.01639543548894019
0.013914824334069965
0.0153195056257051
0.01932320336011004
0.012218369850543597
0.015820642118934632
0.017489202834203348
0.014974809548128078
0.010049665652991532
0.016334173385743965
0.011803394793089951
0.00928719990040729
0.01094303820671894
0.015117857215281166
0.008195747658385565
0.011958353907630028
0.013960470820431538
0.011583639340943185
0.006594869597998501
0.013218494232464337
0.00866093836234171
0.006217817049163207
0.007888391362311734
0.012302768064622828
0.005286475430409138
0.009264127796629199
0.011458755757131608
0.009179693023123964
0.0043154681675765
0.011016030193065818
0.006478347411607967
0.003987444516911621
0.005749934787228117
0.010232020304856778
0.003211036326233354
0.007410111046198215
0.009660450448522434
0.007505950412306159
0.002524669273541412
0.0094446038493688
0.004952959462252037
0.002409029110227196
0.004125797949182841
0.008906888657738967
0.0017023177679002057
0.005989252441584109
0.008395225479051348
0.006234780228173566
0.0012774497311113847
0.0083579766255592
0.0037716066194450498
0.0011710117004728288
0.0029535309108181425
0.007765869497658167
0.0006805376155605658
0.004957477444123359
0.007477221793709042
0.0054260336801352374
0.0002237355042893431
0.007363777279122671
0.002868981089424252
0.00020708687590297397
0.0021271211249205206
0.007054965733991863
-0.0003615611388782001
0.0042071277000266605
0.006731708324110242
0.00467829985069463
-0.00042338478267063377
0.006692033617981286
0.002221252906925899
-0.00049670470477557
0.0014278722953489059
0.006326109552002966
-0.000933275250385519
0.003483638609611748
0.006038904558411091
0.004041552276784444
-0.000907876091951048
0.00627143896880229
0.0017410819191456038
-0.0009795552115329893
0.0008845358066347922
0.0059064036136462555
-0.0015679476063134154
0.0030340397272345236
0.005589578854123609
0.003714365946869565
-0.001493308145962802
0.005774562526324569
0.0014396911913001046
-0.001568053974689812
0.00032355632019093715
0.0055527627686753275
-0.0018253044400639523
0.0025588346300466497
0.005349985225674507
0.0034455856085547987
-0.002056264988529644
0.005681546348175031
0.000839003484725388
-0.0017879179618808371
0.00013394530817619976
0.005190738428502965
-0.0021417488089095498
0.002329016801072438
0.004932913839324826
0.003125595014816243
-0.002169981394961532
0.005259744709782608
0.0007398336254679827
-0.002114182956469073
-0.00022270492969675236
0.004816160825993465
-0.002553608785268534
0.0020607901181863356
0.004924790869537763
0.002789919628576012
-0.0021354850368426725
0.004988556861195433
0.0006590637619148088
-0.002315511178429646
-0.0004876317295233335
0.0046025513691195195
-0.0026860580330906997
0.0017766991672841168
0.004547317874199773
0.002822350412379894
-0.002847549991354107
0.004887206590332878
0.0003665872327571268
-0.0025030549249655
-0.0006476130069792439
0.004514429820140892
-0.0028388934944626708
0.0016900917592913738
0.004371803404594448
0.002449601662922547
-0.0027456096293081737
0.004903037938724496
0.00009719076738804578
-0.0027176428476718205
-0.0008174899721772853
0.004656523841066329
-0.0032435263615139035
0.0015669823859509097
0.004418365882912132
0.0023696326890664857
-0.002761966239502734
0.004682321963641541
0.00003814816664313645
-0.002823510063803391
-0.0010120393988451678
0.004564522843552238
-0.0032696750679606416
0.0014202874027673441
0.004235779451568513
0.0022896984854038336
-0.0029670180690784913
0.004700329515633076
-0.00021688759870601147
-0.00306091166953957
-0.0009827666762397935
0.004485708138486258
-0.0034296643706182225
0.0013963395619663488
0.0044145095162516825
0.002242726522973037
-0.0033389051684434116
0.004706122923175938
-0.00019247262431508198
-0.003254412633613896
-0.0011481270651397025
0.004480615733829617
-0.00363530960758227
0.0013538162525114175
0.004131116524086031
0.002186137714390772
-0.003283268031739077
0.004653088093191282
-0.0004708225962606184
-0.0033645394277572512
-0.0012173746119422523
0.004334699415154467
-0.0036805843038955526
0.0013685047747583928
0.004204852005270822
0.002078151742338868
-0.003371739038850126
0.004630849464899537
-0.0004149915825122513
-0.0034800677847895887
-0.0013688913185528238
0.004271921058401783
-0.00380457153764888
0.001131071843101275
0.004068042971311358
0.0020721257355115793
-0.003463444716648927
0.004650103132206857
-0.00046918417115262754
-0.003282524817562465
-0.0012668039085397213
0.004150231385608987
-0.003909240909026088
0.0010315508501793145
0.004268189277191742
0.0019464167514330714
-0.0037260002932502346
0.004573052264406633
-0.00045047882683235706
-0.0032809678600116392
-0.0013671619700820429
0.003941698573300191
-0.003880791287490281
0.0010758706031470727
0.004203373843053114
0.0021745113340287865
-0.003498089111668365
0.004533007052456481
-0.0004200196406501072
-0.0036279237804011824
-0.0014857178447311692
0.004435714686949902
-0.0038386009967576857
0.0010398869017220883
0.0040796318599152104
0.002068225996174847
-0.0036001767169781037
0.004457881248826554
-0.00047532218090389264
-0.003501883076378266
-0.0015651849665671038
0.004176745126895484
-0.004197309097649112
0.0008692721770970675
0.0043064101176298235
0.00205230530781853
-0.0034856285191534253
0.004537294764182893
-0.0005538168740197726
-0.003507413580500764
-0.001497122335499257
0.00394437328958669
-0.004083282267924085
0.0008751894100210107
0.004084238907300521
0.0019117941285510028
-0.003537556783231887
0.004495122805694586
-0.0004449590630991568
-0.003626058671059085
-0.0015624444906236067
0.003977711404635284
-0.003818935276793772
0.0009698406316010579
0.003752145944386073
0.00205707654837446
-0.0035551104090274
0.004314629343519596
-0.0006843994097890112
-0.0034670500664039593
-0.0016939199449756707
0.004094672699397374
-0.004008706633153699
0.0009453074759429342
0.0039736022027714694
0.0019461551529801077
-0.0036458450856727037
0.004307498381104375
-0.0006224695469336523
-0.003712032244915212
-0.001593155488370582
0.004254787177899808
-0.003937906986515111
0.0008819635457896624
0.003933774688350745
0.0019633292404545783
-0.0037122038747808006
0.004431093859808946
-0.0005528757169772469
-0.0036680860701385205
-0.0016281871190836233
0.003968738984110022
-0.003985400077350542
0.0008928662264652275
0.003931655538659394
0.001991576354531812
-0.003765717296466327
0.004411619819850628
-0.0005797739792894522
-0.0038178754811631836
-0.0017530349437340702
0.0038111071460269924
-0.004189301813547693
0.00090051554325033
0.0038294878580070395
0.0018719587822938343
-0.0037636822762391682
0.004260766183587692
-0.0006790337072984695
-0.0035746409000262298
-0.0016753963832274361
0.003972142362826342
-0.00413744627075042
0.0008998092329257751
0.003864042823255087
0.0017947356472048598
-0.0037206325749215385
0.004272903573658361
-0.0006066220242249811
-0.003622056591134106
-0.00174646023573247
0.004065122180242494
-0.004267713710549562
0.0008568562416487981
0.003911468860605533
0.0018946004662458824
-0.00392102979014432
0.004344121119694009
-0.0006574400185745868
-0.003875056919764161
-0.0017174845582101522
0.0042194533845581065
-0.004199226990313942
0.000882182294594168
0.004043629158346933
0.0018676051046900208
-0.004005124274103276
0.004365517016774078
-0.0008303958355589254
-0.00387866844676999
-0.0016639050257622324
0.004287371251741518
-0.004228176606099475
0.0009706343473052631
0.003973062957818283
0.0018477151798365692
-0.003980241946178462
0.004338742407914189
-0.0007674256556991408
-0.0038191581499742873
-0.0017363364576953
0.004207865660123286
-0.004215073243460905
0.000930558378782109
0.0040337670534279675
0.0018214834896169035
-0.003935638862997975
0.004376980237439085
-0.0007601499239570668
-0.0038925711384020854
-0.0017091060569221286
0.0041546683253353795
-0.004353553479970548
0.0009070652341890787
0.003996635816935327
0.0018556998920138078
-0.004106672094830868
0.004343517775184969
-0.0007953445048367245
-0.0038648994842254477
-0.0017146118788611343
0.004187900976899578
-0.004293900755824719
0.0008522173615928449
0.004047651193458576
0.0018286927694099566
-0.004014164070834964
0.0045034607417622574
-0.0007643379739394671
-0.003935938741308132
-0.001726193931211597
0.004147325305390496
-0.0042691256693289355
0.0009084686550232355
0.0041223281097595614
0.001859152766451854
-0.004143284442904062
0.004401443336737133
-0.0008179918465875054