0.20000000121769043
0.20000014591587867
0.2000005290289124
0.20000119118290957
0.20000210105515395
0.20000286468009898
0.20000468214983982
0.2000065309572391
0.20000892085060795
0.20001162856937207
0.19992750144794486
0.20001665341677255
0.20002332198579378
0.20002110623227193
0.2000268395710027
0.200032899629632
0.20008115504459628
0.20004365449642947
0.20005228364137218
0.20022500468287674
0.20006458100423646
0.2000958404109689
0.20012576738417903
0.20011332648908542
0.20041241053105993
0.20020461834416695
0.20047906282428588
0.20011041015961525
0.19985232535843464
0.20040110603755015
0.20023597441758545
0.20013310673132473
0.20015691163765598
0.20009566901689127
0.2001495701208144
0.2002686825336967
0.20020322526233922
0.20020222210011526
0.20005121728986916
0.20000477303842437
0.20006151572416428
0.20025396882543756
0.20026549587976028
0.20006453844844865
0.200202693784033
0.20020412701835663
0.20019600651769098
0.2002349203506548
0.20029797564884178
0.20034193833916614
0.20035035898806308
0.2002422599386961
0.20043712211426098
0.20041927979021792
0.20027622227465272
0.2003151258759842
0.20013011727855196
0.2003720044801678
0.2000989592119953
0.2002186943973029
0.20011294423163933
0.2002042302044407
0.20053078665289312
0.20048174954581077
0.20049975652024576
0.20056176631264802
0.20062400632087035
0.20066154051105664
0.20070051542902237
0.20075128798758524
0.20078948543860967
0.2008321419285438
0.2008288675177661
0.20092533783725816
0.20095529930186282
0.2009218023736302
0.20088493455513795
0.20101451942942586
0.2010371769377575
0.2010268859362279
0.2010796295428121
0.2009381132694119
0.20092609932230832
0.20099307437184966
0.20097002013919044
0.20094487727299093
0.2008604183405908
0.20092242857415085
0.2012666929283443
0.20131246909794473
0.20132081082645042
0.20147793054386548
0.20141459974400897
0.20146810612406055
0.2014441462522938
0.2014655505650948
0.20138179575956563
0.20148485614495043
0.20143823420031215
0.20143103614618263
0.2014280908595508
0.20142067572608136
0.2014117462445956
0.2014253744279157
0.20137524954594158
0.20137822065144084
0.20140100725911678
0.20141658694518988
0.2013950339118564
0.20141014507794464
0.20146193718910324
0.20149196335419853
0.20152193001441487
0.2020681916298035
0.20200565110034402
0.20196016777087064
0.2019588333601054
0.20194495074039903
0.20194573767869728
0.2019648774887122
0.2019044851371839
0.20193158418025697
0.2019627600519342
0.20195871555533923
0.20196530742906138
0.20203673007531134
0.20202808060993274
0.2020888413611985
0.20218671285856002
0.20222191802146935
0.2022716611131634
0.20235760478629816
0.20242658041630365
0.20253185672694224
0.20264883027136293
0.2027664409067446
0.20287421845742518
0.20302042812040602
0.202477331010262
0.202492661702277
0.20253387198102737
0.2025598448086122
0.20260179115607393
0.20266422771468248
0.20275474770081747
0.20275784578970313
0.20286756787132568
0.20295695624749313
0.20307623122646967
0.20317128455162176
0.20326096250033956
0.20335590291776995
0.2034551902629607
0.2035689414693014
0.2036995887879947
0.20373795603815678
0.20381868100436878
0.2038408015262207
0.20393833445309736
0.20405412240679607
0.20406651684148533
0.20415166302547988
0.2042252811867917
0.20357395964047917
0.2036995455503537
0.20384126618480125
0.20396836848012734
0.20408572407188547
0.20419369312198524
0.20428948160785593
0.20440946721424524
0.2044915822836668
0.20460009556899084
0.20470069722330947
0.2047006017568528
0.20478324167458048
0.20485197767595179
0.2049070043169548
0.20491918303126005
0.20491867247821932
0.2049471894122183
0.20494010957917386
0.20492315086040125
0.20491334153094973
0.20488990665710594
0.20484442156752639
0.20478763231059055
0.20471364134265835
0.2056539387309936
0.20569748423815332
0.20575206426894924
0.20582997700581454
0.20587614505136714
0.20590315298061926
0.20590538349231963
0.20589666740615
0.20588877319926516
0.20587334110211566
0.20588938536305543
0.20588746307467384
0.2058706384005617
0.20585760049730753
0.20585757544896732
0.2058410229266512
0.2058419869634526
0.2058530021072244
0.20584706872773398
0.20594128952565285
0.2059196916809671
0.20594545862914013
0.20599747539743413
0.20606632085860538
0.20616995060186039
0.2070817819822238
0.2070402534058027
0.20697358766138202
0.20694563136564673
0.20692754078037345
0.2069096509187669
0.20689482362361247
0.20689709704232837
0.2068999882165699
0.2069630750161848
0.20695338372596161
0.20702400285535988
0.20706775168439162
0.2071403157476643
0.20724592124780872
0.20734865719780957
0.20747034456876845
0.20759162270961065
0.20774814329320876
0.20790917851660692
0.208083302357572
0.2082752602635451
0.2084746027938833
0.20867602519134393
0.20888254639269507
0.20793829700936037
0.2079380132176536
0.2079990769888286
0.2080859894545638
0.20820318485600117
0.20836053527634396
0.20852269285007727
0.20864036519963397
0.208795614575993
0.20891728817225297
0.2091009163333863
0.20926332323745594
0.20942334974857715
0.20958692068781615
0.20975460844906382
0.20995513126416998
0.2101210370944294
0.2102351910776612
0.2104144026944935
0.21053446145240504
0.2106762489283685
0.21070022133700597
0.21078651551100866
0.21096260042194104
0.2110196274279131
0.21003766674258528
0.21029397973887398
0.21048970477029133
0.2107183541664917
0.21089937332480863
0.21108415060894958
0.21127203304434314
0.21144294663963242
0.21157787785775944
0.2117344685142553
0.21186315990864554
0.21200484497218225
0.21209584117729194
0.2121756976485028
0.21225272734960174
0.21225598103387647
0.21230255194120753
0.21231233945929384
0.21230652286065602
0.21230806552263431
0.21228691356778695
0.21225511784548745
0.2122202483352946
0.21213493978264858
0.21209502832849791
0.213421444565425
0.21358588385948912
0.21371684172776273
0.21376311048089663
0.21379667476770778
0.21387358476875462
0.21392522654878918
0.21393091276216708
0.2139465867049328
0.2139347478472103
0.21394692031109694
0.2139337273361241
0.2139198207550776
0.2139113748922024
0.21388797433670237
0.21391326484441142
0.21395120794705083
0.213937712275971
0.21401908937826972
0.21403845661024173
0.21410165009757426
0.2141784908838476
0.21430139743738355
0.2144297843331992
0.21457221673158672
0.215846256265588
0.21577271405040227
0.21572909832285136
0.21570438735699626
0.21567813847655706
0.2156838616553665
0.21569258030174654
0.21571628807606685
0.21574674099675145
0.21581306655374252
0.21582333261098424
0.21595967190943371
0.21606027739334552
0.21617626105589466
0.21635861297949305
0.21659067806803503
0.21678833193677405
0.2169686406297969
0.21717613503356947
0.21742994722686668
0.217715118801833
0.21799899159008188
0.21833308471137677
0.21859065469642314
0.2189023185962772
0.21742056687370293
0.21752892736905974
0.2176739957749021
0.21780718546920066
0.21793210300648302
0.21817826556824005
0.21842837512059354
0.2186120893101088
0.21889151669675733
0.2191435004472657
0.21942451553390951
0.2196897005245685
0.21994438699245927
0.22021507342351682
0.220484596482848
0.22074451085276794
0.22094161279174943
0.2211413847296212
0.22137146817795073
0.22160973702629455
0.2218041104789909
0.22193657275399284
0.22210471772654225
0.222181435881
0.22225979105632285
0.2211299831635511
0.2214579683427926
0.22182387159823125
0.22213427866094923
0.22242787708454617
0.22271197270208584
0.22297760346095613
0.22322123368686314
0.22346165611884453
0.22365325781181464
0.2238365711701314
0.22397899109883104
0.22410408893991007
0.22429057421410029
0.22441905031073942
0.2244723489321974
0.22453285172210546
0.22448720659002305
0.22449943477271964
0.22449353964500593
0.22447048893098698
0.2244389268599823
0.22436810615643477
0.22431217493431246
0.2242819104345055
0.22660043519221856
0.22675534069562656
0.22689523147606122
0.22702926924399916
0.22705623696138982
0.22713819168005728
0.22715632069687652
0.22717616803523613
0.2272430480284173
0.227218131163382
0.22723138150007738
0.22720973101893863
0.22722420612589656
0.22722956589626847
0.227241131171623
0.22729484806364167
0.22737148040457147
0.22746073306583664
0.22757320990119068
0.2277105316983904
0.22789923932971792
0.2280969504379253
0.2283480824787367
0.22855594546985394
0.2288610561975722
0.2303429915141423
0.23024375846102213
0.2301760849302225
0.23015147152063312
0.23014318863639058
0.23017202264374967
0.230235130987753
0.23027123198587546
0.230403710157101
0.2305711928490684
0.23072284761049977
0.23097288846540653
0.23128585010756203
0.23158879434407204
0.2318909031105058
0.23220369984072078
0.23262241660402544
0.23303328136483362
0.23348788388976924
0.23395165850716795
0.23443344766484261
0.23494462484787274
0.2354521765342858
0.23595496841266966
0.2364890581428704
0.2332471798794449
0.23361014852806106
0.23396188713080282
0.23427499135301716
0.2346904525698673
0.2351924334457335
0.23562968776440316
0.23616092734957211
0.23674293657829437
0.23721349643195566
0.23772321538876903
0.23819574843459362
0.2386831533014893
0.23913991219638
0.23957930921936402
0.24001933692422858
0.24040782145988324
0.240783501530532
0.24107450449853776
0.24137583487011627
0.24161321597345634
0.24184542932772207
0.24198174296282554
0.24205714669669606
0.24204166217303652
0.24137313680365854
0.2421803412912216
0.24281473146389934
0.24345379685574992
0.24402205391785325
0.2445452350979862
0.24501641937571084
0.24542156962401082
0.24582537298035265
0.24612884506087815
0.24639355612002706
0.24658018620942074
0.24673971164324351
0.246847623327777
0.2469089228087132
0.2469405272666285
0.24693283464831578
0.24689196915012815
0.24685025031698488
0.24678721005890564
0.2467005360902446
0.2466129818440281
0.2465788998429881
0.24647484398649985
0.2465768159538513
0.2535657491109976
0.25365242355520023
0.2536467345088429
0.2535894644684648
0.2534811124604919
0.25337884650184894
0.25325556915997066
0.25316826055876257
0.25308514272452987
0.2530058753898183
0.25294525100077137
0.25294952585226516
0.2530005199854923
0.25309208032395336
0.25329171207727297
0.2535514496818897
0.2538954629804269
0.25435868268439027
0.25496226596418503
0.25561053811001105
0.2564588313714322
0.2573623012490101
0.2584723012323554
0.25964164553370905
0.26104607929102414
0.26020889526770086
0.2597847047275001
0.2595672450103869
0.259536245208256
0.25968734653907216
0.2600057129286071
0.2605210425896285
0.26119334393800014
0.2619434240512466
0.26298869790915713
0.26418163711254605
0.265534322572127
0.2670102591594056
0.2686644339072728
0.27038903466398356
0.2722326794928378
0.27409763594894077
0.2761623047533635
0.27821567585205925
0.2803045539975584
0.2824006442499356
0.2844941299123717
0.2865389804661621
0.2884966256692195
0.29036628340959575
0.26685048737973144
0.2701780500668546
0.27383134803744674
0.27752014860379703
0.281483636675605
0.28541607736627533
0.28945285714980606
0.2933680516852837
0.29724217659547486
0.3009760148662872
0.30471406606504287
0.3082326418275238
0.311606057830206
0.3148259279462408
0.31775147860289144
0.3204261298179821
0.3227195624803307
0.3246360366554153
0.3262743728424566
0.3274873464262831
0.3283797811865565
0.3287732239417306
0.32849745256703083
0.3276653379212716
0.32585212714254413
0.38553430646386494
0.39884917367058886
0.4103425664809663
0.42066420154936307
0.43002218306667866
0.4383923761872593
0.4458678625387577
0.45257951405781643
0.4586760016629707
0.46412996944270135
0.46889679957133523
0.4730305470867201
0.47694926922122616
0.48043060753318084
0.483683181812246
0.48681715666705
0.48970608000482124
0.4926051818764339
0.49526008180864894
0.49764899618110303
0.4996629689523359
0.5013897873827613
0.5027145498100671
0.5039955148187106
0.5054394329645548
0.226310797402008
0.1722551673839336
0.11639041852880769
0.05749701013554439
0.0002146506553157018
-0.05431637862103082
-0.10152894066127366
-0.13948477737124496
-0.16656607381005228
-0.18183207800269216
-0.18584243028136044
-0.1795821488923064
-0.16365565339863464
-0.140502621308215
-0.1116783148492966
-0.07842659455207879
-0.04314606166562086
-0.00718084805673535
0.028025227327538715
0.06160174294901511
0.09374884187615545
0.12342025259965879
0.15155483033178024
0.17741120882211053
0.20162387021819075
0.1276495554799582
0.1278431009281237
0.12931982808424503
0.13178954479198546
0.1349922270678402
0.13886865054625547
0.1433021109178573
0.14799052654386272
0.1530939625929961
0.15842348228192207
0.16382689104939271
0.16926994207868634
0.17462962266653975
0.17978336535419093
0.1847304717935639
0.18947317197744654
0.19415324980613213
0.19847981667473233
0.2025135593998294
0.20626451788852873
0.20962025875567553
0.21264723632826338
0.21516336876586492
0.21714929520662674
0.21873181079312304
0.19071636780105752
0.19380092487161074
0.19682317363084859
0.19968664887518625
0.20259282240708074
0.20523054814611635
0.20777125868156068
0.21013061858462725
0.2123040332715388
0.21432674479307204
0.2161872446353466
0.21785244751396657
0.219355897504173
0.2206389056663589
0.22174089427631663
0.22266314830409956
0.22337788564250555
0.2239549688310143
0.22428344540797684
0.22451498828988756
0.22453359677514284
0.22437598492157884
0.22404541503133305
0.22365678228007152
0.22292177581060785
0.2251265823787512
0.22660551032179693
0.22796185951976647
0.2291433501556887
0.2301551400143903
0.23100744041348414
0.23178905197787614
0.23241117398010744
0.23290170877353625
0.23327608635870228
0.2336546065807305
0.23384962043495003
0.2339690358026564
0.2340667969885605
0.23406249208595167
0.23412612200203212
0.23405963235357882
0.23396915753106629
0.233868111293714
0.23374575839079115
0.23363477626328497
0.23351429675615196
0.23346821394572415
0.23337812278014458
0.23354219375898747
0.24249116284892336
0.2426788780935606
0.24284592195067808
0.24296042403872234
0.24300383238771467
0.2430138755746589
0.24302970470548718
0.24299394990364745
0.24304653859996203
0.24307162321538783
0.24309212761260812
0.2431476172707782
0.24320111094893068
0.2433249079177213
0.24345803106121583
0.24366394953618428
0.24397002802942203
0.24417343639405636
0.2446500760501344
0.24504062847487101
0.24558456453553945
0.24611759228698524
0.24681217237712955
0.24758470254309584
0.2483918689640337
0.2513425212606606
0.2511265398827396
0.2510647399375708
0.25104670704352083
0.2510879747151208
0.2511703051224065
0.25133001517604203
0.25153902077223705
0.2518194400980657
0.25210392781450536
0.25253219564226664
0.2529902190825224
0.25346769219662446
0.2539958551298378
0.2546479063510431
0.2552638935318413
0.25597290589602073
0.25668612674980623
0.25747506776686446
0.2582595915311493
0.25912798303637624
0.2600301987111921
0.26091723246866655
0.26179760751331344
0.2627110245260106
0.25829673833361644
0.2587518403361614
0.2591604514794298
0.2596124805575836
0.26018330783883814
0.2607509095350363
0.2613714226201393
0.26209991628756707
0.26274912239783677
0.2635172100336996
0.2642471164462877
0.2650486372948539
0.26577697600184397
0.26655756370442246
0.26729223214144165
0.2680080528765627
0.2687506584921336
0.26936425370574985
0.26993477461245785
0.27059580477433065
0.2710811594996617
0.2716206515979417
0.27190005266999984
0.27226213752377026
0.2724698112503392
0.26906247734619065
0.26994357559317683
0.2708352772890079
0.2716705335566074
0.272472840067435
0.27323119548215646
0.27396247171781474
0.2746663343028501
0.27532113357865834
0.2759518303519438
0.27651728441462814
0.27698757853193845
0.2774492379961517
0.2778508685724052
0.27821056401827987
0.2785001626890817
0.2787577469619088
0.27896292148798385
0.2790904977066995
0.2791816063910467
0.27925043076411843
0.27920930909652514
0.27915272022917675
0.279067149315068
0.27896405866876783
0.28274192579361734
0.2833681899720025
0.2839087427747329
0.2843668833767677
0.2847866367773928
0.2850981535869658
0.2853587166274927
0.28561776531617095
0.2857737118543848
0.2859289431513878
0.28604096714174226
0.28612743887533715
0.2862115943385407
0.28626664342491875
0.28633445349873965
0.2863779787258804
0.2864477884692241
0.2865064928531301
0.28664662995621587
0.2867862058969545
0.28699288198224904
0.28718206518860157
0.28745025283417175
0.28783367100498963
0.2882393822553593
0.29368573712030505
0.2935968216542045
0.29354812861615964
0.2934899663298782
0.29348249631084516
0.2934358379363675
0.29345036405220537
0.29350609211034207
0.2936314497510041
0.29374101994073254
0.29392996017258716
0.29417097010141835
0.2944791019166523
0.2948208729547811
0.2952731663538124
0.2957358457714583
0.29626778517165725
0.2968926530473422
0.2975330637708424
0.29828008179092885
0.2990469625010843
0.29994800222916923
0.3008993320198834
0.3018834802999148
0.3029335960129298
0.3004430419689973
0.30059239489940864
0.30078246614559173
0.3010316234220062
0.3014370976012376
0.30194730759068583
0.3024646016623673
0.3030489899858648
0.3037208239957558
0.30436869455796234
0.30517815102551654
0.3059827912589104
0.3067772405202797
0.3077108462330398
0.3085731303347111
0.3094402694107846
0.31040285036209403
0.3112831265091369
0.3120789759361585
0.31293507624609346
0.3137568393918585
0.31448409358046125
0.31524696175650135
0.31584037522248093
0.3164818408433493
0.31040103418535103
0.3115146081316476
0.3125301148303191
0.31361687569446445
0.31463490905341746
0.3156647016175025
0.3166065103517329
0.317497403288421
0.31853775934321277
0.3192464260390598
0.3200535297705132
0.3209378622593281
0.3216178560000412
0.32215888612350013
0.3227487619013289
0.323285044918642
0.3236835491765032
0.3239694222152505
0.32424902127287825
0.32439308323276356
0.3245002523414287
0.32451247586533427
0.324426371583471
0.32423174919511594
0.32392993090739564
0.32750542805824384
0.328272994535032
0.32915848787958185
0.32988919800091027
0.3306775052803485
0.3310876686883803
0.3315349322049722
0.3319112076938428
0.33228842011554466
0.3325461643886889
0.332728312064702
0.3328357583939984
0.3329586179452467
0.3329945360958673
0.33303620893681407
0.33305214518997805
0.33304848732649023
0.33304628512769585
0.33318000326176894
0.33321008607227076
0.3332192232016596
0.3334517810181958
0.3337231030392283
0.333958209996206
0.33428704578233065
0.34253817130588954
0.3424396634407176
0.3423799903529772
0.34226452649395583
0.3421960594736585
0.3421272264332201
0.34208075556285755
0.3421349164190029
0.3421379537691764
0.34221498492824365
0.3423397586827861
0.3425732445288991
0.3428548520233967
0.3432752070135901
0.34366345185536773
0.3442774777144358
0.3448647094734952
0.3455693137373244
0.3464121216183789
0.3473320656412315
0.3483088679970708
0.34944298339466645
0.3506649676823984
0.35201116963873497
0.3534781241426952
0.35108418602059643
0.3511459243837717
0.3512347345752195
0.35157105583266335
0.3519702640056096
0.352406985133591
0.35313731613078814
0.3538524282932625
0.354720561162281
0.3555800253168419
0.35656700802923147
0.3575999932845409
0.3587342503219622
0.3598544511041214
0.36098763323945054
0.36227207562673186
0.3634839911154761
0.36466937451872483
0.3658213936483358
0.3669999732345416
0.3682237016375886
0.36929684688064124
0.3703041432992767
0.37120615967064924
0.372261546891158
0.3637753772637161
0.3650879940679358
0.36643807512698834
0.367798831473263
0.3691206648563329
0.3705338273424599
0.37183921912404966
0.3731169632057302
0.37447857742007107
0.375655332431489
0.3768435432051129
0.3779117901845531
0.3788457344029486
0.37975322721842464
0.38061110576402973
0.38141795735358497
0.38199689021285455
0.3825338455736482
0.38302719522564954
0.3833186461235081
0.38352209916781105
0.38357276771393317
0.3836001330438047
0.3834057502869151
0.3831196462148065
0.38667021018189573
0.38823463385538637
0.389393021711139
0.39044760586917876
0.39142848900618676
0.39227851600682967
0.3928051005710716
0.39341323404654094
0.3939544560318058
0.39437509307075636
0.39471900799970266
0.39495586647722286
0.3951147613412858
0.3952413101734832
0.3953046061481763
0.3953094909366069
0.395375456780291
0.3953997136510046
0.3954470013736204
0.39548133785705164
0.3955185146055649
0.39573523854914366
0.3958867206609185
0.39608130053282586
0.39666611452463413
0.4083535432904245
0.4083097579201928
0.4083070772670701
0.40822874908825457
0.40814114497287163
0.40806578333511784
0.4079759046202066
0.4080222444216418
0.40805481535366855
0.40814891619735694
0.40832660082245936
0.4085866527608966
0.4089565765306526
0.4094108666621669
0.4099662874758824
0.4106956546832289
0.41151406427745374
0.41243788948816557
0.4135572614901931
0.414724947672339
0.4160859956710536
0.4176142458934168
0.41932629038921543
0.42110581397417324
0.42314419078131793
0.42092092459815217
0.42087467911942306
0.4210425844551834
0.4213048820231595
0.4219167758510286
0.4225738626991944
0.423369565543763
0.42437494071526954
0.4254468772470512
0.4266531698721221
0.42804777289370194
0.42940932702035367
0.4309214337153918
0.4325543362724041
0.434239118963909
0.43593231686379375
0.4377136183987564
0.4393953418866668
0.4411269909203474
0.44290969760046306
0.44461128604683814
0.44628560027785663
0.4478378478335941
0.4492374809627468
0.4506277205209785
0.4383050465210862
0.4402245186698034
0.44211311318507407
0.4440701960322767
0.4459626873244388
0.4479263301730446
0.4499255367955553
0.4518649137085894
0.4537429452584061
0.4553996589570924
0.4571550826707527
0.458782640616872
0.46032530841433367
0.46162583770891874
0.46296021820974587
0.46413170931604253
0.46509810163337434
0.4659731949598133
0.4667048018254154
0.46724914497457576
0.467646130390221
0.46790254633160877
0.46788439722049113
0.467677668094041
0.46737323077354204
0.47157691193135043
0.4736714029418382
0.4756538526733643
0.4773420232168708
0.47872246691310477
0.4801339430322657
0.4810591671884683
0.4819874968471655
0.48291226886878685
0.4835344510293709
0.4840488534535404
0.48450096716045055
0.48484836263763187
0.48508098355893126
0.4852344354241789
0.485362862594698
0.4853624522851109
0.4853719662987551
0.485527506255515
0.4856060267766974
0.4857251683493471
0.48588597895732266
0.4862553355859544
0.4866643096914756
0.48713843162589787
0.5045313028608929
0.504543037784805
0.5045877305769921
0.5046042962193438
0.5044851496275032
0.5045191487567128
0.50441084036659
0.5043632822525604
0.5045198915268999
0.5046295187668703
0.5048424762079995
0.5052708823411656
0.5058357644735514
0.5065115992852172
0.5072942739760994
0.5081934828375135
0.5093926897282807
0.5107026362022087
0.512293734691511
0.514079691930735
0.5160704569551735
0.5183004967178422
0.5207351053222533
0.5233252862215197
0.5262247789281377
0.5243636637009046
0.5242358385586895
0.5245133510031655
0.5248218238168857
0.5255030785883295
0.5264821150758284
0.5276674354991729
0.5289940856672102
0.5306411992812057
0.5324647899456403
0.5344912695327828
0.5366337426702205
0.5387054765992876
0.5413070301545463
0.5438301728271386
0.5464296298885926
0.549095029278557
0.5515237329999614
0.5545491996743456
0.5570548824742118
0.5595869582607803
0.56234177614629
0.564772307801719
0.5671237250756335
0.5691823221914647
0.5506150150316671
0.5534177454988928
0.5563237363068917
0.5592870983442503
0.5621817141748088
0.565213518087776
0.5683357424415474
0.5712232957515762
0.5741893229374923
0.5769762577181496
0.5795130323048051
0.5822177741826706
0.5845856267183647
0.5869071663024377
0.5889032564366423
0.590861656144845
0.5925228650859125
0.5939496545498827
0.5952430356130218
0.5962239821462724
0.5969986935151859
0.5975233293793725
0.5977432749321394
0.5975926855736274
0.597340027537424
0.6025093355419379
0.6057564410275704
0.6088364970950951
0.611729926486207
0.6140589919126023
0.6161855585162719
0.6181656024378719
0.6198089787868369
0.6211912137338497
0.6224178025589903
0.6233621569327457
0.6242025983131897
0.6248667400562958
0.6253370926654348
0.625667599336735
0.6259743309621553
0.6262596233428961
0.62639763568304
0.6264904656838952
0.6267849812396163
0.627092731416314
0.6272954372540889
0.627656061755875
0.6282565766713759
0.6291197443398842
0.6567374697082673
0.6571011344322752
0.6572076258165881
0.6572624117162799
0.65733457980138
0.6573877592569779
0.6573513343305496
0.6575406359344299
0.6577910040591148
0.6579536279668197
0.6584944469014545
0.6590915392041686
0.6596737947386776
0.6607732115229017
0.6620566588759427
0.6635648546807071
0.665619740257116
0.6677401944481549
0.6702378562894848
0.6730645962127592
0.6761083020041179
0.679842441248538
0.683942713347812
0.6880602760304979
0.6926845311601542
0.6915879695667555
0.6913329662900097
0.6912930585423712
0.6917938249413624
0.6931329400110547
0.6946960817410357
0.6964623362907922
0.6987405692370804
0.7013710543686603
0.7043431759125274
0.7075863793091202
0.7111369712905495
0.7149733650764846
0.7189412696543098
0.7232151877914549
0.7274972032341855
0.7319450570387881
0.7365255004370661
0.7408567909646798
0.745621275673041
0.7500434823169554
0.7544072857301632
0.7586695633001459
0.7626971752998848
0.7665148973295426
0.7351537132269605
0.7395892308724802
0.7450088140764721
0.7499794116651701
0.7553024339416073
0.7604604761319377
0.7656191527075498
0.770877122702751
0.7758935325786401
0.7808044602286688
0.7855492992688901
0.7900896358360681
0.79416477101992
0.7983102747965963
0.8021542788963651
0.8054851411405747
0.8086634570656239
0.8114061932835102
0.8138787361212932
0.8159289679568165
0.8175648824317043
0.8187447598095089
0.8195261285078976
0.8198850969216457
0.819714684300004
0.8267606161210309
0.8328081024885676
0.8385150007371229
0.8434865723829265
0.8480736245192411
0.8521019150946982
0.8555084811434993
0.8586657211036831
0.8614660684600881
0.8638256745299877
0.8659191165938305
0.8676712263519314
0.8690979377166371
0.8702546752364815
0.8712109103285783
0.8720902500343135
0.8725258750352808
0.873028710387183
0.8735766583842582
0.8741989269091437
0.8744729530284393
0.875099078675722
0.8760710555382928
0.8769040967097967
0.8785220757757102
0.9290024511507404
0.9298458880618524
0.9305474865097721
0.9309340533237402
0.9313649462255571
0.9315571392456129
0.9319553252285119
0.9321099695972963
0.932649769148137
0.9333796346256146
0.9339140340920772
0.9350342388099854
0.9367360216432892
0.9383552115803567
0.9408534804097417
0.9439384517680321
0.947202439119525
0.9514449555079612
0.9563172099513314
0.9618963663637805
0.9676424159074112
0.974717397289109
0.9825956996745284
0.9908187965795995
0.9994212770789005
0.9998755119061188
0.9987792427530263
0.9987267136790061
0.9992610838781661
1.0012835425688011
1.0037605453776437
1.0072538539013491
1.0119329837704183
1.0171390986850908
1.0232354114799849
1.0299546558004717
1.0370970958689238
1.044945436835583
1.0531448338348317
1.0614291726297043
1.0703969564398508
1.0795735227099195
1.0886332570532555
1.0972696943139457
1.1061943234712694
1.115310137196044
1.1235230251513733
1.131876816206346
1.139526481822919
1.1475329792924016
1.0805421939885291
1.091761452807367
1.103427246681219
1.1155420015456985
1.1276464378696422
1.139618256094228
1.1510124093384047
1.1626316108656751
1.1735893409686298
1.1838001712208182
1.1935485331935345
1.2031343535913364
1.2117844794014143
1.2202353658757081
1.2281441903054677
1.2354226774490564
1.2421316192372347
1.2484047066363761
1.254017088667161
1.2592647062991391
1.2636904101092379
1.267649217760066
1.2708482840941429
1.2732636221889444
1.2749315163988084
1.2933105143764918
1.3068880858984557
1.3186097521110196
1.3288231125875491
1.3381928167228998
1.3463219577733654
1.3542007221820616
1.3605554429121636
1.36670235590415
1.3723034514333914
1.3776493845861892
1.3824755267276632