1.7771855631627454e-19
-8.887414052898209e-20
4.0217876978931386e-19
5.063385222121711e-19
-3.195443668185068e-19
-2.947906253202579e-19
2.962288949657831e-20
1.3311738107065676e-19
3.14447388799e-19
2.383244210225172e-19
3.6708158069334513e-19
-3.867834751939277e-19
4.524717701923184e-19
8.193120856014242e-6
9.509338298997998e-6
9.697308927109353e-6
0.0002496746440500188
0.000010752117796974103
0.00001209170418219304
-0.0005038858887833945
0.000012325666018170151
-0.00003767570617504805
-0.00004609954564803115
-2.686552245613625e-7
-0.00006590599578163304
3.4444262062661157e-6
0.00008105120784051542
0.000017051495569501668
-0.00015942801995262802
0.0002042862949002734
0.00007188912797205865
-5.7420746585013645e-6
0.00003311290017550265
-0.0005256690665718971
0.00007554693457208056
-0.0002010452571997242
-0.00002834187646699256
-4.820969927178264e-6
0.00015911547343735698
0.00014196384588246254
0.00006380847285739127
-4.139708235625009e-6
-0.000012190424359615188
-0.00006994234870957016
-0.00004332679585534458
-0.00007480063923098752
-0.00012662709502873987
-0.0001412287938718733
-0.00010795535323524726
6.578797517672652e-6
0.0003819512515187172
0.0005429232497299025
-0.00012208362538316942
0.00003733112686571698
0.00013887249971635766
0.00007809892227780207
0.00012638618677357456
0.000025802059580183853
6.293069866925672e-6
-0.000019223314464765902
-0.00015176597603724812
-0.000127431239611559
3.484203164400214e-6
-0.0001523670919096022
-0.00020821595170070152
-0.0001621609761728682
-0.000010151125440549573
-0.00020343167304041632
-0.0001489889577409305
-0.00016124509160462625
-0.00013274164649154852
-0.0001074326671055252
-0.00005279260860084652
-0.00006422182599381338
-0.000028227860139316708
2.554701931204972e-6
0.00003416953471688387
0.00006844426734133288
0.00010619930230078781
0.0001245207406732062
0.00022670894584950383
0.000011036094022556158
-0.00008481038988594019
0.00017592245555984477
0.00023418727877634203
0.00022729989697252624
0.0003033160173052667
0.0001607328494081511
-0.00014393537338974627
-0.00010312094069992567
-0.000053172257257462334
-0.000024154504168396033
0.00002622387388179651
0.00006851543481323013
0.0000975254420272878
0.00014251576049118206
0.00008563906556787278
0.00023985752483979866
0.00018091917006410777
0.0001736403812326182
0.0001666698671831546
0.00019028865703019326
0.00018422895932128076
0.00013777965049686865
0.00016799994592815905
0.00013126722933475295
0.00008556545545346865
0.00005137820042597321
0.000011443144485592287
-0.000042440475140107374
-0.00009343214918974671
-0.00014251175426961067
-0.00021252943429018358
0.000334697791514304
0.0002937633497290819
0.00021899760258371236
0.00029812386992831663
0.00021884108704971547
0.0002018127161294291
0.000115896442677187
0.00021713277092284234
0.00016005244535478597
0.00011100783608528582
0.00008174683629942321
0.000042476294183458916
-4.625958291546937e-6
-0.00005389670373198468
-0.00009374985903792612
-0.00010926292747863813
-0.000164529476208899
-0.00022230456739444563
-0.00024343718641563718
-0.00037188031957918684
-0.0003346177918200729
-0.00036383066957233935
-0.0003514798849159877
-0.0003252492244709387
-0.0003260928588212924
0.00023359765742423142
0.00016691819329926736
0.00009601708955635666
0.00003281089371152969
-0.00003146086112305075
-0.00008638198006379889
-0.0001239243438272638
-0.00022152924155623531
-0.000254815980373643
-0.0002965417501303977
-0.0002467626592258088
-0.00023873274823067332
-0.000266462912709788
-0.00023388273021643637
-0.00025710057290619684
-0.0002668907319082156
-0.00025725996263463165
-0.0001704834754789178
-0.00011824272172283511
-0.00006048287955067098
8.025359158698025e-6
0.00005473650027297936
0.00011496498148771354
0.00020812440384196347
0.00033197222938314473
-0.00038538993937999814
-0.00042346541401179467
-0.00041120354102977693
-0.0003691810629523569
-0.0003463804185500557
-0.00032129144634502786
-0.0002764522002628073
-0.00027643001540741735
-0.00021381931477565353
-0.00017763762439820748
-0.00012809295626216313
-0.000049943986098953435
7.3488303766520535e-6
0.00007529081170561882
0.00013961047220286806
0.00019547370587743245
0.00023721852007988937
0.0003065875883810472
0.0003378658669471671
0.0003525595806229666
0.00044142397823672565
0.00038440231300293216
0.0004357562597178652
0.00044249116312442775
0.00042447700316971697
-0.00039256559789415464
-0.0002503684588563279
-0.00013926417498829775
-0.000048147399720508495
0.00004924392935401003
0.00013144257014134611
0.00019838824294666176
0.0002526042573614253
0.00028697189770517806
0.00029687058906055556
0.00035726451551335064
0.0003906779209832501
0.0003848698809978475
0.0003804436835007499
0.0003389288520168965
0.000331360593025111
0.0002819020515220364
0.00022196523841213194
0.00018076659790122824
0.00008163619904499051
0.000013434693094066507
-0.00007709351690599135
-0.00017565694869906126
-0.000284312551110363
-0.00038601843865159564
0.0005100655122859867
0.0005511383117550167
0.0004682093855338612
0.0004365971671554186
0.0005105570159124827
0.00045863497895268413
0.0004339920696932752
0.0003693593020191971
0.00031211892303997617
0.00021026773887942491
0.00015610845094734662
0.00006387933325009451
-0.000014280314385360061
-0.0001032057722508918
-0.00018213309586331619
-0.0002633858163425828
-0.0003364076410328747
-0.0004182348233203178
-0.00046989743329123074
-0.0005329398809998602
-0.0005587320539128737
-0.0005987347920582222
-0.000598143376799669
-0.0005645629813308663
-0.0005221624742088231
0.00042938190446884417
0.00031628714742822236
0.00018356880892746505
0.00004949503251777948
-0.00006553917503037918
-0.00015300022885186758
-0.00021635554736779676
-0.00029651776129772613
-0.00034130611054999796
-0.0004389089215848914
-0.00041669990428651733
-0.00043844501854324185
-0.00043872017292952533
-0.00041903463091467206
-0.0004129886796096362
-0.0004321430671378951
-0.00037841769399771523
-0.00027227416355272743
-0.00021047985609423894
-0.00010511084166147981
-4.6882897644525665e-6
0.00009140917700981794
0.0002042374484177917
0.0003802469338576136
0.000543147621661036
-0.0006573784746801052
-0.0005962801646305371
-0.0006555412846775615
-0.0005777389489591246
-0.0005967252722216214
-0.0005101415944684237
-0.0004963913105871728
-0.0004353814479434774
-0.0003301679108688875
-0.00025969005065740907
-0.00016815220426046493
-0.00006705203549205673
0.000036634270874581204
0.00013776416398092497
0.00024349022505166205
0.0003106847052291063
0.0004060067080559386
0.00047223027074867416
0.0005107179486939309
0.000582548946999748
0.000616275160445945
0.0006558153040357538
0.0006370488278716592
0.0006736854709361031
0.0005957783234124733
-0.0004839088118165972
-0.0003399362309652698
-0.00019592546029833138
-0.00003182059069136428
0.00009188445732259016
0.00021585594166492744
0.0003255132232694568
0.00040859098899257335
0.0004883511316200056
0.0005255604049041059
0.0005974117667898743
0.0006185500940880626
0.0006219556610969728
0.0005881351014020889
0.0005813050426728681
0.00048467471116517356
0.00037961794074896257
0.00033171473674883483
0.00020721082949250075
0.00010825446407463877
-0.00001671168676309562
-0.000157473483451777
-0.000301940426569948
-0.00045641932136576013
-0.0006380491297159546
0.0007708064644148057
0.0007975144505441692
0.0008226169585738985
0.0007822564140859594
0.0006849914355990956
0.0005941875799038565
0.0005351879980241969
0.00047164851098599264
0.0003778238791900455
0.0002732438219376656
0.00018039272210014327
0.000049291804323568265
-0.00007343273695491221
-0.00021101577238338064
-0.0003156866719363315
-0.0003904780426656768
-0.00047989505998569885
-0.0006197906439326888
-0.0007413372432363892
-0.0007902246895539064
-0.0008592711190692976
-0.0008298537631509891
-0.0008898482891688209
-0.0007498734425040756
-0.0006783300017610878
0.000534621832212353
0.0003362049208902693
0.0001464938934743358
-0.000010074700543394945
-0.00018054205802654134
-0.0003315471828289641
-0.0004254631547409274
-0.0005611894917130249
-0.0006305199589569155
-0.0006850162774873437
-0.0006955048742524922
-0.0007245630143369674
-0.0006979294305545234
-0.000711428249303526
-0.0006695209223171627
-0.0005766297014374801
-0.00043038462796360746
-0.0003048525730784505
-0.00020058531949442222
-0.0000788930911371237
0.00008779797469662104
0.0002560811616946869
0.0004572389418255945
0.0006280855498239747
0.0008827048649893962
-0.0009770329561111454
-0.0010134915938092002
-0.0009327781875726811
-0.0008884328214063667
-0.0008242809027234733
-0.000736936527045389
-0.0006389044397129545
-0.0005195431653662374
-0.00041702753235783055
-0.00026992154687130904
-0.00011994667984152831
0.000024078030124934223
0.00016475641556078913
0.00031745318012732873
0.0004797091929133084
0.0006053040716177227
0.000741142263725677
0.0007590120386097672
0.0008468422236039178
0.0008911017414992278
0.0009227939627563845
0.0009468076214701974
0.0009807912721156175
0.0008844704809183282
0.000745155504183925
-0.0005379151660141517
-0.00027010346880784476
-0.00005488857877686855
0.00016430904855733192
0.0003485748738334244
0.0005096293488213423
0.0006403692955129638
0.0007432841763733134
0.0008747976781976884
0.0008976146824923322
0.0009585727193013763
0.0008610763402993018
0.0008267135987556427
0.0008128600986143818
0.0007529282560073644
0.0006155333376010424
0.00046415002649324605
0.0003025325772177704
0.0001376270558340123
-0.000054103558939604466
-0.00024735610059664924
-0.00047972853688474143
-0.0006923027632166724
-0.0009502836169731223
-0.0012166660489567205
0.001438859457150465
0.001412703685394455
0.00132321926168815
0.0012678145643325357
0.0011152833346950732
0.000927452642614198
0.0007628451501006364
0.0006370091919633384
0.00040387347538049003
0.00019780178212234698
6.990158334189966e-6
-0.0002160277156056946
-0.0004198352486057377
-0.0005859934670635426
-0.0007554842420210401
-0.0009531500469489749
-0.0010638614464879433
-0.001181096618939808
-0.0012481249549899608
-0.001300638753141278
-0.0013254500215990337
-0.00126683255595701
-0.0011560652773092922
-0.0009838493027748093
-0.0008168959128538105
0.0004514639646143465
0.000039925156062706264
-0.0003080851605132946
-0.0005781551319113155
-0.0008083647549962371
-0.0010043012540366565
-0.0011949967834459767
-0.0012917971486930534
-0.00126422330833182
-0.0012795041577393685
-0.001255777249213392
-0.0011895310895222156
-0.0010930564964448419
-0.000964268853698734
-0.0007908625490795409
-0.0006356759357427591
-0.00039914333458043863
-0.00014820976444765728
0.00014092562083812543
0.0004318535298736592
0.0007417860205179049
0.0010822722289384136
0.0013970113401609097
0.0017291460799106202
0.002063332914306586
-0.0025332239978909273
-0.0022456786775761003
-0.0021379551657857944
-0.001892684042205436
-0.0015198667672328338
-0.001241881638756201
-0.0009106604175834221
-0.0005795225875158846
-0.000242508247340829
0.00010452630773046544
0.000459910651128856
0.0007934472104984957
0.0010990095497475426
0.0013660317847960961
0.0015921096458095909
0.0017899572717675993
0.0019174575524766207
0.002016295409646285
0.0020736055228734217
0.002014152874222009
0.0019619901632566684
0.0017710300439803684
0.0014006894862314302
0.001108289725907498
0.0004690355002028813
0.0002614827518120684
0.0008849370785045128
0.0014719784285145419
0.001918584130754603
0.0022874044779685417
0.002511882708933279
0.0026935016215172873
0.002787074285180246
0.0027807820116059145
0.0026754697833987102
0.002460583690097749
0.0022317909917144237
0.001928483584166009
0.00150417739611126
0.001009138449373956
0.0004864981283191049
-0.000014065433181549093
-0.0006428100670235718
-0.0012698270435894503
-0.0018829943226869312
-0.0025153519773050545
-0.0031324121728564394
-0.003670946551715173
-0.004235486075081244
-0.004710948394877324
0.006380124190291098
0.005594466191565865
0.004731128454857163
0.003877628753688991
0.0028564795673383303
0.0019182785993774808
0.000888442447659323
-0.00008002825917838535
-0.0010115923145305264
-0.0019410723417062972
-0.0028240761927839824
-0.0036043745586402135
-0.004280076213022464
-0.004810376083433769
-0.005184625081847503
-0.00550650523843587
-0.005625776442289948
-0.0054943549290990415
-0.005237398456400006
-0.004791433211219805
-0.004094795123291717
-0.00316231053577115
-0.001954109263164254
-0.000553972542327549
0.001160801901746503
-0.005936255797262818
-0.00839918932502054
-0.010391418806582797
-0.011755204260639907
-0.012705367023616278
-0.013207249619125342
-0.013245360838094024
-0.012918644106220888
-0.012212129484408269
-0.011185386437369
-0.009777167805586177
-0.008112366724972788
-0.006130920797072473
-0.0038784031602102065
-0.001484141436458528
0.0013474038020261508
0.004303521029272792
0.007234220340436182
0.01042874620235619
0.013621365819597466
0.016874280950574524
0.020026642372610978
0.02314466525438977
0.026113700949326316
0.028823195591058722
-0.07769320956571524
-0.06417803863941342
-0.05101611120598659
-0.03803251999450504
-0.025012204821931654
-0.011943338376237823
0.0012214999586959562
0.014623732757390633
0.028289942682449748
0.04209298190642675
0.05599261190890038
0.06995789790133349
0.08444684464761791
0.09891980484816491
0.11378178392362114
0.12904210446800088
0.1449620151355616
0.16202828528630595
0.1800203410320449
0.19889389093494164
0.2192314095507404
0.2406627337346949
0.2638480756407135
0.2885004367221717
0.31459135290265805
0.5588536856165198
0.5569934168121502
0.548820334991406
0.5323097700015417
0.5058099531402391
0.46853680825555205
0.421723421189489
0.3669999053146798
0.30691583851428
0.244889878237805
0.18263078616428735
0.12499872643612013
0.0694535703965297
0.02137989445867561
-0.019578644725319404
-0.05339605783016731
-0.07952660337807103
-0.09856185288135315
-0.11117678135980939
-0.11838594597737781
-0.12104181834893428
-0.12011836860509774
-0.1159933575270601
-0.10914270809597526
-0.10010813273759551
0.036361496180933546
0.028644868799901194
0.02154984156828632
0.014955392145739523
0.009075957019796497
0.003768808780250244
-0.0009790605443323044
-0.005006174410475264
-0.008488035114646485
-0.011349896772460887
-0.013527048025439288
-0.015099559013179003
-0.016080134714719134
-0.016521880408918457
-0.016493678421851465
-0.016022267502673156
-0.015080680585975902
-0.013785600735166733
-0.01212589420756713
-0.010004392591051268
-0.007618058129484872
-0.005013260097786301
-0.002014806448607193
0.0013857087912829127
0.004923501504168303
-0.00423185651124769
-0.005684692123690458
-0.006697952184075609
-0.0073534898088217305
-0.0076810549614372585
-0.007749663103074518
-0.007560444542185575
-0.007211979917891092
-0.006630233837717354
-0.005942057996305528
-0.005115007537636788
-0.004183155630122513
-0.00327175254604308
-0.00222455259727495
-0.0010773792307421884
8.453635880514822e-6
0.0011159031718282494
0.0022020256138631567
0.0032389237141562353
0.004241980066225285
0.005156533511318662
0.0059914313767835585
0.006767583000128985
0.007474511147185816
0.008004429195554016
-0.005697465084979841
-0.004962589602312852
-0.004245779346709315
-0.003502118090761365
-0.002695776105097078
-0.0018991072871290078
-0.001195944896128019
-0.000493883806821938
0.00021467942576463078
0.000872397156030586
0.0014282181215755333
0.0019494843643910345
0.0023986947930648207
0.0027656862259968513
0.0030501786639845554
0.0033072124119716876
0.003406631658599624
0.003457392264336053
0.0034069538433694423
0.003216889795737692
0.0029263851494423076
0.0025915283637664537
0.0020373392351019115
0.0014735590086276348
0.0005983524782638627
-0.0004062827152660574
0.00031116988471845917
0.0008981097422326793
0.001370787674484938
0.0017833948246972315
0.002078298506892436
0.0022920737258796493
0.0023886676375248776
0.0025006620477169878
0.002532901571180752
0.002382192633658114
0.0022158713923058427
0.0020534168719735374
0.0017990230218860573
0.0014953249925292289
0.0011385973684931963
0.0006878197697569809
0.00032646914554831225
-0.00017645857034915047
-0.0006564786352536798
-0.0011237902593255146
-0.0016650965462207301
-0.0021639795006701927
-0.0026658847782225987
-0.003214197056660009
0.002984559294683987
0.002753909110201172
0.002647909903307053
0.0024781375679639316
0.0022123879405202547
0.001944467318423581
0.001600927021222829
0.0012726566874904156
0.0008965460005163518
0.0005488224990913914
0.00015933065761163757
-0.00020377004084786
-0.0005698932302611995
-0.0009085706960572183
-0.0012109597491201894
-0.001535260968763542
-0.0017442451348243391
-0.001972227926859246
-0.0022303671676311967
-0.0023153380618825673
-0.0023251607731513578
-0.002323481221464773
-0.0022368387533648177
-0.002010154671437527
-0.0017595162954386109
0.0015734218178197867
0.0009437685492733599
0.00046411970492469065
1.6739571632423487e-6
-0.00041153160253508257
-0.0007679261821807084
-0.0010753895262908119
-0.0013597008948829958
-0.0016221263817259197
-0.0017591712667443837
-0.0019243651604473981
-0.0019518976121483196
-0.0018831113675942164
-0.0019069586285181154
-0.0017812497192821032
-0.001572796701881551
-0.0013703192863968715
-0.00109011879983641
-0.0007325491963476637
-0.0003876093238859469
-6.663004406337276e-6
0.0004282543627550799
0.0008657639421850982
0.001355497996284222
0.0018268050599446932
-0.002029253935889676
-0.0021565833180276534
-0.0021986847712545544
-0.002180911264157974
-0.0021232277085483195
-0.0020085465849202567
-0.0018463336688828746
-0.0016135246727505678
-0.0013700060538909833
-0.0010887054656374359
-0.0007799218948597999
-0.0004714388742862608
-0.00013500196735095142
0.00020046723609315026
0.0005441783719490947
0.0008588629064401331
0.0011786532633619004
0.001449161899408501
0.0017461677839525965
0.0019839106282804734
0.0021659670834001717
0.0023209366536071758
0.002454690905011336
0.0023977870603128595
0.002303369794841314
-0.002115823992970538
-0.0016235863553280458
-0.0011428837053701689
-0.0006816681672434711
-0.00023778921386659546
0.00015824134451963235
0.0005386464583031604
0.0008815068800381587
0.0011789894518924504
0.0014220656754081375
0.0016259217979185468
0.001760510759057661
0.00185104043009811
0.0018900053745538152
0.0018854082783682498
0.0018214243139669968
0.0016851132550935435
0.0015296228431093326
0.001250267415286243
0.0009452137972630419
0.0005998628941072548
0.00020472581828860878
-0.00025493744463710914
-0.0007875564420294767
-0.001368097552643429
0.0017553898517574094
0.00198512333657906
0.0021793742178741974
0.0022773770491760783
0.0022890638395031515
0.002273413647870434
0.002164216155042219
0.001997977312896067
0.0017684920043698638
0.0015218735253292085
0.001224354358161413
0.0008902272182065824
0.0005425181707760693
0.00015874805464029555
-0.00020595803128660672
-0.0005886967127756937
-0.000970429443495636
-0.001321509937656492
-0.0017074935195819222
-0.0020509239133799963
-0.0023055269936663333
-0.002570580076600428
-0.002739848693708387
-0.0028160172820631095
-0.0028695153031078314
0.002704967527477356
0.0022012424710678856
0.001695553966315491
0.0011696882360794764
0.0006733838978039295
0.0001922197232661504
-0.00026516701920593493
-0.0006572220199672955
-0.0010366102514327642
-0.0015204706405374086
-0.0016890548848566428
-0.0019989623733806
-0.00213436947287736
-0.0022801294324061652
-0.002347706720471828
-0.002209738878848668
-0.0021823671769390365
-0.0019875072984893933
-0.0017253290566596464
-0.0014215123742124772
-0.001017112308820647
-0.0005749288796272256
-0.00002175939101932088
0.000575157317418551
0.0013448392385925906
-0.0019439056642131405
-0.0020343624725633297
-0.0025289537622857692
-0.002545802390837397
-0.002824192372981009
-0.002796136467161229
-0.0026530037678535717
-0.00246510061939714
-0.002287111564048782
-0.0019255405714903465
-0.0016136866758983987
-0.0012875055746686915
-0.0008636426337868939
-0.00043400755999716234
0.00002562383244536233
0.0005158834918204933
0.0010156343620130494
0.0014408553394189272
0.001976338177206256
0.002362081380008728
0.002598396533345262
0.002973012331486062
0.003367945964726228
0.0035221802468703325
0.0036677679284803904
-0.003420245488562733
-0.002756708783274317
-0.002167941194160925
-0.0016543376558726802
-0.001009171594109117
-0.00046352508515885453
0.00006351196101135813
0.0005544877657688781
0.0010792751454080111
0.0015427233238513422
0.001938529927201421
0.0021869302025334532
0.002314753561139288
0.0025744249972952057
0.0026674429812998867
0.0026571326280366418
0.0026000674066606402
0.002462453314615039
0.0021740001859457164
0.001875078134624479
0.0014410774911735658
0.0009416624113895111
0.00037539308196520596
-0.00034053023465907355
-0.001115704193361133
0.0018088676137663336
0.0022595021951201284
0.0026223476669195267
0.0029826826193504164
0.0030790169635985186
0.003154669706805118
0.0030854125572488014
0.0029140341865535042
0.002710065965164976
0.0024334058687544404
0.002102981010372724
0.0016616646971138822
0.0011904764048308598
0.0007218611449853625
0.00020686659877895258
-0.0003251228416605722
-0.0009509433755448074
-0.0014885845865297894
-0.002011011059151282
-0.0025297644762740015
-0.0030169613218734466
-0.003455872294534018
-0.0038182468340206476
-0.0040985731387221
-0.004263136217819187
0.004165620922518525
0.0034796084235760812
0.0028344026553871818
0.0020976227429970636
0.001396651474521832
0.0006949997488080469
0.00010838278706846754
-0.0005517777592682988
-0.0010730763114929806
-0.0015574509982510308
-0.0020163491073500023
-0.002452577828160389
-0.002746750521448018
-0.0029444473467456138
-0.0030922705554757984
-0.0031520126634465313
-0.003085301238903135
-0.002919843271164996
-0.002655005374631868
-0.0023008702691603915
-0.0018737063211836992
-0.0013457959655287918
-0.000650875696514939
0.00006878251358887966
0.0010726174148343508
-0.0018217857613127676
-0.0023975808532842716
-0.002865408425857769
-0.003307948821632723
-0.0035105261672647085
-0.0036625487361821767
-0.003644163561791182
-0.003413541861584282
-0.003303301155044293
-0.002944726193969564
-0.0025610116155146733
-0.0021132551495170807
-0.0015641258858189603
-0.0010302596169256579
-0.0004248079846111769
0.00022478803393788247
0.0008174896344558398
0.0014868853513318248
0.0022629684593369016
0.0028980340431836397
0.0034760274185229667
0.004014010138211946
0.004331753639311466
0.0047890984038987845
0.005046392544069995
-0.005028565654624674
-0.0042704522825146
-0.0034438580329935256
-0.0026559109365686113
-0.001884317353749311
-0.0010353671514226773
-0.00034467359971503467
0.0003485846479684332
0.0010314225691497084
0.0016477377672621126
0.0022492727119220097
0.0027184093361557623
0.003173972425642641
0.003402127654233203
0.003639539316984498
0.003796546560658563
0.003688405634895231
0.0035462268284775513
0.0032623821687024117
0.002902074471440203
0.002383085645500495
0.0017698921545788674
0.0009611788956390536
0.00015484763835582906
-0.0009941662806062562
0.0018929618951547711
0.002687485494714937
0.0034516264562486593
0.0036842443153724475
0.004083548614854294
0.00424725563064834
0.004325833495378624
0.00412729306293756
0.003914606219865841
0.003601800928846304
0.0031527367372348783
0.002610401219328839
0.002015361737183703
0.0013771276194040098
0.0006555089311742642
-0.00008249140647257282
-0.0008884485316422104
-0.0016696977585570825
-0.002380841114286081
-0.003228510309881324
-0.003921719303842997
-0.00453961185982884
-0.005276159832165387
-0.005630348639823452
-0.006049139803200548
0.006056052717313348
0.005176699142456211
0.004265261349550984
0.0033705132327294563
0.0024040698558904405
0.0014536560421056313
0.0005711322908873626
-0.0003165644944670201
-0.0011570611819167948
-0.0019029409399158607
-0.0025027183363898844
-0.0032615649199785215
-0.003609603130299056
-0.004039096465624203
-0.004292445187192706
-0.004419795137078373
-0.004438904242178338
-0.004268302560232129
-0.003993047012300204
-0.003547883703235116
-0.0029723482133464365
-0.0022304975653712877
-0.0013742252826888868
-0.0003521129161993955
0.000890250061465567
-0.002245023263299625
-0.0031765548513155058
-0.003982062320689802
-0.004401649489244188
-0.004820598097515965
-0.005056971231726351
-0.005099993163522475
-0.0050405489254133845
-0.004788277140977243
-0.004343249657989508
-0.0039131532553939126
-0.0032513126232641483
-0.002514860748424456
-0.0017809232007736037
-0.0009238108917106253
-0.000013792818823680398
0.0008657933355907247
0.0018284563784222766
0.0028151356468929197
0.0037191879676464193
0.004636690360374994
0.0054696115094192655
0.00614319917125683
0.0068730330174519155
0.007386140098745406
-0.007330399753568497
-0.006338910634789911
-0.005275907456113119
-0.004183542700571701
-0.003029712206410718
-0.0018468477857591474
-0.0008364821152463762
0.00013311903073340476
0.0012463652878895715
0.0020590353336783314
0.0028323661511871078
0.0034996111229090485
0.004160695589451608
0.00482027061190119
0.005144970065984928
0.0053470621104536676
0.005429105506210833
0.005315994052558727
0.004990513776050474
0.004507468012496195
0.003877359235844999
0.0029856131577905617
0.002068198208910616
0.000680713620070404
-0.0007595246689380518
0.002346997292175035
0.003483567513825301
0.004517151204784394
0.005205675305843477
0.005791029714404419
0.005981168093333826
0.006200593739305114
0.006164383740899115
0.005854072673816056
0.005438361467347559
0.004893300175148443
0.0041158979733369625
0.003303520645269191
0.0024060896690326562
0.0013384851570542422
0.00019183942525014406
-0.0008723934435871517
-0.0020261019181219485
-0.003320171084912909
-0.004396832657258401
-0.0054725725154984965
-0.006517842550768795
-0.007434840298187051
-0.00818838816497087
-0.008939025182927489
0.009209525986603627
0.008037206929819924
0.006726577616977287
0.005393931918681711
0.004022551548880491
0.002603927224774137
0.0012551425018785564
-0.00010262032098232868
-0.0013429510509822282
-0.0025609180616245654
-0.003595105819463759
-0.00457670913363328
-0.005205112699808761
-0.005829763621175402
-0.00637694459755982
-0.006591917905875589
-0.006803569910338519
-0.006559701749251129
-0.006231605872252689
-0.005630052107665792
-0.004807441846299136
-0.0037976142710837964
-0.0025936509878605445
-0.0010871964236189664
0.0005404243262180024
-0.0026287536316722954
-0.004258014190223954
-0.005453513329333556
-0.006561707146261061
-0.006948893691373319
-0.007565106806735619
-0.007737955173152917
-0.0076302307068009615
-0.007336928818800155
-0.006826739920269014
-0.006095584286972978
-0.005188165264105287
-0.004195830011190871
-0.0030550901384042354
-0.0018350251772923307
-0.0004236270278929182
0.0008969821084828105
0.0022593806594736463
0.003778525219501346
0.005187729698782687
0.00667515960935819
0.008090994124963802
0.009251015265133
0.010318982541056305
0.011125322223531305
-0.011607697031148917
-0.010174363242387642
-0.008468264433380255
-0.006885817125121255
-0.00517972248848362
-0.0034946923177289094
-0.0017954485990822585
-0.0001477788862548957
0.0014179432405871878
0.0029297711400231305
0.004147215256603062
0.005340890405383145
0.0064267154920118795
0.007293189792367921
0.008025672527674907
0.008343028104934756
0.008399004611948901
0.008359929006049498
0.008054609891205185
0.007330560213506279
0.006431094302105011
0.005193971546492754
0.0036898227231950153
0.0017741046667968093
-0.0004554147848771921
0.002886569507977783
0.004743449363439218
0.006464668726569116
0.0077834441850485785
0.008862938578527399
0.009382182801905175
0.009819401637207978
0.009768790302939843
0.009357451170436648
0.008900004807531087
0.008016466170760794
0.006958995698645491
0.005637912144209931
0.0042418456414296405
0.002775743390357207
0.0008633768565311791
-0.0008882305433739624
-0.002785400732567296
-0.004678205313025516
-0.006589321462450536
-0.008428609364341156
-0.010067210433261014
-0.011818788369322469
-0.012934318241953742
-0.014032850924923042
0.015377388722652102
0.013590863601739464
0.011646063843355396
0.009517218064597798
0.007266613680949883
0.005030336847899338
0.0027785168429056307
0.0006235849502429679
-0.0015826453350899735
-0.003444876182039573
-0.0052425496009818546
-0.00674049783226022
-0.008258041668280378
-0.009381713999189618
-0.01020683607135786
-0.010643449357968134
-0.010911335722343516
-0.010838554589669522
-0.01031751780317833
-0.0095183291522219
-0.008262396938232698
-0.006743836366676341
-0.0048172608135914246
-0.0025545095065474263
0.0001893024277439534
-0.0037716212088711914
-0.006338402723187817
-0.008753439067000098
-0.010632375524354164
-0.011808263015481948
-0.012598865119205363
-0.012966386196843727
-0.013032625460238895
-0.012432434559706048
-0.011732763504300116
-0.010612581401012944
-0.009199735659004518
-0.007643598867292258
-0.005684267159556377
-0.003635153324318544
-0.0015324707785915124
0.0008236344389684436
0.003208819351012462
0.005816174371844658
0.008283246702466246
0.010272417291114526
0.012869570342151871
0.014873119668486513
0.01682864193013818
0.018441249884832357
-0.02110304494486747
-0.0185289257757725
-0.015646104565847703
-0.012716517876018076
-0.00971888604279633
-0.006785900683709483
-0.003953609395045254
-0.001057294563184412
0.0014836049131611735
0.004287958074926303
0.006622363875174271
0.008601468153424177
0.010711978198998677
0.012313391022232409
0.013578886582152646
0.014302503446279452
0.014862338301484238
0.015013804953316475
0.014522738684612117
0.013539796650941722
0.012068851320936
0.010055555768347768
0.007473621285040829
0.0041202093326211525
0.0003087948481385125
0.004193590996129368
0.008066471689271253
0.0112039407834417
0.013433112551281452
0.015564120263483722
0.01702966052554733
0.017594927498075202
0.018168555436050584
0.0178250009502709
0.016942127602344877
0.01555431494157332
0.013733384588647524
0.011649007332190188
0.008844050609884947
0.005886541575464101
0.0025959376371175206
-0.0008342965243547983
-0.0040119639190926894
-0.007799282097818047
-0.011610690506332618
-0.014583430913932214
-0.01798814539260167
-0.021022345287599786
-0.02332931713591984
-0.025179907295916477
0.03196442450735392
0.028944053155005485
0.02517377661663336
0.02093314270625773
0.016349732015856884
0.011509311110062904
0.006895614120066756
0.0023632987566340976
-0.002274570268682611
-0.006011416623247027
-0.010336433222289498
-0.013132340433821551
-0.016076859187317064
-0.0181866395698292
-0.019914409056028343
-0.02067742222784861
-0.021123878339690497
-0.020493609346273096
-0.019560745770391703
-0.017993711253152474
-0.01557201045485449
-0.012896066781196787
-0.009538258376510378
-0.005703862131152012
-0.0006856920405682175
-0.007129183174008715
-0.014745178260157527
-0.019896628168573478
-0.02446092801055468
-0.026861986137161464
-0.028478295950857897
-0.028569063350991866
-0.028148240473460814
-0.026711621274503116
-0.024653064738650303
-0.02200074081040364
-0.019017132021238385
-0.01570140824801222
-0.012056368018553129
-0.008030473086490268
-0.003918496539465498
0.0002722575880295414
0.004747170828469528
0.009063315316556797
0.013502669160026045
0.01754727010040312
0.021914466270778386
0.026046122088637495
0.029824209114537117
0.03337667818339759
-0.05546198244496268
-0.04651711101073547
-0.03812412141260658
-0.030435785623347332
-0.023005914096846363
-0.015973800350794532
-0.009572677321507106
-0.003653337943561606
0.0018506953512182629
0.006938302720299209
0.011832579929543634
0.015999658549843445