3.9762068372390363e-23
-6.632309121002102e-19
-1.68466773114331e-17
-1.180966478035387e-16
-4.779421745524006e-16
-1.4233992656970674e-15
-3.4846602666664675e-15
-7.444588864127309e-15
-1.4388590459199007e-14
-2.5754298079098827e-14
-4.3381548762327095e-14
-6.956236126183766e-14
-1.0709103501821947e-13
-1.5931455137802134e-13
-2.301828435115852e-13
-3.2429951931202224e-13
-4.4697266742460446e-13
-6.042655963949636e-13
-8.030484044325252e-13
-1.0510490502844018e-12
-1.3569052806494782e-12
-1.7302162324072823e-12
-2.1815949884881907e-12
-2.7227206690956715e-12
-3.3663915230169813e-12
-4.126577727549468e-12
-5.0184749702754216e-12
-6.058558172376729e-12
-7.264635378425102e-12
-8.655902546396792e-12
-1.0252998372054282e-11
-1.2078059171710919e-11
-1.4154775181327305e-11
-1.6508446153423412e-11
-1.9166038306674596e-11
-2.215624109064194e-11
-2.550952499498271e-11
-2.9258199394800186e-11
-3.343647101697446e-11
-3.8080503339620706e-11
-4.322847619346975e-11
-4.892064537664621e-11
-5.519940448046363e-11
-6.210934527028617e-11
-6.969732041422944e-11
-7.801250600039566e-11
-8.710646426915533e-11
-9.703320870012582e-11
-1.0784926768064424e-10
-1.1961375051822945e-10
-1.3238841333544265e-10
-1.4623772591688233e-10
-1.6122893973204997e-10
-1.7743215605239877e-10
-1.949203952006868e-10
-2.1376966666421376e-10
-2.340590405922203e-10
-2.5587071864775457e-10
-2.7929010755891267e-10
-3.0440589260878215e-10
-3.3131011173862207e-10
-3.6009823171348934e-10
-3.908692244246776e-10
-4.2372564395999676e-10
-4.5877370632754787e-10
-4.961233678317027e-10
-5.358884062653459e-10
-5.781865032012765e-10
-6.231393262531026e-10
-6.70872613544625e-10
-7.215162585588983e-10
-7.752043972539567e-10
-8.320754954184754e-10
-8.922724374379572e-10
-9.55942616756496e-10
-1.023238027891948e-9
-1.0943153586561152e-9
-1.1693360847861288e-9
-1.2484665652097821e-9
-1.3318781400971325e-9
-1.4197472284722072e-9
-1.5122554288110487e-9
-1.609589621011521e-9
-1.7119420677429323e-9
-1.8195105218872034e-9
-1.932498331217233e-9
-2.0511145458150006e-9
-2.1755740296628314e-9
-2.3060975707236704e-9
-2.442911994591175e-9
-2.586250279397035e-9
-2.7363516729485793e-9
-2.8934618104097456e-9
-3.0578328361624955e-9
-3.2297235262302266e-9
-3.409399411392859e-9
-3.5971329058802248e-9
-3.793203434178301e-9
-3.9978975632711965e-9
-4.21150913430279e-9
-4.434339398013638e-9
-4.666697153553765e-9
-4.908898885734909e-9
-5.1612689085237905e-9
-5.424139509802376e-9
-5.697851096416622e-9
-5.982752345190171e-9
-6.279200354568481e-9
-6.58756079743161e-9
-6.908208079930359e-9
-7.241525500448013e-9
-7.587905412508218e-9
-7.94774938876379e-9
-8.321468391054471e-9
-8.709482939896536e-9
-9.112223289326752e-9
-9.530129603411165e-9
-9.963652136365579e-9
-1.0413251416849132e-8
-1.08793984329618e-8
-1.136257482307348e-8
-1.186327306847327e-8
-1.238199669005482e-8
-1.291926044918096e-8
-1.3475590548533705e-8
-1.4051524842926617e-8
-1.4647613048750077e-8
-1.5264416956615906e-8
-1.590251065419222e-8
-1.656248074384256e-8
-1.7244926573378204e-8
-1.795046046374734e-8
-1.8679707944995436e-8
-1.9433307995897675e-8
-2.0211913285877264e-8
-2.1016190422903578e-8
-2.1846820208448617e-8
-2.2704497889924e-8
-2.358993342672689e-8
-2.450385175465091e-8
-2.5446993056644068e-8
-2.642011304101979e-8
-2.7423983221661368e-8
-2.8459391204708417e-8
-2.952714098194246e-8
-3.062805322689038e-8
-3.1762965598646574e-8
-3.2932733051038704e-8
-3.413822814551471e-8
-3.53803413723324e-8
-3.665998147836766e-8
-3.7978075797980705e-8
-3.933557059249787e-8
-4.0733431395403496e-8
-4.21726433637274e-8
-4.365421163867686e-8
-4.517916170658634e-8
-4.6748539776926564e-8
-4.8363413156301405e-8
-5.002487063930554e-8
-5.1734022899298525e-8
-5.349200289193743e-8
-5.529996626574607e-8
-5.7159091776169623e-8
-5.907058171190781e-8
-6.103566233114328e-8
-6.305558429957489e-8
-6.513162314402284e-8
-6.726507971058722e-8
-6.945728063161395e-8
-7.17095788069818e-8
-7.402335388492557e-8
-7.640001276498425e-8
-7.88409900996301e-8
-8.134774881082239e-8
-8.39217806179604e-8
-8.656460657347301e-8
-8.927777761024313e-8
-9.206287509893163e-8
-9.492151141787016e-8
-9.785533053628261e-8
-1.0086600859998963e-7
-1.0395525454161509e-7
-1.0712481069263287e-7
-1.1037645341569815e-7
-1.1371199374132958e-7
-1.1713327802473562e-7
-1.2064218861293472e-7
-1.242406445236702e-7
-1.279306021419222e-7
-1.3171405592706652e-7
-1.3559303913696194e-7
-1.3956962456482358e-7
-1.4364592529247363e-7
-1.4782409545900513e-7
-1.5210633104379526e-7
-1.564948706661936e-7
-1.609919964057944e-7
-1.656000346295267e-7
-1.7032135684843852e-7
-1.7515838058287168e-7
-1.8011357024828245e-7
-1.8518943806107997e-7
-1.9038854496245602e-7
-1.957135015606298e-7
-2.0116696909563157e-7
-2.067516604159559e-7
-2.12470340989417e-7
-2.183258299236562e-7
-2.2432100101159087e-7
-2.304587838037302e-7
-2.3674216469432628e-7
-2.431741880386355e-7
-2.497579572893969e-7
-2.564966361601153e-7
-2.6339344980967545e-7
-2.704516860568219e-7
-2.7767469661730995e-7
-2.850658983685295e-7
-2.92628774643706e-7
-3.0036687654868436e-7
-3.082838243154459e-7
-3.1638330867264396e-7
-3.2466909226226215e-7
-3.331450110701364e-7
-3.418149759018868e-7
-3.5068297388068154e-7
-3.597530699862866e-7
-3.690294086191039e-7
-3.785162152074677e-7
-3.882177978456867e-7
-3.981385489673984e-7
-4.0828294705720214e-7
-4.1865555840534137e-7
-4.292610388905957e-7
-4.40104135814287e-7
-4.511896897683532e-7
-4.6252263654804717e-7
-4.741080091047783e-7
-4.859509395466868e-7
-4.980566611847834e-7
-5.10430510620093e-7
-5.230779298826181e-7
-5.360044686202829e-7
-5.492157863303657e-7
-5.627176546527876e-7
-5.765159597057703e-7
-5.90616704480172e-7
-6.050260112893773e-7
-6.197501242749329e-7
-6.347954119684782e-7
-6.501683699153591e-7
-6.658756233565461e-7
-6.819239299769937e-7
-6.983201827158675e-7
-7.150714126414354e-7
-7.321847918946717e-7
-7.496676367020605e-7
-7.675274104632049e-7
-7.857717269018097e-7
-8.044083533043167e-7
-8.23445213821771e-7
-8.428903928624977e-7
-8.627521385611005e-7
-8.830388663245923e-7
-9.037591624747941e-7
-9.249217879704099e-7
-9.465356822232159e-7
-9.686099670056476e-7
-9.911539504466606e-7
-1.0141771311403929e-6
-1.0376892023370067e-6
-1.0617000562487995e-6
-1.0862197884595426e-6
-1.1112587024350702e-6
-1.1368273141543148e-6
-1.1629363568510327e-6
-1.189596785873254e-6
-1.2168197836640283e-6
-1.244616764861646e-6
-1.272999381539657e-6
-1.3019795285656537e-6
-1.3315693490976254e-6
-1.3617812402253283e-6
-1.3926278587488985e-6
-1.4241221271052955e-6
-1.4562772394414558e-6
-1.4891066678515777e-6
-1.522624168767185e-6
-1.556843789507924e-6
-1.5917798750132464e-6
-1.627447074734279e-6
-1.66386034971119e-6
-1.7010349798344056e-6
-1.7389865712907787e-6
-1.7777310642128983e-6
-1.817284740508858e-6
-1.8576642319322404e-6
-1.8988865283229796e-6
-1.9409689860974004e-6
-1.983929336957252e-6
-2.0277856968114932e-6
-2.07255657496333e-6
-2.118260883524473e-6
-2.164917947083585e-6
-2.2125475126493913e-6
-2.2611697598393183e-6
-2.3108053113626926e-6
-2.3614752437841596e-6
-2.413201098572018e-6
-2.466004893459495e-6
-2.5199091341122684e-6
-2.574936826117571e-6
-2.631111487304104e-6
-2.6884571604030553e-6
-2.746998426062912e-6
-2.8067604162213428e-6
-2.867768827862052e-6
-2.9300499371433553e-6
-2.993630613927642e-6
-3.058538336741731e-6
-3.1248012081224478e-6
-3.1924479704391674e-6
-3.261508022129044e-6
-3.3320114344380065e-6
-3.4039889686056207e-6
-3.477472093559387e-6
-3.5524930041343e-6
-3.6290846397925234e-6
-3.7072807039152018e-6
-3.787115683639075e-6
-3.8686248702867184e-6
-3.951844380389328e-6
-4.036811177331902e-6
-4.123563093647632e-6
-4.212138853958703e-6
-4.302578098619086e-6
-4.394921408055316e-6
-4.489210327840619e-6
-4.5854873945252165e-6
-4.683796162248858e-6
-4.784181230161708e-6
-4.886688270680324e-6
-4.9913640586129664e-6
-5.098256501172241e-6
-5.2074146689149436e-6
-5.318888827648753e-6
-5.432730471316097e-6
-5.548992355909969e-6
-5.667728534448579e-6
-5.7889943930670616e-6
-5.9128466882118196e-6
-6.039343585037065e-6
-6.168544697026556e-6
-6.30051112686723e-6
-6.435305508624614e-6
-6.5729920513000534e-6
-6.7136365837589684e-6
-6.857306601170692e-6
-7.0040713128756335e-6
-7.154001691923693e-6
-7.307170526117697e-6
-7.463652470852179e-6
-7.623524103614431e-6
-7.7868639803551e-6
-7.953752693686752e-6
-8.124272933068474e-6
-8.29850954701414e-6
-8.476549607364758e-6
-8.658482475788689e-6
-8.84439987251126e-6
-9.03439594740759e-6
-9.228567353524254e-6
-9.427013323167252e-6
-9.629835746603911e-6
-9.837139253478807e-6
-0.000010049031297127411
-0.000010265622241815302
-0.000010487025453057818
-0.000010713357391126471
-0.000010944737707905156
-0.000011181289347198145
-0.00001142313864861976
-0.000011670415455235496
-0.000011923253225140258
-0.0000121817891470405
-0.00001244616426005714
-0.00001271652357801423
-0.000012993016218181436
-0.000013275795534916267
-0.000013565019258184202
-0.000013860849637288869
-0.000014163453590062345
-0.000014473002857592298
-0.000014789674164902489
-0.000015113649387697776
-0.000015445115725563388
-0.000015784265881783238
-0.000016131298250116643
-0.000016486417108886667
-0.000016849832822602132
-0.000017221762051517402
-0.000017602427969478827
-0.0000179920604903907
-0.00001839089650374769
-0.00001879918011957009
-0.000019217162923231922
-0.0000196451042405606
-0.000020083271413898616
-0.00002053194008914421
-0.00002099139451501829
-0.00002146192785431863
-0.000021943842508360694
-0.00002243745045491882
-0.000022943073600387534
-0.000023461044146726572
-0.000023991704974198888
-0.000024535410040256003
-0.00002509252479574977
-0.000025663426619002195
-0.000026248505268739297
-0.000026848163356941856
-0.000027462816842397
-0.000028092895546032305
-0.00002873884368923377
-0.00002940112045622096
-0.00003008020058168479
-0.00003077657496520318
-0.0000314907513131861
-0.00003222325481080122
-0.00003297462882436649
-0.00003374543563659154
-0.0000345362572160142
-0.00003534769602241902
-0.000036180375850558287
-0.00003703494271368342
-0.000037912065769443594
-0.000038812438290366986
-0.00003973677868113126
-0.00004068583154573972
-0.00004166036880657374
-0.0000426611908790794
-0.000043689127904717865
-0.000044745041045356065
-0.000045829823843124035
-0.000046944403648992543
-0.00004808974312426177
-0.00004926684181927662
-0.00005047673783374835
-0.00005172050956340322
-0.00005299927753848391
-0.00005431420635917642
-0.00005566650673391581
-0.00005705743762711101
-0.00005848830852219837
-0.0000599604818084888
-0.00006147537529786322
-0.0000630344648805375
-0.00006463928732848577
-0.00006629144325539531
-0.00006799260024380528
-0.00006974449614968872
-0.00007154894259629292
-0.00007340782866931204
-0.00007532312482727816
-0.00007729688704059559
-0.00007933126117508841
-0.00008142848763704182
-0.00008359090629575592
-0.00008582096170527754
-0.00008812120864332402
-0.00009049431799186573
-0.00009294308298122405
-0.00009547042582555431
-0.0000980794047763672
-0.00010077322162412998
-0.00010355522968206831
-0.0001064289422856243
-0.00010939804184724028
-0.00011246638950729122
-0.00011563803542646701
-0.00011891722976788496
-0.00012230843442309738
-0.00012581633553761321
-0.00012944585690122365
-0.00013320217426891938
-0.0001370907306880018
-0.00014111725291305593
-0.0001452877689940908
-0.00014960862713989264
-0.00015408651595540733
-0.00015872848617416214
-0.00016354197400943852
-0.0001685348262620473
-0.00017371532733988674
-0.00017909222835124096
-0.00018467477845967
-0.00019047275869905225
-0.000196496518472212
-0.00020275701497545436
-0.00020926585582442447
-0.0002160353451716379
-0.00022307853365084024
-0.0002304092725124344
-0.00023804227235262564
-0.0002459931668836186
-0.00025427858224812984
-0.0002629162124273784
-0.00027192490136178945
-0.00028132473247060045
-0.0002911371263420196
-0.00030138494744801146
-0.00031209262084629634
-0.0003232862599493286
-0.00033499380656149637
-0.00034724518455727277
-0.0003600724687131435
-0.0003735100704360156
-0.0003875949423264968
-0.0004023668037861273
-0.00041786839016379434
-0.0004341457282837699
-0.00045124844157737353
-0.00046923008848813203
-0.00048814853835382787
-0.0005080663895596611
-0.0005290514354413954
-0.0005511771842827187
-0.0005745234406313356
-0.0005991769563394517
-0.0006252321609733853
-0.000652791982838916
-0.0006819687736092725
-0.0007128853517269803
-0.0007456761822735272
-0.0007804887139776723
-0.0008174848976841097
-0.0008568429148382941
-0.0008987591497328055
-0.000943450445425981
-0.0009911566908048623
-0.0010421437952430875
-0.0010967071184489591
-0.0011551754365709817
-0.0012179155421813484
-0.001285337596163775
-0.0013579013748021627
-0.0014361235867377735
-0.001520586473492605
-0.0016119479568776434
-0.0017109536578828386
-0.0018184511912218606
-0.0019354072393915666
-0.002062928039368995
-0.002202284081388275
-0.0023549400356135185
-0.0025225912060329405
-0.0027072081847035016
-0.0029110918759396474
-0.003136941726997843
-0.003387940901500022
-0.003667863361932594
-0.003981209520914398
-0.004333379482317479
-0.004730896216621062
-0.005181695755206022
-0.005695508335735786
-0.006284364452797099
-0.006963274676130969
-0.00775115461110081
-0.008672101003462846
-0.009757179253985547
-0.011046969470953537
-0.012595260435655075
-0.014474519796490419
-0.016784181594691926
-0.019663527928246834
-0.02331229953000544
-0.02802477725891331
-0.03424831097833268
-0.042688331364829274
-0.05450665424887752
-0.07171926460662702
-0.09805360269349464
-0.14096065014140302
-0.21682797236029638
-0.36590292032718236
-0.6955237144128076
-1.415265215217425
-1.9195604130180086
-1.1489389731384847
-0.5618366329591529
-0.28998459200864074
-0.13611800323443887
-0.00752995130726826
0.05293859369119813
0.0060713459303551025
-0.017690943769848137
-0.02330267839775822
-0.023416201585932765
-0.02184645715162189
-0.01985974942622209
-0.017896629757305438
-0.01610239597389765
-0.014512059583838433
-0.013119638354153909
-0.011905277022646564
-0.010846017040676777
-0.009919947753646984
-0.009107616469880826
-0.008392307488063397
-0.007759876610902497
-0.0071984364096798195
-0.006698017070812356
-0.006250252295950487
-0.005848106473889379
-0.005485645066314622
-0.005157844488990464
-0.004860435980027426
-0.004589777834711879
-0.004342750927475847
-0.004116673191307109
-0.003909229464725274
-0.0037184137842430974
-0.0035424817577709364
-0.003379911121157655
-0.0032293689512710015
-0.00308968431138052
-0.002959825343456506
-0.0028388800135374505
-0.0027260398688332605
-0.0026205862865668166
-0.0025218787919827077
-0.002429345100486235
-0.00234247260163902
-0.0022608010530391805
-0.0021839162928313253
-0.0021114448127835905
-0.002043049060418243
-0.001978423361171065
-0.0019172903688894237
-0.0018593979683899776
-0.001804516565520846
-0.0017524367105139968
-0.0017029670087351158
-0.0016559322798240497
-0.0016111719321127756
-0.0015685385241215113
-0.0015278964888950073
-0.001489121000540248
-0.0014520969650390746
-0.0014167181201797361
-0.0013828862311790623
-0.0013505103706335868
-0.0013195062728355842
-0.0012897957537958353
-0.001261306189416991
-0.0012339700453006292
-0.0012077244523779882
-0.0011825108233548109
-0.001158274505542637
-0.0011349644661610221
-0.0011125330067006116
-0.0010909355033219884
-0.0010701301705830699
-0.0010500778461595304
-0.0010307417944318737
-0.001012087527063417
-0.0009940826389298546
-0.0009766966579013564
-0.0009599009071482684
-0.0009436683788042806
-0.0009279736179179125
-0.0009127926157425704
-0.0008981027115258744
-0.0008838825020082853
-0.0008701117579795505
-0.0008567713472347263
-0.0008438431634001344
-0.0008313100601081189
-0.0008191557900678839
-0.0008073649486248942
-0.0007959229214240583
-0.0007848158358492378
-0.0007740305159225891
-0.0007635544403858102
-0.000753375703710721
-0.0007434829798053514
-0.0007338654882010153
-0.0007245129625356573
-0.0007154156211476423
-0.0007065641396271599
-0.0006979496251676888
-0.0006895635925988425
-0.0006813979419576898
-0.0006734449374970266
-0.0006656971880253541
-0.0006581476284800681
-0.0006507895026461487
-0.0006436163469404402
-0.0006366219751849101
-0.0006298004643052465
-0.0006231461408834323
-0.0006166535685133473
-0.0006103175359000707
-0.0006041330456550559
-0.0005980953037412656
-0.0005921997095246424
-0.00058644184639127
-0.0005808174728977127
-0.0005753225144128107
-0.0005699530552272491
-0.0005647053310984914
-0.0005595757222007083
-0.0005545607464590638
-0.000549657053241692
-0.0005448614173895526
-0.0005401707335606775
-0.0005355820108746333
-0.000531092367832649
-0.0005266990275027726
-0.0005223993129528039
-0.0005181906429148874
-0.0005140705276675662
-0.0005100365651306162
-0.0005060864371466749
-0.0005022179059532951
-0.000498428810824824
-0.0004947170648782529
-0.0004910806520356757
-0.00048751762413059885
-0.0004840260981529874
-0.00048060425362514853
-0.00047725033010170484
-0.0004739626247844097
-0.0004707394902497214
-0.0004675793322796859
-0.0004644806077934118
-0.0004614418228710403
-0.00045846153086872963
-0.00045553833061593113
-0.00045267086469553573
-0.0004498578177987392
-0.00044709791515125293
-0.00044438992101122226
-0.00044173263722913016
-0.00043912490187212813
-0.00043656558790617484
-0.00043405360193452506
-0.00043158788298969345
-0.0004291674013762567
-0.0004267911575617587
-0.0004244581811143433
-0.0004221675296824852
-0.00041991828801971623
-0.00041770956704543664
-0.00041554050294661024
-0.00041341025631411383
-0.00041131801131465964
-0.000409262974894575
-0.0004072443760160392
-0.00040526146492292245
-0.0004033135124354846
-0.00040139980927226404
-0.0003995196653986121
-0.0003976724093996982
-0.00039585738787775704
-0.0003940739648730803
-0.00039232152130445035
-0.00039059945443375
-0.0003889071773482636
-0.00038724411846311
-0.00038560972104181526
-0.0003840034427350155
-0.00038242475513501406
-0.0003808731433477034
-0.0003793481055789927
-0.00037784915273668233
-0.0003763758080465224
-0.00037492760668118543
-0.000373504095403936
-0.00037210483222317774
-0.0003707293860598785
-0.00036937733642692093
-0.0003680482731188329
-0.0003667417959124261
-0.0003654575142783099
-0.00036419504710111564
-0.0003629540224105622
-0.0003617340771201339
-0.0003605348567759711
-0.0003593560153131299
-0.0003581972148205448
-0.0003570581253134268
-0.00035593842451331966
-0.00035483779763518326
-0.00035375593718197767
-0.00035269254274508677
-0.0003516473208119364
-0.0003506199845793437
-0.0003496102537730644
-0.00034861785447283495
-0.00034764251894351853
-0.0003466839854707417
-0.0003457419982025025
-0.0003448163069953364
-0.0003439066672650593
-0.0003430128398429649
-0.00034213459083511896
-0.00034127169148744703
-0.0003404239180537978
-0.0003395910516688473
-0.0003387728782240078
-0.00033796918824802706
-0.00033717977679025875
-0.00033640444330828624
-0.0003356429915581833
-0.0003348952294883139
-0.0003341609691363017
-0.00033344002652912824
-0.00033273222158592704
-0.0003320373780234982
-0.00033135532326496127
-0.000330685888350891
-0.0003300289078528401
-0.0003293842197894648
-0.00032875166554530144
-0.0003281310897910054
-0.00032752234040725486
-0.00032692526840916446
-0.000326339727874298
-0.00032576557587161997
-0.0003252026723930452
-0.00032465088028653784
-0.00032411006519135954
-0.0003235800954749116
-0.00032306084217130146
-0.00032255217892148086
-0.00032205398191556805
-0.0003215661298359178
-0.0003210885038023365
-0.00032062098731866143
-0.00032016346622038347
-0.000319715828624357
-0.00031927796487920895
-0.00031884976751729447
-0.00031843113120812747
-0.0003180219527128231
-0.00031762213083952844
-0.0003172315664006563
-0.00031685016217049386
-0.00031647782284439577
-0.0003161144549990275
-0.00031575996705317624
-0.00031541426923020695
-0.0003150772735209745
-0.0003147488936480462
-0.0003144290450304244
-0.0003141176447496628
-0.0003138146115164799
-0.000313519865638211
-0.000313233328987354
-0.0003129549249707346
-0.0003126845784992428
-0.00031242221595873426
-0.00031216776518136133
-0.00031192115541776286
-0.0003116823173097701
-0.00031145118286400543
-0.00031122768542583547
-0.0003110117596543799
-0.00031080334149782444
-0.00031060236816927636
-0.0003104087781234203
-0.000310222511033809
-0.00031004350777017516
-0.00030987171037711946
-0.0003097070620525613
-0.00030954950712705275
-0.0003093989910436088
-0.0003092554603379216
-0.0003091188626190739
-0.00030898914655073045
-0.00030886626183271125
-0.00030875015918316524
-0.00030864079032090155
-0.00030853810794831806
-0.000308442065735023
-0.0003083526183009308
-0.0003082697212008319
-0.0003081933309087132
-0.00030812340480244915
-0.0003080599011491524
-0.0003080027790905184
-0.00030795199862892136
-0.00030790752061330345
-0.00030786930672589783
-0.00030783731946903097
-0.0003078115221520949
-0.00030779187887920864
-0.0003077783545366957
-0.00030777091478134374
-0.0003077695260283934
-0.0003077741554403828
-0.00030778477091572093
-0.0003078013410779868
-0.0003078238352650726
-0.0003078522235188643
-0.0003078864765749597
-0.00030792656585290883
-0.0003079724634463133
-0.0003080241421133601
-0.000308081575267745
-0.00030814473696928236
-0.00030821360191538987
-0.0003082881454322139
-0.00030836834346633393
-0.0003084541725764254
-0.0003085456099252993
-0.00030864263327192365
-0.00030874522096387884
-0.00030885335192975627
-0.0003089670056718255
-0.00030908616225908543
-0.00030921080231995
-0.00030934090703573966
-0.0003094764581338162
-0.0003096174378812021
-0.0003097638290782059
-0.000309915615052325
-0.0003100727796519543
-0.0003102353072407675
-0.0003104031826918598
-0.0003105763913820292
-0.0003107549191865169
-0.00031093875247354877
-0.00031112787809902705
-0.0003113222834016805
-0.0003115219561979292
-0.00031172688477719564
-0.00031193705789703307
-0.00031215246477867887
-0.00031237309510254976
-0.0003125989390039244
-0.0003128299870685711
-0.0003130662303287499
-0.000313307660259231
-0.00031355426877326586
-0.0003138060482187356
-0.0003140629913747126
-0.000314325091447598
-0.00031459234206768894
-0.0003148647372858625
-0.0003151422715701773
-0.0003154249398026874
-0.00031571273727641494
-0.0003160056596921168
-0.0003163037031556038
-0.0003166068641746772
-0.0003169151396565331
-0.00031722852690499193
-0.00031754702361795503
-0.0003178706278848687
-0.0003181993381844099
-0.0003185331533819698
-0.00031887207272750354
-0.0003192160958534156
-0.0003195652227723242
-0.00031991945387508985
-0.00032027878992893933
-0.0003206432320754011
-0.0003210127818287631
-0.00032138744107409523
-0.000321767212065826
-0.0003221520974259369
-0.00032254210014257494
-0.0003229372235686367
-0.0003233374714203036
-0.000323742847775745
-0.0003241533570739149
-0.00032456900411336007
-0.00032498979405118735
-0.0003254157324017992
-0.00032584682503611725
-0.0003262830781806503
-0.0003267244984165588
-0.00032717109267886866
-0.00032762286825577827
-0.00032807983278796126
-0.0003285419942680274
-0.0003290093610399048
-0.00032948194179831486
-0.00032995974558846527
-0.0003304427818055017
-0.0003309310601944663
-0.0003314245908496999
-0.0003319233842149421
-0.00033242745108310223
-0.0003329368025959688
-0.0003334514502446099
-0.00033397140586894085
-0.0003344966816581542
-0.0003350272901506754
-0.000335563244234479
-0.00033610455714720185
-0.0003366512424765504
-0.00033720331416071736
-0.00033776078648861517
-0.00033832367410050726
-0.0003388919919885224
-0.0003394657554971186
-0.0003400449803237761
-0.00034062968251982474
-0.00034121987849093665
-0.00034181558499808945
-0.00034241681915837254
-0.00034302359844591237
-0.00034363594069276523
-0.00034425386408993295
-0.000344877387188524
-0.00034550652890079386
-0.0003461413085012483
-0.00034678174562806564
-0.0003474278602841642
-0.0003480796728386073
-0.00034873720402808057
-0.0003494004749581782
-0.00035006950710501027
-0.0003507443223166332
-0.0003514249428149012
-0.00035211139119672606
-0.00035280369043615866
-0.0003535018638860003
-0.00035420593527954247
-0.0003549159287325471
-0.00035563186874527745
-0.0003563537802041707
-0.0003570816883842865
-0.000357815618951024
-0.0003585555979625978
-0.0003593016518719549
-0.0003600538075293388
-0.0003608120921843571
-0.00036157653348859175
-0.00036234715949785476
-0.0003631239986748142
-0.0003639070798914927
-0.0003646964324318778
-0.0003654920859947355
-0.00036629407069620304
-0.00036710241707257587
-0.0003679171560833395
-0.0003687383191139382
-0.00036956593797882756
-0.0003704000449244948
-0.0003712406726326504
-0.00037208785422327594
-0.00037294162325798196
-0.0003738020137432673
-0.00037466906013392144
-0.00037554279733636916
-0.000376423260712322
-0.0003773104860821792
-0.00037820450972893456
-0.0003791053684015712
-0.0003800130993190359
-0.0003809277401741026
-0.00038184932913714416
-0.00038277790486024007
-0.0003837135064813338
-0.00038465617362811073
-0.0003856059464224908
-0.0003865628654847137
-0.00038752697193778385
-0.00038849830741196853
-0.00038947691404918664
-0.0003904628345077868
-0.00039145611196701323
-0.00039245679013192713
-0.000393464913238168
-0.00039448052605696123
-0.000395503673900019
-0.00039653440262467224
-0.0003975727586390828
-0.00039861878890746973
-0.0003996725409554658
-0.00040073406287558096
-0.00040180340333269
-0.0004028806115697244
-0.00040396573741330473
-0.00040505883127963066
-0.0004061599441803239
-0.00040726912772848575
-0.00040838643414473167
-0.00040951191626344537
-0.0004106456275390377
-0.0004117876220523863
-0.0004129379545173052
-0.00041409668028722014
-0.00041526385536175004
-0.0004164395363936981
-0.0004176237806958534
-0.0004188166462481409
-0.00042001819170464904
-0.0004212284764010449
-0.00042244756036182644
-0.00042367550430799737
-0.00042491236966453737
-0.0004261582185681552
-0.00042741311387530054
-0.0004286771191700533
-0.0004299502987722007
-0.00043123271774559596
-0.0004325244419064932
-0.00043382553783208983
-0.0004351360728690518
-0.0004364561151425369
-0.0004377857335649393
-0.0004391249978449271
-0.00044047397849686343
-0.00044183274684993923
-0.00044320137505782876
-0.00044457993610829343
-0.00044596850383298736
-0.00044736715291743924
-0.00044877595891113116
-0.00045019499823793546
-0.0004516243482063199
-0.00045306408702022093
-0.0004545142937896473
-0.00045597504854167243
-0.0004574464322316849
-0.00045892852675445364
-0.0004604214149558806
-0.00046192518064456795
-0.00046343990860359975
-0.00046496568460265963
-0.00046650259541031116
-0.00046805072880639535
-0.00046961017359462367
-0.00047118101961549406
-0.0004727633577592791
-0.00047435727997939856
-0.0004759628793056491
-0.00047758024985814114
-0.0004792094868611415
-0.0004808506866570393
-0.0004825039467210049
-0.0004841693656753091
-0.0004858470433043391
-0.000487537080569572
-0.0004892395796249053
-0.0004909546438323361
-0.0004926823777776191
-0.0004944228872863711
-0.000496176279440682
-0.0004979426625953351
-0.0004997221463949
-0.0005015148417909303
-0.0005033208610594379
-0.0005051403178183754
-0.0005069733270459672
-0.0005088200050988901
-0.0005106804697309007
-0.0005125548401119539
-0.0005144432368471224
-0.0005163457819965297
-0.0005182625990950166
-0.0005201938131725341
-0.000522139550774659
-0.0005240999399835462
-0.0005260751104391966
-0.0005280651933610099
-0.0005300703215700517
-0.0005320906295111638
-0.0005341262532758218
-0.0005361773306252992
-0.0005382440010141836
-0.0005403264056144653
-0.0005424246873396285
-0.0005445389908695851
-0.00054666946267592
-0.0005488162510474798
-0.0005509795061162975
-0.0005531593798844223
-0.0005553560262507095
-0.0005575696010382326
-0.0005598002620223671
-0.0005620481689591854
-0.000564313483614354
-0.0005665963697924528
-0.0005688969933672157
-0.0005712155223116221
-0.0005735521267293082
-0.0005759069788858147
-0.0005782802532408855
-0.0005806721264810497
-0.000583082777553052
-0.0005855123876976273
-0.0005879611404839309
-0.00059042922184473
-0.0005929168201120853
-0.000595424126053803
-0.0005979513329103151
-0.0006004986364326131
-0.0006030662349204264
-0.0006056543292613532
-0.000608263122970786
-0.0006108928222323077
-0.0006135436359390325
-0.0006162157757357057
-0.0006189094560613609
-0.0006216248941930476
-0.0006243623102901689
-0.0006271219274397885
-0.000629903971702685
-0.0006327086721602781
-0.0006355362609624382
-0.0006383869733763056
-0.0006412610478357705
-0.0006441587259921401
-0.000647080252765664
-0.0006500258763981104
-0.0006529958485061159
-0.0006559904241358336
-0.0006590098618184941
-0.0006620544236269686
-0.0006651243752336754
-0.0006682199859691865
-0.0006713415288824209
-0.0006744892808015887
-0.0006776635223967353
-0.0006808645382430697
-0.0006840926168860161
-0.000687348050906992
-0.0006906311369908977
-0.0006939421759948881
-0.0006972814730182681
-0.0007006493374740842
-0.0007040460831616825
-0.0007074720283414638
-0.0007109274958101962
-0.0007144128129787195
-0.0007179283119505991
-0.0007214743296026247
-0.0007250512076667618
-0.0007286592928143263
-0.0007322989367407752
-0.0007359704962536002
-0.0007396743333607527
-0.00074341081536171
-0.0007471803149401449
-0.0007509832102584209
-0.0007548198850541444
-0.0007586907287387944
-0.0007625961364981985
-0.0007665365093953368
-0.0007705122544751819
-0.0007745237848715926
-0.0007785715199169004
-0.0007826558852532409
-0.0007867773129467219
-0.000790936241603781
-0.000795133116490047
-0.000799368389651868
-0.0008036425200401731
-0.0008079559736373741
-0.0008123092235867176
-0.000816702750324543
-0.0008211370417154172
-0.0008256125931901907
-0.0008301299078870789
-0.0008346894967959628
-0.0008392918789054977
-0.000843937581354025
-0.0008486271395832344
-0.0008533610974956873
-0.0008581400076157147
-0.0008629644312537579
-0.0008678349386746847
-0.0008727521092694471
-0.0008777165317312869
-0.0008827288042351696
-0.0008877895346220552
-0.0008928993405865097
-0.0008980588498696238
-0.0009032687004552794
-0.0009085295407718392
-0.0009138420298980533
-0.0009192068377737183
-0.0009246246454154135
-0.0009300961451371728
-0.0009356220407762369
-0.0009412030479244528
-0.0009468398941646338
-0.0009525333193127218
-0.0009582840756662862
-0.0009640929282574922
-0.0009699606551138362
-0.0009758880475237435
-0.0009818759103094237
-0.0009879250621060973
-0.0009940363356474595
-0.001000210578058946
-0.0010064486511577018
-0.0010127514317595427
-0.0010191198119944025
-0.0010255546996286904
-0.0010320570183958168
-0.0010386277083353705
-0.0010452677261403507
-0.0010519780455129075
-0.0010587596575295632
-0.001065613571015338
-0.0010725408129271157
-0.0010795424287471883
-0.001086619482886488
-0.001093773059098561
-0.0011010042609031917
-0.001108314212022474
-0.0011157040568263682
-0.001123174960791615
-0.0011307281109711543
-0.0011383647164765868
-0.0011460860089732377
-0.0011538932431878896
-0.0011617876974302675
-0.0011697706741284949
-0.0011778435003783744
-0.001186007528507772
-0.0011942641366561072
-0.0012026147293687907
-0.0012110607382091539
-0.0012196036223855982
-0.0012282448693966125
-0.0012369859956932803
-0.0012458285473601507
-0.001254774100814468
-0.0012638242635253265
-0.001272980674752333
-0.0012822450063057174
-0.001291618963326491
-0.0013011042850899596
-0.0013107027458307242
-0.0013204161555923433
-0.0013302463611001105
-0.0013401952466594934
-0.0013502647350801622
-0.0013604567886268354
-0.001370773409997518
-0.0013812166433302714
-0.001391788575239824
-0.0014024913358839418
-0.0014133271000613052
-0.001424298088342945
-0.0014354065682358613
-0.0014466548553824106
-0.001458045314795155
-0.0014695803621294808
-0.001481262464993911
-0.001493094144300908
-0.0015050779756587548
-0.0015172165908060719
-0.0015295126790901964
-0.0015419689889922998
-0.0015545883296982112
-0.001567373572720044
-0.0015803276535677542
-0.0015934535734733965
-0.001606754401169841
-0.001620233274726719
-0.0016338934034439302
-0.0016477380698070266
-0.0016617706315047815
-0.0016759945235122723
-0.0016904132602419194
-0.0017050304377651782
-0.0017198497361060312
-0.0017348749216115334
-0.0017501098493999797
-0.001765558465890934
-0.001781224811420597
-0.0017971130229433164
-0.0018132273368272292
-0.0018295720917420463
-0.001846151731647152
-0.0018629708088815455
-0.0018800339873604709
-0.0018973460458834791
-0.001914911881555367
-0.001932736513330316
-0.001950825085677231
-0.001969182872377505
-0.001987815280455766
-0.0020067278542518488
-0.0020259262796385536
-0.0020454163883930187
-0.0020652041627240297
-0.002085295739966715
-0.0021056974174486244