0.2000000014158915
0.20000017132306497
0.200000624410599
0.2000013606832343
0.20000238014867502
0.2000036828175887
0.2000052687036074
0.20000713782332796
0.20000929019631342
0.20001172584509352
0.20001444479516645
0.20001744707499997
0.20002073271603307
0.20002430175267763
0.20002815422232037
0.200032290165325
0.20003670962503403
0.20004141264777187
0.20004639928284668
0.20005166958255344
0.20005722360217684
0.20006306139999416
0.20006918303727877
0.20007558857830313
0.20008227809034265
0.2000892516436794
0.20009650931160564
0.20010405117042845
0.20011187729947358
0.20011998778108978
0.20012838270065367
0.2001370621465744
0.20014602621029826
0.2001552749863144
0.2001648085721594
0.20017462706842315
0.2001847305787544
0.2001951192098664
0.20020579307154318
0.2002167522766451
0.20022799694111612
0.2002395271839893
0.20025134312739426
0.20026344489656367
0.20027583261984044
0.2002885064286849
0.20030146645768218
0.20031471284455005
0.2003282457301466
0.2003420652584781
0.20035617157670738
0.20037056483516202
0.20038524518734335
0.20040021278993458
0.2004154678028102
0.200431010389045
0.20044684071492355
0.20046295894994962
0.20047936526685586
0.20049605984161414
0.20051304285344512
0.20053031448482925
0.20054787492151696
0.20056572435253958
0.20058386297022035
0.20060229097018553
0.20062100855137596
0.20064001591605865
0.20065931326983866
0.20067890082167128
0.20069877878387407
0.2007189473721397
0.20073940680554847
0.20076015730658142
0.20078119910113368
0.20080253241852766
0.20082415749152685
0.20084607455634979
0.20086828385268404
0.20089078562370097
0.20091358011607013
0.20093666757997397
0.20096004826912356
0.20098372244077328
0.20100769035573712
0.20103195227840412
0.2010565084767547
0.20108135922237727
0.2011065047904844
0.20113194545993052
0.20115768151322855
0.20118371323656778
0.2012100409198311
0.20123666485661396
0.20126358534424188
0.2012908026837894
0.20131831718009913
0.20134612914180078
0.2013742388813306
0.20140264671495148
0.20143135296277256
0.20146035794877046
0.20148966200080898
0.20151926545066073
0.20154916863402875
0.20157937189056735
0.2016098755639049
0.2016406800016657
0.2016717855554928
0.20170319258107086
0.20173490143814968
0.20176691249056775
0.2017992261062763
0.20183184265736362
0.2018647625200798
0.20189798607486215
0.20193151370636
0.20196534580346118
0.20199948275931792
0.20203392497137343
0.20206867284138907
0.20210372677547145
0.20213908718410054
0.2021747544821575
0.20221072908895332
0.2022470114282581
0.2022836019283301
0.20232050102194554
0.20235770914642953
0.2023952267436857
0.20243305426022823
0.20247119214721285
0.20250964086046924
0.20254840086053347
0.20258747261268065
0.20262685658695873
0.20266655325822228
0.20270656310616664
0.20274688661536344
0.20278752427529517
0.2028284765803917
0.20286974403006638
0.20291132712875304
0.20295322638594343
0.20299544231622535
0.20303797543932106
0.20308082628012605
0.20312399536874948
0.2031674832405536
0.203211290436195
0.20325541750166587
0.20329986498833583
0.20334463345299483
0.2033897234578959
0.20343513557079937
0.2034808703650172
0.2035269284194577
0.20357331031867185
0.20362001665289908
0.20366704801811508
0.20371440501607874
0.20376208825438089
0.20381009834649375
0.20385843591182043
0.20390710157574543
0.20395609596968603
0.20400541973114464
0.20405507350376112
0.2041050579373668
0.2041553736880383
0.20420602141815336
0.20425700179644615
0.2043083154980646
0.20435996320462776
0.20441194560428397
0.2044642633917706
0.2045169172684745
0.20456990794249233
0.20462323612869285
0.2046769025487804
0.2047309079313577
0.20478525301199182
0.20483993853327875
0.204894965244911
0.20495033390374515
0.2050060452738704
0.20506210012667825
0.20511849924093406
0.20517524340284782
0.20523233340614835
0.20528977005215635
0.20534755414986022
0.20540568651599195
0.20546416797510553
0.20552299935965435
0.20558218151007213
0.20564171527485356
0.20570160151063666
0.2057618410822867
0.20582243486298066
0.20588338373429402
0.20594468858628742
0.20600635031759673
0.20606836983552226
0.20613074805612125
0.2061934859043004
0.20625658431391086
0.20632004422784384
0.206383866598129
0.2064480523860323
0.20651260256215795
0.2065775181065498
0.20664280000879562
0.20670844926813228
0.20677446689355336
0.20684085390391785
0.20690761132806068
0.2069747402049056
0.2070422415835788
0.20711011652352562
0.2071783660946278
0.20724699137732427
0.20731599346273213
0.20738537345277075
0.20745513246028774
0.20752527160918663
0.20759579203455703
0.20766669488280654
0.20773798131179502
0.20780965249097166
0.20788170960151298
0.20795415383646437
0.20802698640088343
0.20810020851198596
0.20817382139929402
0.2082478263047868
0.20832222448305393
0.20839701720145162
0.20847220574026082
0.2085477913928487
0.2086237754658327
0.2087001592792471
0.20877694416671297
0.2088541314756108
0.20893172256725545
0.20900971881707556
0.20908812161479476
0.20916693236461645
0.20924615248541226
0.20932578341091307
0.209405826589904
0.20948628348642212
0.20956715557995884
0.2096484443656643
0.20973015135455678
0.20981227807373506
0.2098948260665949
0.20997779689304907
0.21006119212975197
0.2101450133703274
0.2102292622256014
0.21031394032383832
0.21039904931098224
0.21048459085090204
0.21057056662564105
0.2106569783356715
0.21074382770015385
0.21083111645720004
0.21091884636414296
0.2110070191978096
0.21109563675480003
0.21118470085177163
0.21127421332572835
0.21136417603431537
0.21145459085612003
0.21154545969097727
0.21163678446028195
0.2117285671073069
0.21182080959752636
0.21191351391894647
0.2120066820824419
0.2121003161220988
0.21219441809556447
0.21228899008440374
0.21238403419446303
0.21247955255624032
0.21257554732526315
0.21267202068247407
0.21276897483462417
0.21286641201467243
0.2129643344821961
0.21306274452380627
0.2131616444535745
0.21326103661346532
0.21336092337378001
0.21346130713360753
0.21356219032128532
0.21366357539487033
0.21376546484261771
0.2138678611834711
0.21397076696756276
0.2140741847767232
0.2141781172250021
0.2142825669592002
0.21438753665941152
0.21449302903957837
0.21459904684805656
0.21470559286819313
0.21481266991891695
0.21492028085534134
0.21502842856937904
0.2151371159903721
0.21524634608573298
0.21535612186160186
0.21546644636351622
0.21557732267709687
0.2156887539287474
0.21580074328637
0.2159132939600965
0.21602640920303556
0.2161400923120375
0.21625434662847468
0.21636917553904028
0.2164845824765644
0.21660057092084967
0.21671714439952483
0.2168343064889174
0.21695206081494736
0.21707041105404054
0.21718936093406357
0.21730891423527934
0.2174290747913259
0.21754984649021794
0.21767123327537027
0.21779323914664708
0.21791586816143502
0.21803912443574194
0.2181630121453211
0.21828753552682345
0.21841269887897613
0.21853850656379006
0.21866496300779661
0.2187920727033139
0.21891984020974428
0.21904827015490366
0.2191773672363824
0.2193071362229417
0.2194375819559421
0.21956870935080935
0.21970052339853655
0.21983302916722303
0.21996623180365305
0.22010013653491314
0.22023474867005247
0.22037007360178343
0.22050611680822688
0.22064288385470246
0.22078038039556355
0.22091861217608352
0.22105758503438544
0.22119730490342857
0.2213377778130419
0.22147900989201433
0.22162100737023985
0.22176377658091864
0.2219073239628191
0.222051656062598
0.22219677953718694
0.22234270115623941
0.2224894278046483
0.22263696648512984
0.2227853243208802
0.22293450855830368
0.22308452656981909
0.22323538585674255
0.2233870940522519
0.2235396589244346
0.22369308837942106
0.2238473904646093
0.22400257337197904
0.2241586454415016
0.22431561516465098
0.22447349118801263
0.22463228231699928
0.22479199751967643
0.2249526459307006
0.22511423685536924
0.22527677977379967
0.22544028434522342
0.22560476041241817
0.22577021800626607
0.22593666735045467
0.22610411886632137
0.22627258317784205
0.22644207111677953
0.22661259372798534
0.22678416227487153
0.22695678824505017
0.2271304833561517
0.22730525956182754
0.227481129057943
0.227658104288967
0.22783619795456939
0.22801542301643002
0.22819579270526943
0.22837732052810827
0.22856002027576597
0.22874390603060527
0.2289289921745406
0.22911529339729975
0.2293028247049824
0.2294916014288884
0.22968163923465823
0.22987295413172198
0.2300655624830741
0.23025948101538043
0.23045472682944487
0.2306513174110353
0.2308492706420942
0.23104860481234424
0.23124933863130226
0.23145149124073314
0.23165508222754558
0.23186013163715274
0.23206665998732576
0.23227468828255143
0.23248423802892082
0.23269533124957495
0.23290799050071326
0.2331222388882236
0.23333810008492512
0.23355559834847622
0.2337747585399681
0.23399560614322756
0.23421816728488054
0.23444246875519092
0.23466853802972107
0.23489640329185296
0.23512609345619773
0.23535763819295807
0.2355910679532572
0.23582641399551296
0.23606370841288568
0.23630298416185133
0.23654427509197198
0.23678761597689948
0.23703304254668847
0.237280591521482
0.23753030064663042
0.23778220872931746
0.2380363556767799
0.23829278253618902
0.23855153153628253
0.23881264613084513
0.23907617104411472
0.23934215231825004
0.23961063736292465
0.23988167500719032
0.24015531555373126
0.2404316108356179
0.24071061427571538
0.24099238094888942
0.24127696764715414
0.24156443294793079
0.24185483728560891
0.2421482430265606
0.24244471454783847
0.2427443183197689
0.24304712299262018
0.24335319948766193
0.24366262109279466
0.24397546356308902
0.2442918052264723
0.24461172709491893
0.24493531298146498
0.24526264962338243
0.2455938268119448
0.2459289375291475
0.2462680780918554
0.24661134830384315
0.24695885161623177
0.2473106952968726
0.2476669906092703
0.24802785300165212
0.24839340230691642
0.2487637629541227
0.24913906419236959
0.24951944032790324
0.24990503097531694
0.2502959813239587
0.25069244242046584
0.2510945714687181
0.2515025321484061
0.25191649495355783
0.25233663755259134
0.25276314517137155
0.25319621100112844
0.25363603663305834
0.2540828325217169
0.2545368184793713
0.2549982242039158
0.25546728984282674
0.25594426659619707
0.2564294173620558
0.25692301742738544
0.25742535520867027
0.25793673304626474
0.25845746805706965
0.2589878930506622
0.2595283575143566
0.2600792286734744
0.26064089263343554
0.261213755611231
0.26179824526454437
0.26239481212754245
0.26300393116372195
0.2636261034467158
0.26426185798188506
0.2649117536824167
0.2655763815155122
0.26625636683587894
0.2669523719260727
0.26766509876517647
0.26839529205017015
0.2691437424973416
0.2699112904545094
0.27069882985836746
0.2715073125766147
0.2723377531785752
0.27319123418493607
0.2740689118531122
0.2749720225636329
0.2759018898810474
0.2768599323741756
0.2778476722926388
0.27886674521060983
0.2799189107662868
0.2810060646445714
0.2821302519741554
0.2832936823371399
0.2844987466225725
0.28574803599252335
0.2870443632762122
0.28839078716226874
0.28979063962465934
0.29124755709709893
0.2927655160069434
0.29434887339536125
0.29600241349097245
0.2977314012820577
0.2995416443376675
0.3014395644008066
0.3034322805967612
0.3055277065121583
0.3077346639127225
0.31006301651484813
0.31252382805101203
0.31512954992242015
0.317894245083729
0.3208338565714414
0.32396653137640674
0.3273130133948781
0.3308971232058906
0.3347463478224314
0.3388925708489644
0.3433729834566526
0.3482312303865868
0.35351886445715
0.3592972103962206
0.3656397780001003
0.3726354217424177
0.38039252838281534
0.38904464115584014
0.39875812358923163
0.40974276964147116
0.42226675095010097
0.4366780810478439
0.45343609342322705
0.47315868236251446
0.4966949993415091
0.5252403462344617
0.5605227230587423
0.6051129177754433
0.6629445517238327
0.7401483638083862
0.8460330082012628
0.9913851292522977
1.159820383473004
1.0878656843019805
0.003178236922453005
-0.7499048802692913
-0.6940999490996211
-0.5404207804644086
-0.4212052832271615
-0.308273439042968
-0.13843019973062937
-0.041061836971485736
-0.010679932508312492
0.009814447038150419
0.02749958581009731
0.043188044690056264
0.05713096489844609
0.06952794617106749
0.0805721730467632
0.09044324044613301
0.09930078340232
0.10728289835365368
0.11450736197050225
0.12107398153622743
0.1270671877050993
0.13255847194525408
0.1376085239404412
0.14226904211938957
0.1465842401387261
0.15059208928843
0.15432533929829523
0.15781235654210443
0.161077813184702
0.16414325517856454
0.16702757189158043
0.16974738582636414
0.1723173772723696
0.17475055584770657
0.1770584885230123
0.17925149188392317
0.18133879487137505
0.18332867707188988
0.1852285866700654
0.1870452414231295
0.18878471540756478
0.19045251379641212
0.19205363753202429
0.1935926394367412
0.19507367304504372
0.1965005352266972
0.19787670349597844
0.199205368759783
0.20048946413667343
0.20173169038538685
0.20293453839346684
0.20410030911650703
0.20523113129457746
0.2063289772301202
0.2073956768686524
0.20843293039042302
0.20944231949346034
0.21042531752335022
0.21138329858390087
0.21231754574672668
0.21322925846090818
0.21411955925334356
0.21498949979549573
0.21584006640713
0.2166721850558489
0.21748672590551196
0.2182845074603193
0.21906630034611976
0.21983283076465554
0.22058478365390566
0.22132280558284956
0.22204750740628357
0.22275946670283842
0.22345923001628223
0.2241473149182417
0.22482421190916563
0.22549038617154993
0.22614627918896285
0.2267923102427866
0.22742887779693374
0.228056360780433
0.22867511977660301
0.22928549812647464
0.22988782295366625
0.23048240611719986
0.23106954509790675
0.23164952382415244
0.2322226134410807
0.2327890730284208
0.23334915027039452
0.23390308208162297
0.23445109519234142
0.23499340669585542
0.23553022456124825
0.2360617481136756
0.23658816848474198
0.23710966903508518
0.23762642575112217
0.23813860761775674
0.2386463769688837
0.23914988981694071
0.23964929616325772
0.24014474029022753
0.24063636103680178
0.24112429205806854
0.2416086620703235
0.2420895950823693
0.24256721061396322
0.24304162390224782
0.24351294609697036
0.24398128444514092
0.24444674246585682
0.24490942011576103
0.2453694139459044
0.24582681725036618
0.24628172020722444
0.24673421001231183
0.24718437100615823
0.2476322847945445
0.24807803036307455
0.24852168418597625
0.24896332032969268
0.24940301055133338
0.24984082439235528
0.2502768292678273
0.2507110905513934
0.25114367165625473
0.25157463411233266
0.2520040376398951
0.2524319402197057
0.25285839816007805
0.25328346616079866
0.25370719737418973
0.2541296434634524
0.254550854658474
0.2549708798090229
0.2553897664358219
0.25580756077923
0.2562243078459293
0.2566400514535944
0.25705483427362574
0.257468697872126
0.2578816827491587
0.2582938283763502
0.2587051732329353
0.25911575484038024
0.25952560979552264
0.25993477380243807
0.2603432817029671
0.2607511675060805
0.26115846441603197
0.261565204859459
0.2619714205113654
0.2623771423201201
0.262782400531538
0.2631872247119426
0.26359164377044364
0.26399568598031076
0.2643993789995823
0.26480274989087993
0.2652058251405126
0.26560863067684476
0.26601119188803335
0.26641353363907044
0.2668156802882848
0.26721765570313855
0.26761948327558344
0.26802118593678786
0.2684227861713814
0.268824306031175
0.2692257671484467
0.2696271907487231
0.2700285976631471
0.27043000834041503
0.27083144285831295
0.2712329209348562
0.27163446193906515
0.27203608490138226
0.272437808523712
0.2728396511892097
0.2732416309716434
0.27364376564453935
0.27404607268998626
0.2744485693071778
0.2748512724206594
0.275254198688348
0.2756573645092584
0.2760607860310196
0.2764644791571444
0.2768684595540631
0.27727274265797874
0.27767734368145114
0.2780822776198392
0.2784875592575235
0.2788932031739296
0.27929922374939553
0.2797056351708584
0.28011245143735286
0.2805196863653891
0.28092735359412346
0.28133546659043185
0.281744038653791
0.2821530829210516
0.28256261237105995
0.28297263982915255
0.2833831779715301
0.28379423932950515
0.2842058362936244
0.2846179811176956
0.2850306859226797
0.2854439627005065
0.285857823317759
0.2862722795192813
0.28668734293166764
0.2871030250666891
0.2875193373245988
0.28793629099736867
0.288353897271842
0.28877216723278926
0.28919111186591834
0.28961074206076365
0.2900310686135416
0.29045210222990503
0.29087385352766104
0.29129633303937974
0.29171955121498416
0.29214351842423586
0.2925682449591893
0.29299374103657927
0.2934200168001447
0.29384708232289714
0.2942749476093482
0.2947036225976758
0.2951331171618444
0.2955634411136665
0.29599460420483015
0.2964266161288773
0.29685948652312427
0.29729322497057353
0.2977278410017309
0.2981633440964427
0.2985997436856399
0.2990370491530814
0.2994752698370403
0.29991441503196953
0.3003544939901135
0.30079551592310316
0.30123749000350997
0.30168042536637985
0.30212433111070847
0.3025692163009243
0.30301508996831306
0.30346196111242363
0.3039098387024601
0.3043587316786191
0.3048086489534259
0.3052595994130447
0.3057115919185422
0.3061646353071479
0.30661873839350046
0.307073909970834
0.30753015881218676
0.3079874936715622
0.30844592328507126
0.30890545637207495
0.3093661016362779
0.3098278677668331
0.31029076343940176
0.3107547973172224
0.3112199780521384
0.31168631428562366
0.3121538146497936
0.3126224877683921
0.31309234225776233
0.31356338672782247
0.31403562978299887
0.31450908002316813
0.31498374604457163
0.31545963644072944
0.31593675980333147
0.31641512472312383
0.31689473979077565
0.31737561359774025
0.31785775473710925
0.3183411718044461
0.3188258733986089
0.3193118681225868
0.3197991645842845
0.320287771397338
0.320777697181899
0.3212689505654157
0.32176154018340525
0.3222554746802185
0.32275076270979547
0.3232474129364168
0.32374543403543965
0.3242448346940368
0.32474562361192644
0.3252478095020734
0.32575140109143375
0.3262564071216367
0.32676283634969566
0.32727069754870824
0.3277799995085372
0.3282907510365052
0.3288029609580623
0.3293166381174745
0.3298317913784854
0.33034842962497946
0.3308665617616522
0.33138619671465613
0.331907343432264
0.3324300108855065
0.3329542080688324
0.3334799440007323
0.33400722772439345
0.33453606830832155
0.3350664748469842
0.33559845646143277
0.3361320222999358
0.3366671815385937
0.3372039433819695
0.33774231706370583
0.33828231184713653
0.3388239370259147
0.339367201924611
0.33991211589934006
0.34045868833835935
0.3410069286626868
0.3415568463267017
0.34210845081875785
0.34266175166178386
0.3432167584138895
0.34377348066897506
0.3443319280573199
0.34489211024620475
0.34545403694049737
0.3460177178832664
0.3465831628563756
0.34715038168108975
0.34771938421866866
0.3482901803709863
0.3488627800811149
0.34943719333393436
0.3500134301567424
0.35059150061984634
0.35117141483717257
0.3517531829668784
0.3523368152119463
0.352922321820799
0.35350971308790446
0.3540989993543893
0.3546901910086447
0.3552832984869421
0.3558783322740427
0.35647530290382007
0.3570742209598732
0.3576750970761398
0.3582779419375249
0.3588827662805281
0.3594895808938495
0.3600983966190382
0.36070922435110886
0.36132207503917874
0.3619369596870977
0.36255388935409194
0.36317287515539187
0.36379392826289164
0.3644170599057751
0.3650422813711799
0.3656696040048377
0.36629903921173457
0.3669305984567654
0.3675642932653978
0.36820013522433065
0.36883813598216786
0.36947830725008984
0.3701206608025203
0.37076520847781397
0.3714119621789376
0.37206093387414807
0.3727121355977014
0.3733655794505248
0.37402127760093606
0.3746792422853301
0.37533948580890036
0.3760020205463467
0.37666685894258667
0.3773340135134853
0.37800349684657836
0.3786753216018047
0.37934950051224053
0.38002604638484155
0.38070497210119414
0.3813862906182648
0.38207001496915255
0.38275615826385856
0.3834447336900549
0.3841357545138547
0.38482923408059766
0.38552518581562756
0.386223623225091
0.3869245598967392
0.3876280095007194
0.3883339857904037
0.3890425026031839
0.389753573861318
0.39046721357274355
0.3911834358319184
0.39190225482067814
0.39262368480906096
0.39334774015619395
0.39407443531113423
0.3948037848137579
0.39553580329562915
0.3962705054808953
0.3970079061871799
0.397748020326476
0.3984908629060734
0.39923644902946376
0.39998479389727015
0.4007359128081879
0.4014898211599236
0.40224653445014047
0.4030060682774313
0.4037684383422781
0.40453366044803385
0.40530175050190576
0.40607272451595666
0.40684659860810973
0.4076233890031549
0.40840311203378327
0.409185784141616
0.40997142187824304
0.41076004190628906
0.4115516610004666
0.41234629604865153
0.4131439640529725
0.41394468213089586
0.41474846751634487
0.41555533756079654
0.4163653097344316
0.4171784016272523
0.4179946309502403
0.4188140155365227
0.419636573342538
0.4204623224492139
0.42129128106318203
0.42212346751796276
0.4229589002752071
0.42379759792591176
0.42463957919167983
0.4254848629259638
0.4263334681153513
0.4271854138808339
0.4280407194791187
0.4288994043039304
0.4297614878873391
0.430626989901099
0.4314959301579945
0.43236832861321484
0.43324420536573566
0.43412358065970547
0.4350064748858639
0.43589290858296525
0.43678290243922063
0.437676477293748
0.4385736541380555
0.43947445411751657
0.4403788985328814
0.44128700884179484
0.4421988066603367
0.4431143137645675
0.44403355209211115
0.44495654374372456
0.44588331098492096
0.44681387624758745
0.4477482621316167
0.448686491406581
0.4496285870134019
0.4505745720660401
0.4515244698532272
0.4524783038401848
0.4534360976703907
0.45439787516734503
0.45536366033636594
0.45633347736640995
0.4573073506318945
0.4582853046945698
0.4592673643053855
0.4602535544063925
0.4612439001326617
0.46223842681423133
0.46323715997806936
0.46424012535006215
0.46524734885702557
0.46625885662873984
0.467274675000008
0.4682948305127375
0.4693193499180501
0.47034826017841025
0.4713815884697821
0.4724193621838161
0.4734616089300519
0.47450835653815515
0.4755596330601827
0.47661546677286315
0.4776758861799177
0.4787409200144029
0.47981059724107755
0.4808849470588128
0.48196399890301034
0.48304778244806723
0.4841363276098612
0.4852296645482757
0.4863278236697407
0.48743083562982137
0.48853873133582143
0.48965154194943333
0.4907692988894211
0.49189203383431634
0.493019778725172
0.4941525657683392
0.4952904274382769
0.496433396480398
0.4975815059139545
0.49873478903496227
0.4998932794191425
0.5010570109249227
0.5022260176964767
0.503400334166773
0.5045799950607008
0.505765035398207
0.5069554904974877
0.5081513959782133
0.5093527877648023
0.5105597020897319
0.5117721754968814
0.5129902448449489
0.5142139473108716
0.515443320393325
0.5166784019162515
0.5179192300324287
0.5191658432271065
0.5204182803216647
0.5216765804773345
0.5229407831989726
0.5242109283388764
0.5254870561006405
0.526769207043091
0.528057422084244
0.5293517425053355
0.5306522099548959
0.5319588664528749
0.5332717543948461
0.5345909165562281
0.5359163960965916
0.5372482365640316
0.538586481899554
0.5399311764415805
0.5412823649304668
0.5426400925131103
0.5440044047476126
0.5453753476079898
0.5467529674889837
0.5481373112109047
0.5495284260245451
0.5509263596161927
0.5523311601126715
0.5537428760864791
0.555161556560974
0.5565872510156735
0.5580200093915787
0.5594598820966024
0.5609069200110747
0.5623611744932924
0.563822697385213
0.5652915410181494
0.5667677582186101
0.5682514023141803
0.5697425271395108
0.5712411870423831
0.5727474368898597
0.5742613320745373
0.5757829285208536
0.5773122826915342
0.5788494515940982
0.5803944927874661
0.5819474643886701
0.5835084250796418
0.5850774341141389
0.5866545513247343
0.5882398371299188
0.5898333525413157
0.591435159171008
0.59304531923894
0.59466389558047
0.5962909516540166
0.5979265515488128
0.5995707599927773
0.601223642360517
0.6028852646814479
0.6045556936480055
0.6062349966240385
0.6079232416532606
0.6096204974678971
0.6113268334974046
0.6130423198773741
0.6147670274585186
0.616501027815846
0.6182443932579479
0.6199971968364345
0.6217595123555131
0.6235314143817166
0.6253129782537967
0.6271042800927381
0.6289053968119651
0.6307164061276939
0.6325373865694248
0.6343684174906439
0.6362095790796521
0.6380609523705828
0.6399226192546056
0.6417946624912843
0.6436771657201282
0.6455702134723327
0.6474738911826962
0.6493882852017314
0.6513134828079832
0.6532495722205262
0.655196642611683
0.6571547841199377
0.6591240878630599
0.661104645951438
0.6630965515016559
0.6650998986502611
0.6671147825677693
0.6691412994729199
0.6711795466471293
0.6732296224492195
0.6752916263303702
0.6773656588493363
0.6794518216878963
0.6815502176665953
0.6836609507607043
0.6857841261165014
0.687919850067798
0.6900682301527392
0.6922293751309107
0.6944033950007245
0.6965904010171217
0.6987905057095263
0.701003822900197
0.7032304677227933
0.7054705566413447
0.7077242074695039
0.709991539390172
0.712272672975393
0.7145677302067113
0.7168768344957672
0.7192001107053456
0.7215376851707466
0.7238896857215543
0.7262562417037758
0.7286374840024098
0.7310335450643713
0.7334445589218682
0.7358706612161711
0.7383119892218265
0.7407686818713046
0.7432408797800923
0.7457287252722418
0.7482323624063979
0.7507519370022733
0.7532875966676515
0.7558394908258415
0.7584077707436875
0.7609925895600563
0.7635941023148706
0.7662124659787032
0.7688478394828814
0.7715003837502095
0.7741702617262223
0.7768576384110442
0.7795626808918894
0.7822855583761028
0.7850264422249161
0.7877855059877878
0.7905629254374172
0.7933588786054591
0.7961735458188898
0.7990071097371206
0.8018597553897738
0.8047316702152689
0.8076230441000812
0.8105340694188664
0.8134649410752715
0.8164158565436566
0.8193870159115535
0.8223786219230177
0.8253908800228468
0.8284239984016651
0.8314781880419174
0.8345536627648154
0.83765063927818
0.8407693372253173
0.843909979234861
0.84707279097159
0.8502580011884081
0.8534658417792321
0.8566965478331225
0.8599503576894383
0.86322751299415
0.8665282587574037
0.8698528434121845
0.8732015188742669
0.8765745406034535
0.8799721676660474
0.8833946627986897
0.8868422924735597
0.8903153269649582
0.8938140404173015
0.8973387109146287
0.9008896205515681
0.9044670555058363
0.908071306112379
0.9117026669390551
0.9153614368640312
0.9190479191548279
0.9227624215492161
0.9265052563377574
0.9302767404483369
0.9340771955324457
0.9379069480534987
0.9417663293770941
0.9456556758633052
0.949575328961113
0.9535256353049312
0.957506946813361
0.961519620790224
0.965564020027892
0.9696405129130219
0.9737494735347799
0.9778912817954877
0.9820663235239679
0.9862749905914763
0.9905176810303994
0.9947947991557334
0.9991067556894957
1.0034539678880368
1.0078368596724867
1.0122558617622242
1.016711411811684
1.0212039545503877
1.0257339419264562
1.0303018332535607
1.0349080953615115
1.039553202750584
1.0442376377495879
1.0489618906779312
1.0537264600116976
1.0585318525538856
1.063378583608911
1.0682671771615293
1.0731981660603593
1.0781720922059244
1.0831895067436734
1.08825097026184
1.0933570529944918
1.0985083350297367
1.1037054065234706
1.1089488679186106
1.114239330170133
1.1195774149760125
1.124963755014323
1.130398994186574
1.1358837878676489
1.1414188031623238
1.1470047191688106
1.152642227249352
1.1583320313082792
1.1640748480775116
1.1698714074100889
1.175722452581588
1.1816287406000543
1.1875910425245075
1.193610143792291
1.199686844555703
1.2058219600280757
1.2120163208396924
1.2182707734038243
1.2245861802932956
1.2309634206277362
1.237403390472313
1.2439070032476387
1.2504751901520221
1.2571089005958997
1.2638091026490879
1.2705767835013209
1.2774129499364555
1.2843186288209354
1.291294867606799
1.2983427348500833
1.3054633207447333
1.3126577376729758
1.3199271207725731
1.3272726285214667
1.3346954433405374
1.34219677221533
1.3497778473370219
1.3574399267636665