-1.267437589504835e-18
4.798413071965387e-19
1.5767537291401141e-18
-0.000025033278913756832
0.00032119544712061
0.00006189610482521846
0.00007592569330948566
-0.00016776088904828378
0.000648211062842475
-0.00022910098548086338
-0.0006214425824515435
-0.0002129158531507049
0.0009317081362907146
-0.0009350972666641987
0.0002545304409764373
0.001032525410201903
0.0004046424122322572
-0.001067430660767522
0.0014357876824160462
-0.0002478479969642602
-0.0014006307407971536
-0.0007170668600329131
0.0013922907819467938
-0.0022595030845227273
0.00013568635366806295
0.0019189591694527247
0.0012873885068069076
-0.0018996781717509482
0.0034363323757062034
0.0005327535820666975
-0.002456514153756549
-0.0024101944397641366
0.0014058119663485527
-0.0057207051725247865
-0.0032464152644743863
0.0029161673312952203
0.006831959577512464
0.0028735359691223826
0.05428323734136009
0.1980214484962223
0.34115550925147675
0.502421276733999
0.5524574882992079
-0.05676167420676479
-0.02137457709169678
0.011999268140511296
0.018241309350203357
-0.000974216850885069
0.014357605773881933
0.002699123898899307
-0.009910463044271409
-0.00861840595363382
0.006800128362050467
-0.01652067764067388
-0.0013394947191271358
0.012466140183329522
0.010036077081097723
-0.01042955085108536
0.023555268903131543
0.0018010638254964215
-0.01840236884916636
-0.014051389730250621
0.013974735777428967
-0.03802407509556295
-0.0034797475769130087
0.028984563763524054
0.026526638954201903
-0.025614338827139437
0.08046498860495974
0.011562682701951595
-0.0634901836768591
-0.04366555502884286
0.030843374167587628
-0.2084607586365335
-0.019134553210630456
0.08183753830270922
0.14672550810032312
0.1717115930553467
0.1915998171511992
0.057084972232148076
-0.6079858952816212
-2.5161365829001356
0.7641194597129569
-3.5397058143176765
-0.24263412263309383
0.6198388451639314
0.7333313259561738
-0.394632106494029
0.29067153141715
0.058461812510337864
-0.13936673667711136
-0.10109740355193701
0.04846180026513155
-0.0954843251299378
-0.017012128840187407
0.05004880965444106
0.04876362224953724
-0.027699507434314683
0.05011306697960164
0.009722145505524289
-0.029840552483227433
-0.026266165813692153
0.015275924939702938
-0.03240615789214718
-0.005629932542513351
0.019961090894067997
0.01852578244990134
-0.012137015579102683
0.024663356908792303
0.004038111491234174
-0.016031632480503863
-0.014045117266428259
0.009768352903355195
-0.020889832340537966
-0.0032175908937635634
0.01397780331630063
0.012453203546189763
-0.008589411362214047
0.020132537963121786
0.003274239646942799
-0.013428607492014894
-0.012279591124122101
0.008379028420939221
-0.021477020551834765
-0.004565272669333724
0.014239727661352595
0.01399597003597788
-0.007922882526380692
0.027456608120251406
0.007477601388393835
-0.01605499437745
-0.01904497045808761
0.007055218517451766
-0.04323530730954672
-0.01910145872855519
0.02366312748235879
0.027325596471631464
-0.0031315455510972545
-0.07948055774046515
-0.1303044985591963
-0.14737326924936114
-0.11932208568956014
-0.008805923544872552
-0.1301755556543501
-0.1306630675429555
0.13155633571505082
1.0514682968340663
2.661527799238882
7.043118842021315
7.190919150529649
-0.5842168836016677
-0.9202823112264131
-0.19179799490165708
-0.20230242730267065
-0.125941367179927
0.04657604532343422
0.09966754288773318
0.012556933919618136
0.056978573221708725
0.02776957774072108
-0.02132969093584169
-0.032625974638034246
0.0036807179248405718
-0.028563740131663254
-0.006228245867310479
0.018805869099003232
0.015560272044645326
-0.01540716476849704
0.02397695450592399
-0.005049278315866511
-0.020152759637853165
-0.007264776627843707
0.022719194472531602
-0.0211942336298257
0.011997048668444742
0.025745229813520218
0.002538239352060045
-0.034640946589404795
0.029305755738114756
-0.02508350866717488
-0.032863663621502455
0.000966681980434682
0.046009056056376646
-0.03119917454579061
0.03314020251563699
0.05433583320377307
-0.006715734702015658
-0.0722163038829099
0.1418328707935991
-0.11592529770895876
-0.06316595118569977
0.0046767878258232335
0.04743346290285692
0.08623673420906847
0.09299660824823645
0.06916911093950374
-0.014400569160822538
-0.23810320831327741
0.09074130787398212
-0.2049004897200826
-0.8701280848243498
1.0544791997289282
2.397682049314672
-8.473710255813936
17.23517556247683
12.499311282374194
-23.05413571621561
-6.5202667965229555
2.3209604453821115
-1.1245493515301912
-0.6334985570818688
0.05596372792758569
0.5487272799862841
-0.15185456712298023
0.14035929461343702
0.17297253312220556
-0.018247464701891366
-0.18960194592058013
0.0672783548247801
-0.061726988071544024
-0.07211059240656993
0.0060805900504971
0.0847622741022203
-0.03443429859458055
0.030850816759008977
0.03963214539792219
-0.002589871021446624
-0.05010064176828047
0.021257042953822594
-0.019491786062599888
-0.026475267743975895
0.0021291024154626043
0.03274715344255992
-0.015418997127380062
0.01537751692212268
0.018243099639322025
-0.0018790344264579936
-0.024906418413278734
0.010445216088958579
-0.012632030272251722
-0.01605265884687865
0.0036843296844784688
0.020949306673530246
-0.011085613306024285
0.017307388146645366
0.012681670669311229
-0.0034687893780005244
-0.017374583315399778
0.004373982868601064
-0.012989568865447235
-0.02206512702148891
-0.02484638113653497
-0.020110244569952727
-0.000025656454233595984
0.01999261752253815
0.03279167400156465
-0.04661724059588079
-0.07713161795883738
-0.0032094919938500444
-0.06440394694740702
-0.033412768403462294
0.06766304174064032
0.24364855324620785
0.04050331297481456
0.24288484300774307
0.2821287258268024
-0.8885760164746138
-1.47288882890821
-11.279910203847125
-25.653661577968233
-4.845233071802093
1.7431848980879108
0.7308171541032614
0.20158531726201787
0.24381692027614074
0.05440840026504213
-0.1044152028635105
-0.12477266436502038
-0.028128735390357415
-0.062002128314279016
-0.011236498257241984
0.03938291434825205
0.04113495823197017
0.019133730270876177
0.02609670692000847
0.006277750856330401
-0.01756645402411532
-0.019956144192815085
-0.007001000121437886
-0.013771278155302944
-0.0019287426481104286
0.010358897216524136
0.010964246749976625
0.005265754497142101
0.007543894989861063
0.0021568553626222773
-0.005179592892289984
-0.006443138946891842
-0.0013135176283825885
-0.004427659658767126
-0.0015411020512179666
0.002475831635868371
0.004089116021620118
-0.000524534982155143
0.0020671211341712777
0.0024919782752726737
0.00013643077215508918
-0.003523710138809523
0.006000727523326005
-0.0007546467815675995
-0.004180058328235725
-0.0008769309214991805
0.0018072278842381853
0.005318824785914962
0.006943326690912479
0.0067674907228621895
0.0036609515229385327
-0.004565114128995833
0.009199972291877913
0.0006232297683736124
-0.013270295094766984
-0.021495002938239242
0.030467794022184795
-0.02651922707203752
-0.0047749412956320115
0.034835441323892866
0.02528538832577627
-0.03191697560265145
0.0660463908903782
0.0006071120183228639
-0.0944550522747053
-0.13900464788550562
0.25848612131296417
-0.38790527969681576
-0.023630974944905982
0.9062544978885533
0.5816551775617357
-1.5265606482849983
7.303371655758344
-14.233921959997506
-1.7393733533779734
-0.3105435180989325
0.23850525415109763
-0.29310788807641425
0.005658919419673673
0.1373197252801345
0.08178573329731537
-0.10795852351595674
0.09686777153684534
-0.009098393433002559
-0.05532903479188412
-0.023504955507818896
0.02860898339737336
-0.037773594387480416
0.0015769776221458344
0.023092799884552193
0.013030297160960398
-0.021713178768285196
0.022807186013498213
-0.0031808895606125816
-0.014476823733998724
-0.006013824402533006
0.00768689331372125
-0.01034281936090069
0.0006459928688148094
0.006637381842351432
0.003701834403134944
-0.004725034599560765
0.006351831571140238
-0.0009151852870061645
-0.0022911822125495887
-0.0004596972567627941
0.0010070154227938615
0.00009578639181252221
-0.00015017368490894456
-0.0006143031502227668
-0.0010406243964968603
-0.0011988829215787617
-0.0014350472454019677
0.0004110072903560237
0.004546222450846799
0.00630272572728439
-0.01959694281784406
0.008743641647684687
-0.0048360293784387755
-0.013328973726284698
-0.004717084010145846
0.015028331267026124
-0.016654525609342077
0.004396925450732953
0.027628019256802732
0.022481914813012673
-0.05694431677826843
0.061937248931733725
-0.01280797093827834
-0.07088853737926196
-0.029882056589108894
0.0936477985379802
-0.14189267311293677
0.03138289533483849
0.35470725747590565
1.0671118093114424
-3.6402314882750795
4.1040224062963935
-0.2729801910071156
-1.6930372449832798
-1.3630933500972775
0.9222780617096061
-0.3916856366642983
0.0015875384488685889
0.14154440647789562
0.04067651146534436
-0.05153529818764164
0.060434822585856626
-0.004236581815275138
-0.03386642373812545
-0.016522984862904783
0.03162877085788842
-0.028402589807486188
0.0036652976649509334
0.010753163892493096
0.0020536200234292784
-0.011004903016866859
0.00779260538790273
-0.0031399602151494926
-0.008075315858049785
-0.0038324250564556396
0.005110892688613262
-0.009472515345143291
0.00223941217898157
0.002849598045925643
0.00033784301841872065
-0.0009580519974799367
-0.001157060216614097
-0.000972475081866556
-0.0005503492500948848
-0.00005519650919195521
0.0003233320158320873
0.0006431713528202497
0.00008549321859663854
-0.0011208870000154164
-0.0005684483613575142
0.00480287420086593
-0.0025500211294321937
0.002525927533633383
0.0056421918074404534
0.003145657902382721
-0.005685036124955001
0.00849776846594485
0.0005520032793855944
-0.009677829340874999
-0.00883309409328903
0.013681469112033717
-0.020011713226609003
-0.0009694386496952726
0.020361452150495576
0.013501055501389582
-0.028386991848399587
0.051730653381399365
0.007939031804311165
-0.08864274747957798
0.10770473728024837
4.891155040461395
-5.608669387970111
-0.18644248611589634
0.16855449908423237
0.13200700206292862
-0.06534148934617538
0.08972180867545232
0.014125636327614212
-0.010947607584928434
-0.0021048281289065785
0.018085289665486073
-0.008242586783663481
0.004448777824343726
0.00964074881455844
0.006517802150759226
-0.0010750332021074167
0.007311724104728525
0.0023549877873618053
-0.001390210082465726
-0.0009119692232318457
0.0007830114220501418
0.0022874327634677637
0.0032026087214339937
0.0030415431821315636
0.00211064033804741
0.0004255081489862712
-0.0001441686768019199
-0.00029403170378210447
0.00011562260422924223
0.0007258878062173642
0.0004057565452059547
0.0009540799813925608
0.0012258655901333409
-0.0007997216568398014
-0.0031270695963607964
-0.0028142453836212064
-0.0038756825919875637
-0.005573684417492212
-0.0021027669896463218
0.0056597157841188845
0.014772529364227457
0.0011015475317338761
0.008382293399700121
-0.004075836267704474
-0.029750909633165828
-0.04004803758544
-0.03939220336750473
-0.08824780822370916
-0.05638256641418484
0.17344252501684088
1.5733014341912048
0.06672756985938012
1.7454324674177428
-0.0018556808562708504
-0.14767976125150697
-0.19068107035996087
-0.026009051543316262
-0.06479008297563871
-0.03458226768199763
0.024990772576305782
0.011506329157491274
0.10375394240625904
0.016742187899060165
0.0012608807761728574
-0.0040188788102236035
-0.0055680846074125465
-0.005730284426979493
-0.004143639334005748
-0.0011165742089123958
0.004583654981148849
0.02105840993081056
0.00174884690008274
0.0053153085420585494
0.0015093785132635504
-0.006384060762352384
-0.00422675257680817
-0.003409341093863449
-0.004363981494322787
0.0007077352553725059
0.006088465115763145
0.007565358653831645
0.008393963471391203
0.010867034063437772
0.00023974151818083133
-0.00716598336215738
0.0007296353683967609
-0.01513964206160422
-0.015846559353280297
0.03859393123025137
0.1047651923899733
0.07194316483203154
0.9714689622288192
0.8233489570077849
-2.6078747282807826
-0.10647306816419143
0.0068215079479576075
-0.0955418324917973
-0.012221985785267215
0.006088971523559761
0.01083121391581042
0.010377258489522721
0.00912321087536365
0.005135846870514491
-0.0017857189298947688
-0.014298520497296104
-0.021365972472466972
-0.0059955817287972776
-0.007682750276334112
0.0029307166680180904
0.009918016362177982
0.004112142628304768
0.007327202041568374
0.0071501711788796805
-0.0024414503597594774
-0.013134549134966433
-0.010982684495038563
-0.023181427828912065
-0.027744639141798144
-0.0002757019433650977
0.047771555322547475
0.06854588020259264
0.1516281035424391
0.10649962289515565
-0.019616229151180935
-0.03073959264962325
-0.02541578507502153
-0.018010250471764445
-0.00942896668376197
0.002254649943500448
0.017368899066412435
0.0186831868545426
0.006882531278333989
0.008123646127844428
-0.002273783519702935
-0.01015144119506223
-0.005779907942902235
-0.013293492070434336
-0.027634150627327835
0.021270148349173314
0.20515923880425627
0.10577340393315765
0.03774822988914348
0.018895116033459343
0.0016973976060464786
-0.011986587005231543
-0.012052392232418501
-0.0030529819723779956
-0.003870064677805027
0.0006203781696094348
0.005722048038612178
0.0033442425710769087
0.0021610212703560496
0.0027131106702389207
0.00009347399801064798
-0.004190319287966032
-0.003531541068357505
-0.0026875521879726415
-0.002239343340017505
0.0000628352434646796
0.002646233526903237
0.0013946272205654928
0.001540767995611394
0.001451836057649405
-0.00006842452586138614
-0.0014282217380979316
-0.0010704603248503643
-0.000917986541175276
-0.0017179349637696613
0.00006019269920362786
0.001224953405200883
0.0019975984305937076
0.0011229988767518764
0.002215124794052822
-0.00008785116730203415
-0.001841599060691506
-0.0016604403322890808
-0.0011774445192056161
-0.0008836425535000321
0.00012088935399487307
0.0009287361617357008
0.0015232396930743464
0.0014677369832590925
0.0019567406893276733
-0.00005497765841287409
-0.0019671969381189515
-0.0005303972753010236
-0.0014319012809229316
-0.0011857827953833933
0.0001199207220340949
0.0008517194997593861
0.0004426445261714864
0.0013576956912496449
0.0007595170275808233
-0.00018042666310944997
-0.0009316389041734623
-0.0003358308473745537
-0.001161640028916664
-0.0010697802290922055
0.00017278569967919764
0.001486576135260939
0.0006959474559176659
0.0006437311275808799
0.0004241542266527965
-0.00016567829139041692
-0.000606107201682287
-0.00015269565521306433
-0.0005997198319534332
-0.0006120653272497414
0.00018950761354106217
0.001068323064049354
0.0003339594107318977
0.0005866999980137749
0.0007942513657354189
-0.00019343849532872935
-0.0006625472999799278
-0.00003103607846313245
-0.0007910011007389649
-0.0006759487948095609
0.0002258738746535216
0.0006506723311833036
0.00023397164092138855
0.0010384374168205604
0.0004487094794131346
-0.00024371441678151185
-0.0012330543495046207
-0.00015764031330993785
-0.0007227114354268987
-0.00046126119269307555
0.0002016608475503971
0.00050144525677441
0.00007186348788070587
0.0006188820011713399
0.00033029867077000576
-0.0001727022608556238
-0.00047927213879320196
-0.00016149270322683845
-0.0005247157236638349
-0.0002874789693573778
0.0002778554864546026
0.0005756880633195319
-0.0000654664449042258
0.0006679074054315794
0.00024945128681735576
-0.0002764712734969932
-0.00043713777118824807
0.000016390209744286044
-0.000992163640918742
-0.0005575603589985394
0.000296829607355289
0.0005254418368853275
-0.00010626275689847522
0.0006009506838989964
0.00039923794407328216
-0.00029724125933653956
-0.0007838371095248492
0.00006283388534531484
-0.0005093765652674907
-0.00015623475623255867
0.0003193675717182051
0.00033269254847302795
-0.00020022796242689627
0.0006908679624872958
0.0002496943363305712
-0.0003201342625693291
-0.0005092398536521151
0.00016008932174602233
-0.0005084460424005485
-0.00016480893320792322
0.00030424639743167225
0.0007022987625947754
-0.00007493566299240681
0.0005719270569601797
0.00018223436514756215
-0.00027896271269711086
-0.0005272690298364956
-0.00001604007625406071
-0.0005946193430892943
-0.0002090394408045945
0.00033121972446859596
0.00044291396532896555
-0.00014864338906290603
0.0006233778602027954
0.00019659670225112967
-0.0003216040729861106
-0.000569534597017559
0.000017241545843220612
-0.0005966146519620725
-0.0001772781194401947
0.0003371409467634577
0.0004673130011832326
-0.0000926522412940852
0.0005379745795072814
0.0002753180393066139
-0.00031724868129680365
-0.00038059338521689813
0.00001860693810139991
-0.0005376878204838989
-0.0002947100249598646
0.00028428501307311665
0.0003638760114838919
0.00005305222077553532
0.0004929294864993844
0.0005293926189440488
-0.00030514143806406477
-0.0004538394695462834
4.131630530889943e-6
-0.0006141778446028937
-0.00031873728461043926
0.00026187215753386113
0.0004495976648842578
0.000013573664083944587
0.000618888583846987
0.00018763164110989077
-0.0002617029605783756
-0.0005479497196039329
-0.0000871965480552932
-0.0006595054161107183
-0.0002573446816438228
0.0002805629214087871
0.00038449873591536596
-0.00019001602088693765
0.0004859970666383148
0.0002616225798176213
-0.0002505918937191543
-0.0004718174761823572
-0.000015279832891257496
-0.0005323969951416086
-0.0002973086996894165
0.00027995615557599516
0.0005353480448668362
0.000016647098653407924
0.00048025560780564356
0.00024347040395005648
-0.0002913793239597365
-0.00033037366126917035
-0.00006057662109938659
-0.0005449033262500228
-0.00024288221381457315
0.0002647653752699942
0.0003628993985072153
-0.00002231650379266397
0.00043826397953515474
0.00033266004105439635
-0.00030162834649203295
-0.00035709260778621983
-0.000027813800989290973
-0.0003479861260695247
-0.00025735466152779164
0.00022546975323371876
0.000440734138711628
-0.000021754151618571616
0.00047781408521879005
0.00026575143006892215
-0.00024023232093241804
-0.00036693305322617234
0.00006422951873667502
-0.00042774364696146293
-0.00010734434546942265
0.00023496733445359708
0.00038797297571010233
0.00003103016319099029
0.0004906476398565682
0.0002350955122220166
-0.0002335565297944011
-0.00033090181132166787
0.00004407880237071436
-0.0004470473033984785
-0.0002567592617829298
0.00025272884343171187
0.0002587153312614272
-0.00007848941896836633
0.0005302913315876275
0.00006915811360994543
-0.0003317561733585051
-0.000300270430664648
0.00012732927530999117
-0.00046526528148672154
-0.00011160373296559528
0.00024314589105961442
0.0004528941918450757
-0.00012699261175865345
0.0004204580921980669
0.00036483082017107105
-0.0002947355174067576
-0.00019837196554614876
0.00013116506771120276
-0.00043810883135841265
-0.00010720995604546965
0.00031066289206573813
0.00031043988079360653
-0.0002085661611216107
0.0004656723704153645
0.0001529272211960243
-0.00029010219395722776
-0.0002581714836818604
0.00019456297596401044
-0.0004921339777830845
-0.00010131585290271982
0.00030825509178306775
0.0003967244024053938
-0.00017404551866707693
0.0004345156609193715
0.0001455183767119564
-0.00028894816473812036
-0.0003009750185645474
0.0002357622741104476
-0.0005068113171920622
-0.00003285162012582895
0.0002945430640764771
0.0002817163795552769
-0.00023234163752950003
0.0005100367478211784
0.000040052172265142996
-0.0003046744240721845
-0.00026884714216053373
0.00019884355271617012
-0.0004417241178100145
-0.000030326237706741522
0.00030382588425320985
0.0002813485256034896
-0.0002308563487604222
0.0003805584005922831
0.00010196733340908931
-0.00030145259174702303
-0.00022349211065559511
0.0002193563718875711
-0.0004048864817861476
-0.0000457853907146613
0.00029220255780225743
0.0004123567671796726
-0.0001894969419366068
0.00038064148466989463
0.000029513665272475387
-0.0003003287335907293
-0.00016738604744197542
0.00020240716309228467
-0.0003354965780010891
-0.000030310246335518023
0.000307047317677688
0.00026128258950577796
-0.0001492686011344969
0.0003950761914856758
0.00008533349911616224
-0.0003010533228346215
-0.00016752167175854404
0.00019299489288484073
-0.0004057478043669914
-0.000011283594841551074
0.0002885587685591608
0.00023587270263569288
-0.00021104682602094405
0.0004256017158890229
0.00007310882877126614
-0.00029658151058311526
-0.0002307741075497564
0.00021629968492782324
-0.0004111113495147739
-0.00004059221606330421
0.0002949300506881166
0.000304883481727948
-0.0002420944649541708
0.00041375504729564215
0.00011672598688000719
-0.0003006297325828854
-0.0002546488202765826
0.00020094439752880083
-0.00038166734316397215
-0.00004935000461102955
0.00029394785116262435
0.00023873609587050698
-0.0002090727303404792
0.00042969449866761344
0.00005149023216784938
-0.0003031874217480885
-0.0002632074454395212
0.00022291858699746537
-0.00039168767200734896
0.00003882470102115412
0.0003024757024447621
0.0002224143227670778
-0.00017178406490208153
0.00039285449437563547
0.00008014821624389606
-0.00028108640846049985
-0.00024525835862562756
0.00017662586103347127
-0.0004009400607133009
-0.00003321516816195907
0.0002854307699880823
0.0003000014159986085
-0.00019851880733820417
0.00036096354358273704
8.216671054938697e-6
-0.00027053413849592107
-0.00022313016484710267
0.00015902438593198303
-0.00043640724859485004
-0.0000705201636507213
0.00029829347205578106
0.0002482752518394279
-0.0001806377028675819
0.0004078530636198809
0.00011250132688703303
-0.0002825065107374627
-0.00024145802472343514
0.00016058013009751177
-0.0003791338556198977
-0.00006318179107771057
0.00029154774660352197
0.0002615718391333507
-0.00014986913587629748
0.00040314452427462347
0.00009382886618612578
-0.000273242676484952
-0.0002748770639323612
0.00014959890719645113
-0.00034343116617990306
-0.000027796505810025608
0.00028227800923252816
0.00029712201228715163
-0.00021075985080357652
0.0004205858982247403
0.00007736790972728467
-0.00026477111296977
-0.00026931494964760626
0.0001424916759612936
-0.0003788074456422915
-0.00004008900299225359
0.00030759825080998586
0.00023236909215955295
-0.00019155800825798995
0.0004170218719931934
0.00006988129881123128
-0.00026159056391856296
-0.0003078136881198572
0.00027981360819060146
-0.0005258314213957423
-0.00007648174386215743