-2.262756868732358e-18
-7.561458323555619e-13
-1.9272225828286666e-11
-1.3621444401993324e-10
-5.575781638199789e-10
-1.6850625697328575e-9
-4.199713936974662e-9
-9.164706589584844e-9
-1.815467253498037e-8
-3.342117538665972e-8
-5.810701443515969e-8
-9.652638611056178e-8
-1.5453402034724173e-7
-2.4001507078875307e-7
-3.635398282468487e-7
-5.392450998180434e-7
-7.860298707613039e-7
-1.1291908855278303e-6
-1.602680418305815e-6
-2.2522541758545155e-6
-3.139908880359629e-6
-4.350214389137638e-6
-5.999472102128592e-6
-8.249161421210839e-6
-0.00001132601540011591
-0.00001555256297350856
-0.00002139458751532095
-0.00002953666217970664
-0.00004100570555260718
-0.00005737954656918092
-0.00008115208888841174
-0.00011640061587456491
-0.00017006912975610643
-0.0002545928383396703
-0.0003936905773706287
-0.0006364457589235624
-0.0010961213867187872
-0.0020777464586297697
-0.004621469852446293
-0.014120098199457006
-0.11254609018627472
0.0525230880270739
-431.05821848686213
-12561.927698460844
-2.9313779851604735
-0.002425568152026267
-0.0027060229698194775
-0.0021930707646840414
-0.0018959301590376753
-0.0016964623320893627
-0.0015578038094996797
-0.0014609659697048625
-0.0013946580658431523
-0.0013518155875723507
-0.0013278827921056001
-0.0013199547968101408
-0.0013262441146579054
-0.0013457961631567657
-0.0013783062829619591
-0.0014240334669917021
-0.0014837716733690429
-0.0015588730837135356
-0.001651321391746544
-0.001763861698971707
-0.0019002036886276847
-0.002065326475553406
-0.002265932413667436
-0.0025111283877907458
-0.0028134665685915165
-0.0031905721100250156
-0.0036677639126100857
-0.0042824225728005485
-0.005091573385753826
-0.006185703970701533
-0.007715451497195379
-0.009946951827982338
-0.013387359326639063
-0.01910441421470152
-0.02967814848031382
-0.052758480110507024
-0.12030957493130941
-0.5140561636185548
-42.48002975005488
-0.36898292567387175
-0.09835739471768512
-0.04432953963430278
-0.024965454178255162
-0.01591299883415535
-0.010974580265237828
-0.007992480776742262
-0.00605696830902742
-0.004730950340730857
-0.003783401554227298
-0.0030829744872669616
-0.0025505573821260554
-0.0021362147468548726
-0.0018071781111110904
-0.0015412270372084876
-0.0013228638973833409
-0.0011410123210512377
-0.0009875834979090855
-0.0008565556696797903
-0.0007433671625676697
-0.0006445065653415569
-0.0005572300583391811
-0.0004793626235384529
-0.0004091557158031737
-0.00034518362222239773
-0.00028626674952577784
-0.00023141390620383926
-0.0001797781271845137
-0.00013062222462571844
-0.00008329134045342926
-0.000037190513108633986
8.234231573076793e-6
0.00005351242108687892
0.00009916424858705504
0.00014571506664232757
0.00019371001587111056
0.00024372954510607398
0.00029640665044669356
0.0003524467983439376
0.0004126517282504495
0.0004779486754650091
0.0005494270662822819
0.0006283854872006927
0.0007163928308223645
0.0008153691575987868
0.0009276942723744853
0.0010563557745286575
0.0012051541901170366
0.0013789920812239756
0.0015842891092650623
0.0018295901367465762
0.002126476442799891
0.002490966056511732
0.002945728148241851
0.0035237009984756987
0.0042742305945874404
0.005273956238209373
0.006647152924134146
0.008606230979278756
0.011538922651042179
0.016215554780707103
0.02435063209734142
0.04042746799836374
0.07949691439546076
0.2211807326375044
1.9763963628390744
2.012253513915043
0.22334570875360565
0.0803137345204651
0.040908218336183244
0.024684785594637482
0.016466306039604202
0.011734456100859403
0.008761458180814486
0.006770869547743036
0.005371737208399015
0.004349780170254584
0.0035795507832658197
0.0029836268789389547
0.0025121102638985394
0.0021316528800505684
0.0018192662404263827
0.0015586711614326257
0.0013380622380852038
0.0011486929310596436
0.000983953690970721
0.0008387555266695126
0.000709107932367131
0.0005918233958640846
0.00048430599365221843
0.0003843967439353639
0.000290257699914974
0.00020028259153931878
0.00011302551548780793
0.000027141516535628424
-0.00005866563769123184
-0.00014569234374502593
-0.00023528418902456802
-0.00032888862261238054
-0.0004281152085532848
-0.000534808320674556
-0.0006511387090241523
-0.0007797228912992016
-0.000923783310782829
-0.001087368529975309
-0.0012756629147398343
-0.0014954319926382608
-0.001755677821297605
-0.002068627442232488
-0.0024512646539396337
-0.0029277770147880014
-0.0035336027775540392
-0.004322397607702928
-0.005378605559642494
-0.006841452926885472
-0.008953983136232116
-0.012172172856559943
-0.017435827778947144
-0.026947411853319263
-0.04693249512104489
-0.10125582668141897
-0.35913580701171227
-26.489025821981283
-0.5968463831327759
-0.1286741727507284
-0.05424308440730951
-0.029572508468994986
-0.01848387597897577
-0.012573305422478689
-0.009057096671447868
-0.0067980357373760465
-0.005261459562189091
-0.0041691790292503975
-0.0033648871529656592
-0.0027552898655446795
-0.002281917344594568
-0.0019066168489129398
-0.0016036334953308889
-0.0013550696149389415
-0.0011481706200707226
-0.00097364357106088
-0.0008245825971698702
-0.0006957631008771658
-0.0005831667688222776
-0.0004836548419150767
-0.00039473883998871075
-0.0003144166689096159
-0.00024105338911075132
-0.00017329297126095756
-0.0001099918308004648
-0.00005016781966154395
7.039755237380867e-6
0.00006240225729798335
0.0001166283223171161
0.0001703867100684074
0.00022432681634371645
0.0002790980358130068
0.0003353690621810227
0.00039384820205962514
0.00045530587318030625
0.0005206006535080193
0.0005907105896978826
0.000666771995722347
0.000750128759681394
0.0008423963612711999
0.0009455465725073318
0.001062021518509269
0.001194889943253912
0.0013480650865061315
0.0015266141215319207
0.0017372064470981441
0.001988777433781497
0.0022935352253254026
0.0026685299752975344
0.0031381764334619928
0.0037384555488103187
0.004524207494054138
0.005582421929221133
0.007057911530075858
0.009206571288378032
0.012516189137972715
0.018014099732010798
0.028183630527764778
0.05039076835327058
0.11542803415516714
0.4952076253461063
63.01690652938453
0.36002557851429984
0.09567557849768994
0.0430819690612692
0.024238462449705317
0.015427367151201587
0.010619041736553616
0.007714750967356182
0.00582955489976638
0.004538168526682045
0.003615733742787851
0.002934362518833612
0.002416997851747737
0.0020149838792104155
0.001696381958331851
0.0014395293941161455
0.0012293159401393372
0.0010549428605501482
0.000908526640121409
0.0007842023084835011
0.0006775321046711284
0.0005851062078928748
0.000504267403310672
0.00043291755818797366
0.0003693792149109877
0.00031229500260882665
0.00026055342694394955
0.00021323332730893723
0.00016956171725763196
0.0001288813247648838
0.00009062521605611729
0.000054296629967738866
0.00001945264189106942
-0.00001430937738529342
-0.000047363289171249073
-0.00008006433902560461
-0.00011275844535185497
-0.00014579107747080276
-0.0001795161588471113
-0.00021430540942430756
-0.00025055860754949624
-0.00028871530927911246
-0.0003292686893414128
-0.0003727823656285603
-0.00041991132837993086
-0.0004714285113847017
-0.0005282591117479067
-0.0005915256667313167
-0.0006626081407001873
-0.0007432253092621719
-0.0008355467086265816
-0.0009423492635460383
-0.001067240395003218
-0.0012149821487783992
-0.0013919724631082464
-0.0016069773505426243
-0.0018722758067423546
-0.0022055069748720944
-0.0026327594718200727
-0.0031939594770966774
-0.003952745071178539
-0.0050156707586659
-0.006572380418604166
-0.008987700865499755
-0.013039448740451728
-0.02064064847902382
-0.03762027486425403
-0.08957358449230633
-0.43529462481464365
-9.055497366599665
-0.2100322134473665
-0.060835706957675845
-0.028279338282235323
-0.016183511512489382
-0.010413578134407457
-0.0072241690667199515
-0.005280149409297425
-0.004009587978201681
-0.0031344881926581173
-0.0025065958099233995
-0.002041016263819834
-0.001686313871706737
-0.0014098604268192377
-0.0011901535685640322
-0.0010125589686574522
-0.0008668376398308289
-0.0007456518522927884
-0.0006436309159575672
-0.0005567693888614314
-0.0004820290771270429
-0.0004170696144041179
-0.0003600621997948912
-0.00030955837661549295
-0.00026439592462957864
-0.000223630295632052
-0.00018648383267209852
-0.0001523076370311106
-0.00012055243048570148
-0.00009074593731068608
-0.00006247503009619263
-0.00003537126937186041
-9.098950628727886e-6
0.000016655172446547553
0.000042190985242703354
0.00006780349196535521
0.00009379113083449439
0.00012046430959512935
0.00014815465082088807
0.00017722552033545754
0.00020808437581665924
0.0002411979113956102
0.00027711092579173517
0.0003164706059968893
0.0003600582480344082
0.00040883145211952304
0.0004639813261389392
0.0005270113099884635
0.0005998477115220925
0.0006849976813258716
0.0007857796898793115
0.0009066672778528788
0.001053814908785758
0.001235885225591176
0.0014653932489540082
0.0017609729864852776
0.002151368489631809
0.0026828319417193302
0.0034337113868534693
0.0045454911642034595
0.006295515406817593
0.009290286323638944
0.015076908891641786
0.028650186236341496
0.0744980383111913
0.5031063497899767
1.33387207453786
0.10088610986077275
0.03363486577882977
0.016523369592586597
0.009740959090527529
0.006385590126648516
0.004486436596884401
0.0033092344684472583
0.0025300010926696125
0.001987854084107953
0.0015955869797970972
0.0013026156142615067
0.001077968682407217
0.0009018261284886033
0.000761027390145439
0.000646555830930694
0.0005520647576473837
0.00047298002584424494
0.00040593502201252674
0.00034840447396718426
0.000298460939929804
0.0002546089367677157
0.00021566966438152805
0.00018069925742685879
0.00014892964933186577
0.00011972504463108034
0.00009254922602607398
0.00006694040513724488
0.00004249137776511379
0.00001883339299871121
-4.37760596928406e-6
-0.000027473077571355622
-0.00005078359413564662
-0.00007465032311624697
-0.00009943755473057508
-0.0001255468882963804
-0.00015343421394521884
-0.00018363096648251162
-0.00021677138495328002
-0.00025362893983628095
-0.0002951657516628821
-0.0003426011951525944
-0.00039750952373479836
-0.0004619615497810267
-0.0005387350568708912
-0.0006316356441994249
-0.000745999540510162
-0.0008895076443379027
-0.0010735519836353822
-0.0013156297987586955
-0.0016437546333208021
-0.0021050912232116314
-0.002784162153133566
-0.0038450067548493087
-0.005641493890307974
-0.00905857098685487
-0.016863635139710276
-0.04181056604156441
-0.23270813995894488
-1.689304476702282
-0.07658983147052865
-0.023780597866640454
-0.011357257777261879
-0.006593948380335675
-0.004280471614607899
-0.0029861395577454675
-0.0021900943780229555
-0.0016660247977508373
-0.0013027797671542106
-0.0010406040583503912
-0.0008450555721293447
-0.0006951503443541348
-0.0005775107829943983
-0.0004832791240775256
-0.0004063977168899855
-0.0003426054533118332
-0.0002888291296775919
-0.00024280071724053386
-0.00020280995841896377
-0.00016753952056761275
-0.00013595249690541593
-0.00010721353431896314
-0.00008063179368500054
-0.0000556188245075029
-0.000031655850203870835
-8.267072354659623e-6
0.00001500349724591562
0.000038613689082648626
0.00006304559945649466
0.00008883071914444762
0.00011658012240471103
0.0001470231371738287
0.00018105992986186808
0.00021983485035846875
0.0002648427098633856
0.0003180873250473262
0.00038232644467794263
0.00046145946044095907
0.0005611676198074746
0.0006900085564947143
0.0008613844994081425
0.0010972747847431566
0.0014358121562713635
0.0019479954119539153
0.0027787136170920102
0.004262875622283804
0.007327710734622518
0.015402583028474073
0.050865966089061805
1.5226496108556955
0.12271397177292692
0.023466174156958997
0.009543024075569817
0.005109981445337122
0.0031575259002735046
0.0021294144299638072
0.0015225757226222506
0.0011346606443640066
0.0008715564737553447
0.0006846790859318023
0.0005468871508956057
0.000442045824683496
0.00036006501208084475
0.00029436105248750635
0.00024047626311213383
0.00019528884799938323
0.0001565416967720051
0.0001225477021618746
0.00009199923574258531
0.00006383953410519113
0.00003717051093364686
0.000011179767475476989
-0.00001491665190339449
-0.000041937124694105954
-0.00007079655506336554
-0.00010259155921550769
-0.00013871293417376098
-0.00018101683842899143
-0.00023209340657204467
-0.00029571201615442085
-0.0003775944717948623
-0.00048683713741358
-0.0006386832592145326
-0.0008603537668646239
-0.0012045085097778874
-0.00178432539542967
-0.002881413467139219
-0.005369435372085281
-0.013213830412733432
-0.0705427125177917
-0.6944627269387743
-0.026340544110958482
-0.007999612082114966
-0.00377844185439484
-0.002173713905502082
-0.001397347799355829
-0.0009634826629055068
-0.0006962770890982681
-0.0005195901141204248
-0.00039608294411617377
-0.00030566339660102575
-0.00023669590281384718
-0.00018200872049086692
-0.00013691517671903598
-0.00009815891383412804
-0.00006330474501058526
-0.000030350640841508053
2.557726974081246e-6
0.000037394375046484254
0.00007656383265720274
0.0001233749519501764
0.00018285841983614324
0.00026335832542125965
0.0003799555442554905
0.0005626614755781965
0.0008789720168571278
0.0015088484579757967
0.003077769345553273
0.009149667759666115
0.11477646723874854
0.04741898525500786
0.006743220286975366
0.0025251169503784547
0.0012908452287218066
0.0007680097227068982
0.0004977081129299865
0.00033851510058664677
0.0002349500521576181
0.0001612680172383408
0.0001036120102922512
0.00005302011758705945
1.8051056964588771e-6
-0.00005970201069226589
-0.00014910761502207417
-0.0003097191476137246
-0.0006868048043339931
-0.0020781080633992385
-0.02269420759222822
-0.013652983598221431
-0.0017424804952569546
-0.0006284778339420803
-0.0003128668819466984
-0.00018245011433747096
-0.00011688590434717855
-0.0000796982471496468
-0.000056807069303155764
-0.0000418596972498155
-0.00003165681403134665
-0.000024442358132281386
-0.000019197417559952333
-0.000015295403298967195
-0.00001233497045473237
-0.000010054892174914176
-8.269508861360865e-6
-6.858018323584266e-6
-5.728524793260014e-6
-4.816157116802171e-6
-4.0725212372975375e-6
-3.462149616214143e-6
-2.958553487806055e-6
-2.5388628784295314e-6
-2.1869958144231936e-6
-1.8912232660362633e-6
-1.6413582864403129e-6
-1.4301447344306999e-6
-1.249298038332171e-6
-1.094950699811422e-6
-9.607213729271828e-7
-8.478147497706072e-7
-7.474362837228759e-7
-6.621751698857426e-7
-5.86846980053071e-7
-5.224185806096794e-7
-4.650037976014142e-7
-4.154253568665936e-7
-3.707908282686237e-7
-3.304815616907968e-7
-2.9905740427608603e-7
-2.670642713404099e-7
-2.3881290075992036e-7
-2.1648540864010584e-7
-1.9551864939234028e-7
-1.7736058273014604e-7
-1.6053932479421802e-7
-1.4530686465200814e-7
-1.3150625478040587e-7
-1.1974266190740406e-7
-1.0877050911303318e-7
-9.709320374394225e-8
-9.030157167226489e-8
-8.446482929766293e-8
-7.393020141979562e-8
-6.876401938586857e-8
-6.319890184274373e-8
-5.546383875048409e-8
-5.185699630574603e-8
-4.7781048247155285e-8
-4.5740767877287794e-8
-4.387804908201019e-8
-3.766161573952406e-8
-3.431227359694888e-8
-3.346972456315256e-8
-3.0209184491672035e-8
-2.8674450653931743e-8
-2.543310937102824e-8
-2.2268063168059845e-8
-1.8552077257619818e-8
-2.1582374727308554e-8
-1.9495596517686845e-8
-1.69951207622978e-8
-1.6924299055088203e-8
-1.5679763879619862e-8
-1.4045425714064738e-8
-1.464025407715564e-8
-8.017067060198256e-9
-1.0650574837043848e-8
-8.669358338910414e-9
-1.1127121843943239e-8
-8.022962550109632e-9
-1.339162175013159e-8
-9.386860105185877e-9
-7.870293220451041e-9
-9.154849239932268e-9
-5.84475960113083e-9
-4.1195463906224705e-10
-2.2283756415043104e-9
-6.295399145749979e-9
-1.2473436191414223e-8
-7.036828741887683e-9
-4.3572048004476285e-9
-5.7130981332516244e-9
-1.0270350626585474e-8
-3.779343275685903e-9
-1.980279523169281e-9
-2.4250477617105925e-9
-7.531363129617137e-9
-7.163032747131047e-9
-4.796314610662776e-9
-9.288898770148402e-9
-9.856227985294023e-9
-6.436133636606359e-9
3.6518104263214526e-9
-5.357958659041372e-9
-2.336045858944683e-9
-1.0201063549512249e-8
-6.21719292454738e-9
-5.146232609599617e-9
7.104407711076152e-9
-2.2721586065440542e-9
-1.5535504218311296e-8
2.194528751022442e-9
-4.675449428953437e-9
-5.568529313916608e-9
-2.328562749477483e-9
2.6966391553518776e-9
-1.1144913229087532e-8
-3.270300392002509e-9
-2.1568866302880804e-8
-9.02124436855001e-9
-1.3511456827248713e-8
3.812898893009855e-9
-1.153247651740317e-8
-3.94888433115614e-9
-1.0317419275347156e-8
1.7665895347923494e-9
1.228762601331236e-9
-9.780239712500925e-9
-1.970370692086573e-9
-7.578409309709932e-10
-4.168155313780137e-9
-1.9586550401408115e-9
5.6751105915162926e-9
-7.780944215751712e-9
-5.114025063579893e-9
4.9065073995606015e-9
-1.776379876242902e-8
-1.6492425118703346e-8
3.8193498099888205e-9
-4.230585899705629e-9
-1.5094918370523625e-8
-6.523295330669207e-9
-5.501663080939298e-9
-9.271410795353286e-9
-1.5207284714321555e-8
1.591259708307314e-9
-1.9410401327648764e-8
-3.9920233200565774e-9
-4.7628122712346535e-9
-3.54111397357284e-8
-1.3458604116442726e-9
-2.249480061833593e-8
-1.4376934357953563e-8
-1.1618280604351005e-8
-3.345055816947785e-8
8.003987171063372e-9
-1.9689383294674393e-8
1.1649683683684705e-9
1.9629397490920226e-8
3.095213699897774e-9
-2.2017105102388888e-8
6.703009970150501e-9
4.26240116884164e-9
-2.271073881611209e-8
-2.7224096063458918e-8
-2.124458290454016e-9
8.687032888606418e-9
-2.912404304034976e-8
-6.088875022457057e-8
7.668877848485532e-9
-1.7038621875744743e-8
-3.5025874945980846e-8
1.8309857730742335e-8
-3.9747297921003074e-8
-2.6975019405006952e-8
5.4019253478537785e-9
-2.6925971702980026e-9
1.6516144464185652e-8
-2.7874942051563956e-8
1.5058245186413796e-9
-8.541927104116065e-9
-1.0169658721502737e-8
-1.3354552182136564e-9
-1.3202313259281174e-8
-2.8282138402008562e-8
1.5058432819211403e-8
-1.8378436599737573e-8
-4.2712984616855603e-8
5.631281739227201e-8
2.8785096748191104e-8
1.2553881131935585e-8
1.8347739986489238e-9
-1.1171987896854586e-8
2.513098575562541e-9
6.146772460665512e-8
9.2839676433095e-9
2.8434602433583922e-8
-1.9891068928373006e-8
-6.783114680516594e-9
1.4430028558931763e-8
-3.7970127242594975e-9
-8.762596982503187e-9
2.156859420379568e-8
-4.425990606731643e-8
2.442163515281552e-8
1.2917527799802094e-8
-4.002711179283468e-8
-1.6241332408899302e-8
-5.860285933383186e-8
-3.312325579425297e-8
2.744227093358379e-8
-1.3061426393565478e-7
-1.5697006136714804e-8
-8.17687560692693e-9
-7.523313021227524e-8
2.721539180536782e-8
7.486372408259595e-8
3.0686745221637814e-8
-4.643974120913758e-9
-5.175322125417125e-8
-1.6376086043252827e-7
-4.967632597439598e-8
-1.2128408449772207e-7
-2.6675710199728513e-8
-1.2255812870487283e-9
-5.380512232343799e-8
-3.2257824692054786e-9
-7.469431016350835e-8
-1.2153453622446126e-7
-6.741873286072081e-8
3.2883486289952156e-8
2.6643009683886165e-8
2.459157017549758e-8
-2.4893294072051777e-8
-5.5121022637255836e-8
-9.162247151774056e-8
-8.746958125991797e-9
7.912421882254207e-9
-9.119667970061154e-8
-7.152028978896434e-8
2.404752977583114e-8
-1.6610273555940227e-7
-1.5535422448234365e-7
-1.70986646505058e-7
9.73005709845737e-8
-2.3972059312891936e-8
2.178298769174421e-7
5.4010380168359194e-8
-1.393891366434796e-7
3.310844401549114e-8
-1.6377837492955043e-7
-9.503539986934006e-8
2.0750140512538296e-7
-4.3411962790430996e-8
-2.3834521741963188e-7
1.2757208056240015e-8
-6.545966479191627e-8
-1.7233634813213948e-7
3.356983070595221e-7
1.1047719814172728e-7
1.2689512420713637e-7
6.540004955832827e-8
7.763733161879791e-8
-2.4335775176824704e-8
5.975215232039398e-8
1.2469281698183812e-7
2.0477023009650356e-7
1.233810878350397e-7
2.441817315784555e-7
1.958981471816654e-7
-1.0285094229459224e-7
6.458182829720558e-8
-2.30876537424429e-7
-1.8864510241843555e-7
-2.040356053812552e-7
-6.18004771933638e-8
1.7724834004904103e-7
6.539528842957428e-8
-2.9955391925609965e-7
-3.813445428987715e-7
-2.3388161501379937e-7
-1.7390198689920075e-7
-1.5105116617445653e-7
3.1388157465668214e-7
-9.744420647510389e-8
-2.625987178654276e-7
-1.4560887228513207e-7
3.303995684182557e-7
2.7032143624460667e-7
-2.4138986160324876e-7
-8.631372961276028e-8
-2.833409395768694e-7
-1.0070903185965065e-7
6.902105587172459e-8
4.610137402604546e-7
-2.7295750845026534e-7
-4.34887915707557e-7
-2.3612424963886045e-7
-8.425635042753821e-8
-2.082289888453265e-7
-1.7294201274520903e-7
-2.0023146054458815e-7
-1.0362210784172741e-7
1.0834190959618661e-8
-1.4156921240957353e-7
2.2128292053553193e-7
-2.830343575821872e-7
2.9938941260273305e-8
2.5549276583869866e-7
-5.627310700496758e-8
-2.729325981323811e-7
-2.6231198582674505e-7
4.096184358150312e-7
-1.020394714020314e-7
-5.634111388104848e-7
5.757794122570504e-7
2.0173669494959482e-7
-1.2880350702914207e-7
1.7432348652818953e-7
-3.50355662493993e-7
-4.498241672444103e-7
3.4190780183451776e-7
7.457830986782269e-8
-3.6161625839340504e-7
3.9390144035955843e-7
1.2421027265063803e-6
2.3896834696790054e-7
9.384527695871864e-7
3.7070410852988214e-7
-1.1546214223007718e-6
-5.902020705841676e-7
2.3703601823070704e-7
-3.85424864151423e-7
-1.2679109473407116e-7
-4.1922877378941345e-7
8.773977829556598e-8
5.544579663155164e-7
1.2197390942445002e-6
-4.960221540673135e-7
-2.1272942066090951e-7
1.996080509194438e-8
-8.172968977512633e-7
-6.049870000000043e-8
-1.0115653428396551e-6
-5.839891687250376e-7
-8.410198637151082e-7
6.791848330068543e-7
7.370023019908364e-7
-3.04903656865546e-7
4.0862727040899696e-8
2.4849012240369785e-7
4.818743310661828e-7
1.9540390822493246e-7
-2.694006948307407e-7
1.2259841292217866e-6
1.0254256646567414e-6
-4.6183951607147693e-7
-4.343291662075766e-7
1.0266020366394523e-6
-2.42102062515882e-7
1.8286825925286967e-6
5.659824061098992e-8
-5.172218046700093e-7
2.142791090035062e-7
-2.614168196720001e-7
4.6892588996033866e-7
-3.036144383043048e-7
7.895250504485828e-7
-5.785813995178572e-7
-5.461022139601299e-7
-1.5428566931106562e-7
-2.1406948551925398e-7
-1.5935376482455024e-6
1.5859128302409943e-6
2.5006283177479614e-6
-1.2526700505643066e-6
-4.4773446444708204e-7
4.77987330274186e-7
9.723595574125852e-8
-1.27649452213445e-6
1.9204932035166873e-7
-6.566121999453722e-7
4.1061677292546645e-7
1.4495073852299454e-6
-1.9456245444106616e-6
-1.0462630592378191e-7
6.067264076106462e-7
1.5390268476048826e-6
-7.463663654709736e-7
-1.5652191426036427e-6
1.935424061720239e-6
-3.1561493543199043e-6
-2.224684245295624e-6
1.1593953630259142e-6
-4.609505503097522e-7
8.771842562229796e-7
1.866530256313646e-6