0.08333358511548655
0.08336598930392329
0.0834739033465276
0.08354829907711836
0.08437147586494707
0.08408756456798556
0.08402714455789081
0.08461514473696585
0.0848720475768299
0.08514838107718962
0.08634897003901963
0.08767477276335733
0.08855006468028144
0.08905297741230271
0.09038751510949379
0.09049951133187571
0.09052237299917461
0.09159407482127903
0.09334586757735404
0.09392229327272687
0.0966192235600262
0.09999032084475784
0.10197591445713555
0.10309552334862566
0.10667384042571508
0.10754096276956955
0.10777503818993707
0.11002294325506701
0.11543141481196664
0.11698859035127392
0.12276088463526934
0.13136648517530616
0.13942048265664725
0.14076228635973712
0.15619179378202436
0.1686497586411131
0.17917121695283947
0.19491414492910816
0.38213840557354445
0.36713581665388795
0.30510083016708395
0.12367464436951021
-0.30094574610310154
-0.028153979980826416
0.05252794670020701
0.06956955390024132
0.061521985506580355
0.05943705936401034
0.09223561391568526
0.0906760020376753
0.10619545088735867
0.12909286713387388
0.14346845681146583
0.14165918489266902
0.16110329487004202
0.16200412064486677
0.1547828196685827
0.1590682538445021
0.18294329471221804
0.17852578418820186
0.20437131918266535
0.242623703940508
0.2661369072480428
0.2662825120055186
0.308889952008161
0.31199409035566206
0.2937173574549712
0.3034695358873542
0.37468325077557907
0.34040566828493474
0.4300131451413543
0.5558673184795963
0.639694542622035
0.787542107912023
0.8835659198165259
0.9547926089744132
1.0301910413680688
1.1224586912087113
1.4213798240734106
1.7013364958534563
2.112589872439414
0.19380311823128568
-0.7580328018555754
-2.276183392938267
-1.9143831344861457
-1.6848278377006303
-2.1500832375272023
-2.1957742599715995
-1.2142722686977099
-1.289867260152673
-1.0512378526376447
-0.7941087316313937
-0.6772635900817708
-0.7519116400699659
-0.6476868946522882
-0.6424829349418525
-0.6828857903580507
-0.6863773836261033
-0.5961697915769726
-0.6136787563716443
-0.5769487809040766
-0.5219134948392208
-0.49421276222161054
-0.520272502227778
-0.4901484569503035
-0.49618251130531726
-0.5192786577532968
-0.5271033564700086
-0.49874153055242837
-0.514694361895196
-0.5037277558384361
-0.48246130109974283
-0.47560094697572547
-0.4978823547896855
-0.4874605293011807
-0.5015645119022062
-0.527311519665692
-0.5419340855394273
-0.5335824785522378
-0.5576432045757478
-0.5604368861455766
-0.5544821632174814
-0.5608163695603285
-0.5952132902317581
-0.5971291307291475
-0.6255985893581631
-0.6690893882201536
-0.7043234633428126
-0.7109984509299717
-0.7647834517842194
-0.7934009141662195
-0.8095479967718399
-0.8406444445179022
-0.9328577839028824
-0.9514207222911621
-1.031614695840054
-1.1540328977858159
-1.2698779386387937
-1.485121929241555
-1.5495861503135557
-1.6308081498129798
-1.72846476023964
-1.816656731190344
-2.691772715283912
-3.097449607215916
-3.8569414543507228
-5.798031838762176
-17.990930451296798
-18.599885639660585
19.300370138967814
8.44963112451964
6.15585383630809
5.174562452360423
3.3702162667783355
3.015880991067895
2.61360070607284
2.186496246587927
1.8724069325249193
1.8224231373422703
1.616921844646922
1.5061037822999317
1.4515546224663372
1.400058414844049
1.2909097887589682
1.2565632982860215
1.1968123753100817
1.128067917545095
1.0869282165819971
1.0686264020442955
1.0343415130908913
1.0341101660597383
1.0387107561107543
1.0219503543928476
1.0167098045526746
1.010682337502098
0.9787938789149199
0.9527843211453851
0.9713121199856144
0.9501174529743874
0.9650214605340122
1.0192127135503077
1.0565832973404172
1.0532443307415205
1.113660682817739
1.124245613653688
1.0922856397062568
1.077982654081166
1.1763364314475473
1.079716205468651
1.2048824518973265
1.3911322855123496
1.4740382190298336
1.5318221596051547
1.634527628975931
1.6910717224301475
1.759217106947463
1.8327671142532842
1.835357681908362
2.324280581598963
2.6462979683574575
3.533491997575688
7.532895962286197
3.855136096378705
11.408512427604922
7.004159924467832
9.291813745770623
48.89322154173311
-5.203717759340602
-8.652428884020706
-5.395498807577012
-3.1876582263934177
-2.421866993712663
-2.353361156248302
-1.946337988900137
-1.811964794353632
-1.8548623974753569
-1.8082288849035186
-1.5358336354137083
-1.5003586955834243
-1.3740578443594667
-1.1949648439796643
-1.0838292639272071
-1.0794721462996772
-0.9977246548371427
-0.9702231980950666
-0.984914214207894
-0.9789191177177777
-0.9190847052071645
-0.9124786526210258
-0.8811209112896118
-0.8270137008311834
-0.7914939951542571
-0.7979164638310174
-0.7680194372761854
-0.7660842511694198
-0.7828052464254072
-0.7886958250997969
-0.7699067729733454
-0.7811138057605616
-0.7736764177520689
-0.7532820833121013
-0.7455593315115119
-0.7669659113762174
-0.748093147693119
-0.7726399347921747
-0.8045206649493719
-0.8225028076860608
-0.8272242696464015
-0.8793929341374954
-0.8876007779981366
-0.8988802386971211
-0.9119190100439771
-0.9251350041256065
-0.9804946032501038
-1.0306706539710344
-1.12514132329961
-1.2175186765140042
-1.191503064959092
-1.3962952254523224
-1.45223290316022
-1.5181708922615216
-1.6713095335217847
-2.020266844227038
-2.1261914727647633
-2.6658097758590285
-3.807809614767972
-5.129989821215365
-5.200372278719073
-32.01666826168393
3.6906730827293415
19.843980464516676
7.077625558018192
3.5678956374191464
3.5589069201379413
2.4645547677561885
1.9163087726163544
1.6815252832613738
1.627414595244588
1.2981109697025481
1.2446334071403906
1.180147315395057
1.0629414161759563
0.9326810372728505
0.9279895891167507
0.8358455317902012
0.7691373523947567
0.7354739889905735
0.7263007559977491
0.6611145939438008
0.6508241057426598
0.6354248192537683
0.6065458112732036
0.5731955972528184
0.5717698951217582
0.5461445405364487
0.5265665666813928
0.5161475858871077
0.5136787458553685
0.4939926559165701
0.49086494477366893
0.48742600785971113
0.4805568416208542
0.4717854549992871
0.4723389070978027
0.4676122653112302
0.46294948087906895
0.4598796445124965
0.46162046515280925
0.46230080096990084
0.4599613159326197
0.46867707113060614
0.4756531356845131
0.4804100337718215
0.4897102254520813
0.4932086229310668
0.4974337466834504
0.5021473079192569
0.5058386390328852
0.5362121401758349
0.54628016325254
0.568433269777853
0.6168823372170998
0.6627864963785073
0.6577732853650805
0.7250574217016135
0.7441576672272221
0.7471994632288724
0.7806525301845789
0.8862865338593867
0.9314568120210203
1.0727107698795224
1.401321605488308
1.7391419702946014
1.7718120053139947
2.8557803461030256
2.917703122330609
3.0245147619444723
3.7738104855173336
1.931774901905601
-41.82685576505819
-3.467636874356967
-1.9454740208654886
-1.5003961687730942
-1.3766794461724112
-1.1141121123566238
-1.0644156960986668
-1.0974771483578354
-0.9748100247488148
-0.8150926281044851
-0.793569300184576
-0.6686893791172196
-0.5721296415663818
-0.5315917558214137
-0.5151633839909889
-0.47746854833073443
-0.47184384587130035
-0.4783390129312819
-0.455506017210649
-0.42560380272491766
-0.4206084804552774
-0.3895964713379293
-0.3651131966652836
-0.3542960850305211
-0.34858614348002087
-0.3384362097068788
-0.33696540808532277
-0.3389116021238326
-0.331636711793678
-0.3240703972559692
-0.32303337256534226
-0.3151848891706137
-0.3112660820691345
-0.309930028892769
-0.31049439474991164
-0.3104493607680508
-0.3108382181003213
-0.31159370013901905
-0.31266864462648497
-0.3148552926819342
-0.317253863203798
-0.3227804256147406
-0.3410230325765326
-0.33936598712517385
-0.348451680814611
-0.3641754106213611
-0.3622600631085791
-0.36264789188143665
-0.37265171170624595
-0.3946728061894252
-0.40630507442978986
-0.44280627555840996
-0.5157397958995589
-0.5453654317951545
-0.5672290825257853
-0.6654632763439075
-0.6537439974949515
-0.647425229232256
-0.7048156426902755
-0.8462268779151507
-0.9464883997866321
-1.2751641730497336
-2.8203041435653393
-2.2393516924198305
-0.5443417850360747
3.7846064893324867
2.485573727088554
3.6627656641678605
1.87847949771392
1.2665244585930926
1.189571700073586
0.8111679264705436
0.6166071839982398
0.5482601634062967
0.5122501641048517
0.456904485201897
0.4481411828583551
0.4540166030544565
0.4146147828272049
0.3773396602906324
0.36636134306599877
0.3275729922765833
0.2999115216396547
0.2871170778305189
0.27684638452497756
0.26561392833423175
0.26286456978848594
0.26242183956579834
0.2524561861484441
0.24552788877624193
0.2432076900659987
0.23221870284996263
0.22733415389303832
0.22506265224147703
0.22315095197001023
0.2223299849367673
0.2217745029046448
0.2215136887806197
0.22158842068384554
0.22155343905368802
0.22261033237198533
0.22537690585279066
0.23126359195406784
0.234221843181477
0.23902179617202557
0.24652809907112072
0.24906921701217596
0.2523423017648325
0.2611324177668312
0.2725635816075177
0.2840133475599255
0.30597873402049564
0.3396889052780876
0.36618801102263426
0.38494643271571105
0.4371086910158149
0.4664611520070657
0.4927218511591435
0.5552111364056773
0.6945731359030117
0.7775158489340304
1.1457493374335364
2.3288301035973205
6.596584820339302
-1.843414342168594
-2.1169450313155154
-1.3833534992368517
-1.15900777542792
-0.881220430352441
-0.6579226040978589
-0.5685215500174494
-0.46040687670322167
-0.3815063755828636
-0.34162381024752675
-0.3172869385262106
-0.28611326688497046
-0.26933409634360617
-0.257368711567002
-0.24209947810406696
-0.22354286871041804
-0.21558592651697014
-0.20369590647096886
-0.19252570082546136
-0.18481051707794113
-0.1762356599534595
-0.17392869802853791
-0.17187678419875868
-0.17020185540306443
-0.1690652547212553
-0.1632130848083705
-0.16135949562907353
-0.1601749050977148
-0.1603425057932017
-0.16208741736672932
-0.16048926075961334
-0.16437540894126787
-0.16806852646173256
-0.16975689089976428
-0.17057498707493562
-0.18224089473014105
-0.18391059560818973
-0.1873486077961164
-0.19974343106307277
-0.22449293422061423
-0.21763634620845734
-0.24797380011624678
-0.28396000175184594
-0.3119715097684761
-0.3145809261521998
-0.44593234024046635
-0.46179956272925576
-0.5127632591586783
-0.6587870593446938
-1.1270232068106187
-1.336685480165427
1.7493318532439586
0.8709345320613168
0.5949176529866935
0.5495050412632261
0.3331755591666303
0.3172678932188784
0.3361793308014104
0.2682132859871549
0.20973661565464635
0.2668598780318548
0.17399257319735564
0.16046952257576916
0.15300301828625887
0.14770564130072222
0.140494031207089
0.13746898729024984
0.13457534155946493
0.1316157247516705
0.12603883037290609
0.12353921158349632
0.11694999558151575
0.10915402957679544
0.11234621909911274
0.12048247718234276
0.11013110908368358
0.1189331791232686
0.12451966570985602
0.12509299048348863
0.12023257907059992
0.14038199257720013
0.13708636050775577
0.14078643338567393
0.1633819596487895
0.19653353196957213
0.1841805633451945
0.259841175853577
0.3325152924641717
0.35841249940275954
0.3975661478269147
0.1967752079216452
0.3502979745177486
-2.4984101344206686
-0.42096274487286256
-0.2705183358974835
-0.15880053808594866
-0.16585714945993754
-0.14895596584249496
-0.13683813159124464
-0.12800455897532206
-0.1153043151898221
-0.11075378688275013
-0.10586653002030524
-0.09633394220410697
-0.048531546880998845
-0.08884286986506405
-0.07553573840924037
-0.06916938666098682
-0.07763152113783094
-0.08734084218128746
-0.07108270572336707
-0.08424293435244457
-0.09301745870551946
-0.09112837372338826
-0.0807429458705313
-0.12435492752647917
-0.10816540508007896
-0.11487764265485469
-0.18732058488083292
-0.595152347106399
-0.034142257930885656
0.26025113337185696
0.1901020332122386
0.14301640741354818
0.11915712180614417
0.09400906049581396
0.08650909755036028
0.0784045803965059
0.06311644909082038
0.019784617699001708
0.05527526134484447
0.0408586631613927
0.03425722496609773
0.04282768860614164
0.05813462404898356
0.030868365064334106
0.07028218591369921
0.15856049373664158
0.05270403784855127
-0.0666309679659577
-0.049077467142790494
-0.0438740555183578
-0.03626714669187106
-0.02181765311181706
0.0014538402357404498
-0.013706656721165647
-0.005553640177264325
-0.0011423357621636802
-0.0028028036283909174
-0.007683375889027209
-0.0004079152017623762
-0.0033728416240438497
-0.005291385185528742
-0.0031303126986746235
0.0032581923574626333
-0.004828749297280035
-0.0003210835018643975
0.0018728068778105047
-0.00006751759812382053
-0.002605918023956285
0.0013690423937295527
-0.0010692596543714287
-0.002888970540077809
-0.0009112595927781609
0.001179529535165056
-0.0016005237150701194
0.00036864157793195133
0.001743547535176328
0.0000902360772409758
-0.0031008150221780544
0.001125936088423264
-0.0009129207780709351
-0.0018852565309925295
-0.0006548094317209291
0.002437456673154907
-0.001444208233709515
0.0002895186885960184
0.0008358555000589197
0.00007374739105336283
-0.0024910217149436355
0.001844929734206481
-0.000719332787528487
-0.0015517267550397545
-0.0006413116499585862
0.0008898209994384354
-0.0018484805206105887
0.0004420908688398752
0.0017104576030172
0.00009634386829488065
-0.0010279823487238376
0.0016772361848013796
-0.00046464614674462343
-0.000846944620047123
-0.00013416464268274942
0.0008598621577651048
-0.0012171462413498456
0.0004643525470869775
0.0016287493253483905
0.0003176258001479165
-0.0013703588611946552
0.0004075334346456946
-0.0003896812538001787
-0.0010755252735952041
0.00003212394419102774
0.0006618942233090555
-0.0004007132420881432
0.00040966595847821653
0.0007147337176991978
0.0001167372526992867
-0.0009263137416112004
0.0004368800243117028
-0.0004636845205917873
-0.0005554580410602042
0.00002050289592472923
0.0005262675408035507
-0.0007633106808469517
0.0004489144784988715
0.0005695636680455148
-0.00006394737202159184
-0.0008522986211019698
0.0010971972796290652
-0.0003527365200299462
-0.0004966621135957991
-0.0001323029493266931
0.0008001046430638494
-0.0004930367577515437
0.0004126050699479445
0.00037527141331784977
-0.0001169034954679736
-0.0005938536315963051
0.0004001896292341335
-0.00040955210342354597
-0.0011800007954797455
0.00009832870328387889
0.0008321361230881754
-0.0001760496858232536
0.00038787163812634086
0.0006206056546328049
-0.00015828404336427402
-0.000575088999265842
0.0003692455021802757
-0.00039433535771507755
-0.00032553037060248976
0.00016464945001630458
0.0006321637842163218
-0.0008106903469646026
0.0004593145096543188
0.0004071325382028162
-0.0001465647113745355
-0.0006255967118015956
0.0004503031265278487
-0.0004354824334003382
-0.00031138110768231836
0.00012117553553916529
0.0006330097063700573
-0.000012195119418498865
0.000399973968862235
0.00040259403049885587
-0.00024136071200369326
-0.0004309446674449237
0.0002745529075632488
-0.0004562781222755898
-0.0004027150629757424
0.00018345403507959789
0.0005387321154925337
1.8861846427523302e-6
0.0003677564412642168
0.00037069549292935124
-0.00014761048925909136
-0.0006542123605615329
0.00008809599986040964
-0.00040368627083621836
-0.00036645699500847636
0.00018670469739698773
0.0008126076710899023
-0.00013002549017609622
0.0003821808061978932
0.00037279333999308756
-0.00020933507740991667
-0.0005611885290195033
0.00011606606930904683
-0.00044394460087667013
-0.0004978367546753612
0.00020925712480202545
0.0008214468089740443
-0.0001387079818646229
0.00040758837798312073
0.0004521589954922002
-0.00023792441378026077
-0.0006660058295121954
0.00009474176285805038
-0.0004812979165535139
-0.0003174723257265987
0.00020638396239959646
0.0006627076970411016
-0.00017949896432970492
0.0003798869859850044
0.000370248092870137
-0.00017059987163391892
-0.0006492682533939053
0.000033004540046550486
-0.0005853464571963374
-0.00042497502831823715
0.00021816534272888464
0.0006371777626634083
-0.00016650183242951667
0.00042963281863426275
0.0004104173255219488
-0.00018873534518476856
-0.0007352871879077517
0.0002117258948609928
-0.00030376077783404645
-0.00032864999976558356
0.00014355220255289096
0.0008113616295750124
-0.0001832718916924677
0.0004510715829966337
0.0003916870005411446
-0.00012756363997250234
-0.00041266552038882485
0.00021425801301925963
-0.00041235580464034057
-0.00041470811526454846
0.00013660521405468306
0.000683743818296481
-0.00021876627122496343
0.00044086564983423447
0.0003816195866661671
-0.00014841288580504021
-0.0006558931476367252
0.00004632917447260326
-0.00041543989457438113
-0.0002796433772703883
0.00017772347500728542
0.0006661665700312461
-0.00019177335884930212
0.00035132167534877813
0.00036990025170260434
-0.0001808466434590783
-0.0005631670081514789
0.0002112497426758971
-0.0003479395038892467
-0.0002828447271565374
0.00014382928068122178
0.0005117150104917995
-3.5048029606153576e-6
0.00040220230677447474
0.00033637611368535306
-0.00015520225070404686
-0.0005892378596976139
0.0001202544494547015
-0.00026918007078591537
-0.0003066150423156877
0.000195955813146501
0.0005730915155871489
-0.00009950283455904551
0.0003319187638738341
0.00030567503405167976
-0.00021024896022989707
-0.00044886453776712043
0.00008612246083597047
-0.00036143765556516036
-0.00035910072857211914
0.00017013145442041857
0.0005824242657365746
-0.0001217113998447477
0.00038873720416405524
0.00015749059259808598
-0.0001947355762560345
-0.00045364237572674646
0.00011055541573095942
-0.00023743764382928777
-0.00037083609831943277
0.00023098216027814784
0.0004693630139137462
-0.00003319137584276348
0.0003601387068573926
0.00031388532789695803
-0.00023148138161024223
-0.00041408394533919374
-0.00008442141150985412
-0.0004340670081892365
-0.00019388957858426615
0.00024309452258870575
0.0005015094216377514
0.000019264031338576435
0.0003465029121992119
0.00020337959471149753
-0.00026146469640856595
-0.0004464689031339238
-6.096928586638754e-6
-0.00037479106219002925
-0.00018350789666629266
0.0002696685370961978
0.00042583699483512353
5.101066339734125e-6
0.00038808310530215274
0.00017849290218798676
-0.00022916080802930415
-0.000460853106944788
7.833572342995513e-7
-0.0003511333778196654
-0.0002675376055257209
0.0002448729752220282
0.00039808100843977324
2.349148930278797e-6
0.00034066771340549517
0.00017100287030631135
-0.0002499183261945281
-0.00042782946859656884
0.000011723631322567057
-0.00036234246699345355
-0.00026643301319330474
0.00026194730958482523
0.00040820224172996355
0.00005436984869995809
0.0003432411757473644
0.00013827882883228035
-0.0002661994170946935
-0.0004138008540810512
-0.0001120512756412851
-0.00038137248781116364
-0.0000994170334223507
0.00028597710026012613
0.00042210488846472233
0.00010004215627794827
0.0003610791957693217
0.00014146454275147576
-0.0002211229473766821
-0.00043463141154637146
-0.00010046945114305952
-0.00032960711002220987
-0.00017400803101736193
0.00028753351151319646
0.00042308667266993655
0.00012853283143342005
0.000333883145626925
0.00018570768201343058
-0.0002610705572049139
-0.0004982315830183806
-0.000056350464027333235
-0.00035227553492199855
-0.0001581012776592409
0.0002559460133539326
0.0004045654625621491
0.00005225966430328695
0.00032672072729015547
0.00017891919932308645
-0.00025696159542459667
-0.0004010515775574367
-0.000045773594515369074
-0.0003791759497838138
-0.00013919852827354515
0.00025216775569819757
0.000373935372669432
0.000054963218650473536
0.00032351342304002054
0.00021156976718317565
-0.00021912307965609105
-0.0003759969130632121
-0.000029201012344075852
-0.0003725565975027016
-0.00012973365779456238
0.0002561164230094771
0.00042238195850192783
0.00009317118246868053
0.00033559529496937136
0.0001414421414083614
-0.00024970688430116727
-0.0003959671694238376
-0.00002860780039561032
-0.00033674836636689
-0.00012311034368815878
0.00026538984096571134
0.00036723552276045194
0.00009781002038432518
0.00029965027310874395
0.00018367856880966056
-0.000258783253725365
-0.00040723401709227976
-0.000036970170042063045
-0.000331526926782052
-0.00013883384373898907
0.0002281127756496666
0.0004157104331026042
0.000059302374820889444
0.00032345322727277603
0.00015267101764816445
-0.00021323105744967648
-0.00043111359349519684
-0.00009259468578654577
-0.00030955029635093843
-0.00015032545651927535
0.000240728894997665
0.00044329903570546926
0.000015723434748317697
0.0003353147612049109
0.0001927641403919144
-0.0002523974673917658
-0.00041117067979714846
-0.0000474624956680388
-0.0003461087213625747
-0.00012341000004728128
0.0002171752012975162
0.0004389030983087955
0.00008988875557735145
0.00032805468202930894
0.0001497428434485713
-0.00024582223704519085
-0.0004346905603379265
5.238895148217978e-6
-0.00033226019229010774
-0.0001553027543201064
0.00022996064664177325
0.0004617388727456255
0.00007244697026760934
0.0003204655590125406
0.00012042943326453427
-0.00022006918270154577
-0.00038016234020980214
-0.00004779700104563768
-0.0003384898014920013
-0.0002164373158053703
0.00020829999779949554
0.000418537856466664
0.00012562777597803946
0.00031882884332233737
0.00023128382392806666
-0.00026006932900180305
-0.0003680169660223424
-0.00003703324014142572
-0.0003313946157782838
-0.00012741954768791545
0.00023115363425650894
0.00024795780972885296
-0.00015721406000527194
0.0003311122397341766