0.08333361948566838
0.08336797190197191
0.08345971565839062
0.08360922712879323
0.0838171238659762
0.08408427329449875
0.08441180514247129
0.08480112802047073
0.08525395071019952
0.08577230890995634
0.08635859841776666
0.08701561602668605
0.08774660979158404
0.0885553408258951
0.08944615945591686
0.09042409945566252
0.09149499531145018
0.09266562914856152
0.09394391631184497
0.0953391419312238
0.09686226560273332
0.09852631832260805
0.10034692622639851
0.10234301143330704
0.10453774461937355
0.10695986236857313
0.10964552454752985
0.11264099050905213
0.11600657081623234
0.11982262776121796
0.12419898465798362
0.12929024298704261
0.13532184476381615
0.1426368312896549
0.15178537777110132
0.16371088066412384
0.1801799808914417
0.20493256791342762
0.2474844501756932
0.34103545050637774
0.7261374086998925
-1.2162525788474134
-265.450010877589
-19985.11637901244
-1.5617070578306251
0.051339211712860634
0.06759721620837235
0.08105282708150739
0.09234894114462458
0.10240005356386718
0.11171944861312325
0.12064368908547747
0.12941219640698884
0.1382079057826888
0.14718093417850722
0.1564629100756573
0.16617691241934535
0.176444598619766
0.18739220784175253
0.19915596228647808
0.21188758680268704
0.22576042444235828
0.24097670075172198
0.25777658711261386
0.2764499189311128
0.29735178089191305
0.320923744339408
0.3477234683748185
0.3784669166702872
0.41409006039693796
0.4558415342402422
0.5054261017852956
0.5652347834955329
0.6387296294817963
0.7311197294384236
0.8506228085110042
1.0110040522004193
1.2372066895240132
1.5795841075067525
2.157289742580265
3.3365298059530555
7.0532024518325755
-50.36879831709767
-6.285024496118292
-3.332205774271467
-2.295737474952944
-1.7685693069696196
-1.4501495510536553
-1.2375571418635494
-1.086007552142418
-0.9728876538774907
-0.8855489113304125
-0.8163652712145891
-0.7604670419991606
-0.7146002987870558
-0.676509515872105
-0.6445833136346462
-0.6176411904453416
-0.594799869823532
-0.5753866379694383
-0.5588814833570843
-0.5448774771022848
-0.5330530415417724
-0.5231521664475878
-0.5149700613312668
-0.5083426043144454
-0.5031384944322193
-0.4992533648934924
-0.496605344874714
-0.49513171154557717
-0.49478637933649994
-0.4955380469419194
-0.4973688749702552
-0.5002736055299133
-0.5042590641022182
-0.5093440069935917
-0.5155592968449072
-0.5229484058762578
-0.5315682632156099
-0.541490480278863
-0.5528030080206642
-0.5656123038874898
-0.5800461164090265
-0.5962570346726837
-0.6144270024272286
-0.6347730681939562
-0.6575547423090956
-0.6830834723552536
-0.7117349501826399
-0.7439652581042479
-0.7803322990912805
-0.8215246175417981
-0.8684007396367031
-0.9220437780370686
-0.9838386639211035
-1.0555837326892306
-1.1396558936010488
-1.2392619887557983
-1.3588337832030173
-1.5046723860977473
-1.6860474459457258
-1.9171754088910355
-2.2210230837021405
-2.6372583092078585
-3.2407940648814186
-4.192091714984317
-5.908012542723046
-9.914108350466977
-29.79526403765712
30.319716886024064
10.21893775108549
6.195568830240057
4.47555078119487
3.5233250900765904
2.920142927452301
2.5049853397403905
2.202731252422124
1.9736248995784238
1.7946612017604957
1.6516091517581095
1.5351974223899243
1.4391311753534712
1.3589904953915957
1.2915848195826398
1.2345574315930206
1.1861339471357881
1.144957215878585
1.1099759693714792
1.0803679550019858
1.0554858199931019
1.034818385496311
1.0179625785373094
1.004602913665603
0.9944964470742078
0.9874617974454052
0.9833712768797855
0.9821454847191419
0.9837499384334205
0.9881934822735093
0.995528348782991
1.005851867274325
1.0193099309940392
1.0361024645652053
1.0564912910914424
1.0808110046534891
1.1094837382143357
1.1430391240265514
1.182141344207809
1.2276260784696555
1.2805515672805363
1.3422702552079777
1.4145311530592362
1.4996292466864356
1.600629059759944
1.7217089722922156
1.8687097108714616
2.050043532499655
2.278274665910174
2.573030079066656
2.966759875271207
3.5172362180581143
4.3382136883636235
5.688873615730297
8.315257986143424
15.60425208987353
131.14054036283116
-20.063634161640774
-9.327840369723356
-6.0710704340814
-4.500017561203471
-3.5767385877165228
-2.970293851147379
-2.54237728424341
-2.2249666451850647
-1.9807141138902333
-1.7874103459110195
-1.6310224592020837
-1.5022506136816856
-1.3946897214437035
-1.3037863174570616
-1.2262163238052162
-1.1594980844971654
-1.101743064318058
-1.0514902977492144
-1.0075935300583494
-0.9691424972108835
-0.9354069041396721
-0.9057958471812799
-0.8798279658403
-0.8571091914475043
-0.8373159705347231
-0.8201825003443046
-0.8054909531171962
-0.7930639643903247
-0.7827588669403066
-0.7744632980214587
-0.7680919124874566
-0.7635840123602592
-0.7609019628488446
-0.7600303124982277
-0.7609755755400304
-0.763766671654194
-0.7684560552530224
-0.7751216069202393
-0.7838694071371454
-0.7948375722866534
-0.8082014117858611
-0.8241802725645179
-0.8430465882214957
-0.8651378667263887
-0.8908726685146378
-0.920772102705562
-0.9554890967459738
-0.9958488325741705
-1.0429055651106975
-1.098024039080264
-1.1629988083219847
-1.2402336894580495
-1.3330198628723018
-1.4459821770905017
-1.585825556071496
-1.7626465429401785
-1.9923811468674784
-2.301731210142772
-2.7390912037956494
-3.402173111142742
-4.5222683101531125
-6.81087696383301
-14.047531813951698
145.03900188432013
11.928072366529376
6.1477068868887965
4.127883447692339
3.1014354927507175
2.481266491883901
2.0667608175536727
1.770712386021843
1.5491122394276882
1.3773509712340724
1.2405919430993035
1.1293595158053744
1.037319342151577
0.9600772290472328
0.8944900253972267
0.8382507916641287
0.7896288181169864
0.7473010147811013
0.7102392894913097
0.6776333710747813
0.6488367203488967
0.6233278636010253
0.6006822609566257
0.5805515174446145
0.5626478055974999
0.5467320493070749
0.5326048643603052
0.5200995487642559
0.509076618638327
0.49941952560671443
0.49103128968165966
0.4838318525856794
0.47775600692968484
0.47275179451043164
0.46877929587461326
0.46580975447624295
0.46382499722177684
0.46281712766624283
0.4627884807424413
0.4637518416898871
0.46573094319675973
0.46876127000443873
0.47289121665233896
0.47818366457458567
0.48471807222037594
0.4925932073442864
0.5019307006875436
0.5128796670451554
0.5256227408771167
0.5403840112260218
0.5574395536010079
0.5771315674982221
0.5998876119165217
0.6262471861909413
0.6568991172658115
0.6927352192472245
0.7349291012587735
0.7850550052530516
0.8452725571818234
0.9186243886429238
1.009536160948726
1.1247000581496782
1.2747350683720602
1.4775575632150264
1.7659434631021338
2.206952519658943
2.962602299399426
4.549916093390735
9.986873951594518
-44.56848328090155
-6.912914054767226
-3.720179152558491
-2.5383004236208917
-1.9236540493584549
-1.5475910313464294
-1.2942463102014665
-1.1123263843075082
-0.9756300915652449
-0.8693782953321295
-0.7846025099000632
-0.7155456617420922
-0.658343548601406
-0.6103066799706975
-0.5695060664615004
-0.5345227742111014
-0.5042903834793607
-0.4779924930918943
-0.45499407387137997
-0.43479431958390913
-0.41699353755150703
-0.40126944243381113
-0.3873598877750061
-0.37505009510427717
-0.36416308116800056
-0.3545524014113515
-0.3460965925819794
-0.33869488724928826
-0.33226388806307405
-0.3267349824975989
-0.3220523373568901
-0.31817135345941167
-0.3150574986151763
-0.3126854529208979
-0.3110385302437173
-0.3101083445314327
-0.30989470691927523
-0.31040575540404014
-0.3116583253672995
-0.3136785833713317
-0.3165029684111778
-0.32017949249447103
-0.32476949530974136
-0.3303499595114221
-0.33701656225963506
-0.3448876957723208
-0.354109786351904
-0.36486439102162277
-0.37737777012460616
-0.3919339680241413
-0.4088929637248159
-0.42871631850660447
-0.45200415725518045
-0.4795497751800341
-0.5124224686700998
-0.5520971907494625
-0.6006651024049785
-0.6611906662783239
-0.7383498940831474
-0.8396469135370814
-0.9779288938694506
-1.1771654775566163
-1.4878004872808317
-2.037220021763081
-3.266714402362762
-8.440593524509927
13.661555299888425
3.7669172890989326
2.174359404954181
1.5251896921297698
1.1734363971824486
0.9532704654296595
0.8028212261627984
0.6937528672883823
0.6112568892537507
0.5468416614422893
0.4952897257077303
0.453219321321846
0.418343084291675
0.38905919027800995
0.36421310682076435
0.34295231995938485
0.32463428756205237
0.30876620318021186
0.2949644424483443
0.28292659633787137
0.2724117754329358
0.2632264684966427
0.2552142399615356
0.24824811851349465
0.2422249086335247
0.23706091227052187
0.2326886976997657
0.22905465972569986
0.22611719739489713
0.22384538622670017
0.2222180540383631
0.22122322114159912
0.22085784039961673
0.22112787047556778
0.22204865381970607
0.22364565387028856
0.2259555989808726
0.22902812194581
0.23292804401839942
0.23773846910299717
0.2435649996009662
0.2505414853619161
0.25883791613610546
0.2686714077531899
0.2803217448271984
0.294153773318523
0.31065041476414973
0.3304626092795855
0.354487246107317
0.38399318533353355
0.42083392510361184
0.46782531790780774
0.5294599798287809
0.6133694534114692
0.7336400515115449
0.9194581099049849
1.2427315415938265
1.9412794354441247
4.546412831591793
-12.090785680985693
-2.590292614497983
-1.4416376790687295
-0.996492339881002
-0.7607008168170666
-0.6150924448859765
-0.5165209469080853
-0.44558216875845813
-0.3922600183325319
-0.3508628175073959
-0.3179180370595542
-0.29118786357331994
-0.2691662329111175
-0.2508032986804069
-0.23534579979406964
-0.22224020970342676
-0.2110716246786716
-0.20152396474382156
-0.1933532826550741
-0.18636947216223299
-0.1804234568601279
-0.17539810167170997
-0.17120168796178334
-0.1677631892617418
-0.1650289078911859
-0.16296010351222492
-0.16153140932660795
-0.16072993390270457
-0.16055493883749344
-0.16101812326806075
-0.16214449812897247
-0.16397400656061623
-0.16656404661420884
-0.16999314093905402
-0.17436626002655925
-0.17982245373099232
-0.18654590336231652
-0.19478209287762624
-0.20486220184599419
-0.2172404933629371
-0.2325539881407173
-0.2517208652754414
-0.2761109523429535
-0.30785793020084373
-0.3504727763741313
-0.4101623700109025
-0.4990225904815847
-0.644179508694651
-0.9216187847527879
-1.6560372295029966
-8.856388363321702
2.531736505660087
1.1035525392636047
0.7025454782790009
0.5144068805866446
0.40561739723037726
0.33501558460479414
0.2857192506541018
0.24952716790555757
0.22197699558233902
0.20043452047135024
0.18324623451562239
0.1693236026133179
0.15792251809325136
0.14851895617489638
0.1407352111831412
0.13429426111741294
0.12899082175949036
0.12467221755997218
0.12122576224755659
0.11857036204967787
0.11665103032173695
0.11543537194495411
0.1149122838481564
0.11509157792453056
0.11600588089238557
0.11771387441461062
0.12030651153581666
0.12391665394488897
0.12873437447782274
0.13503137231718618
0.14320090880475167
0.1538253767340658
0.16779661753037609
0.1865433015924081
0.21249530416239693
0.2501337473255033
0.3087155980001432
0.4109159607165849
0.6308771627884817
1.4306402830900082
-4.376777779731047
-0.8537619409363304
-0.4675716137406923
-0.3205268610215675
-0.24350221238933026
-0.19643005385207404
-0.16492867346508444
-0.14256777240064933
-0.1260448916030142
-0.11349439375632148
-0.1037871091924846
-0.09620454895284365
-0.09027338286005891
-0.08567551782428619
-0.08219727835760564
-0.07969988277999517
-0.07810292491108052
-0.07737662950527868
-0.07754094556475725
-0.07867277927922879
-0.08092243628475693
-0.08454686036265815
-0.08997288006775869
-0.09792250587063978
-0.10968025061877111
-0.12772668862190273
-0.15749585036119712
-0.21353902637988995
-0.35221570442799627
-1.1974314247444833
0.7492385972176201
0.27683713066771604
0.16704012900648682
0.11877322935106908
0.09202675991557831
0.07532996024347437
0.06417302429896293
0.05644092492612431
0.05103333632750871
0.047352846510247446
0.04509427563401428
0.04416624969098352
0.04469744217763854
0.04715433560563579
0.05273457139238914
0.06477896365642967
0.09612205398039964
0.2760368891842111
-0.18960974866426744
-0.06074426969894436
-0.0329337324600451
-0.021119385748884608
-0.014741022016048629
-0.010835635714351647
-0.008250512369152408
-0.006445626499584227
-0.005135806053873515
-0.004157081293541552
-0.0034081351771604457
-0.0028243722914081744
-0.0023620975197301535
-0.0019910577853387516
-0.001690212125270928
-0.0014434571237737738
-0.0012395876910134818
-0.0010697243776489492
-0.0009273718656297721
-0.0008070940647063636
-0.0007051009481018395
-0.000618274070297334
-0.0005438022356005392
-0.0004796155265743819
-0.0004241802914542199
-0.00037616953979195005
-0.0003343871039225789
-0.00029804982002041517
-0.000266138068820915
-0.00023799938560627957
-0.0002135571574245807
-0.00019161836757674813
-0.000172543251206127
-0.00015544803495934144
-0.00014035514283878997
-0.00012690838331149858
-0.00011488079070043817
-0.00010417179422126481
-0.00009438042128250648
-0.00008611829834127888
-0.00007816000191383404
-0.0000711061717772765
-0.0000650464286298999
-0.00005937858591918175
-0.000054383395568669845
-0.000049764724405457644
-0.00004555773341216172
-0.00004171400865974809
-0.00003830114659801639
-0.000035327111901464985
-0.00003229012422185262
-0.00002980903354679902
-0.00002768147966482298
-0.000025337025011470842
-0.0000233701100065528
-0.000021656681078650374
-0.000019675684864822494
-0.00001849512597912302
-0.000017048953831474816
-0.000016043823912188046
-0.000015091542005779358
-0.000013699131991160979
-0.000012694117127889821
-0.00001194361302881716
-0.000011039979385075268
-0.000010379901375630382
-9.559328167596363e-6
-8.554894311029104e-6
-7.926506749823468e-6
-7.745810421083362e-6
-7.426054289215859e-6
-6.608813576073839e-6
-6.506577991564149e-6
-5.7002882309065296e-6
-5.465723337639259e-6
-5.429672749609228e-6
-4.325752885440645e-6
-4.723124054804402e-6
-4.040430734524119e-6
-4.1767997110983734e-6
-3.683259954223916e-6
-4.119147548569227e-6
-3.554448896534931e-6
-3.24664506159885e-6
-3.063798863249082e-6
-2.9348645961685337e-6
-2.0722261685722947e-6
-2.2183359658826726e-6
-2.4930920723762414e-6
-3.1598848650371014e-6
-2.3532136639242293e-6
-2.2112767202282027e-6
-2.518797544205379e-6
-2.681392035658094e-6
-1.941410876712933e-6
-1.6490082822625683e-6
-1.5875121075731207e-6
-2.2390827852714702e-6
-1.967701919568675e-6
-1.6735272513482206e-6
-2.292270809904415e-6
-2.1183816224878206e-6
-1.3113111819912361e-6
-5.982638442362058e-7
-1.4945484660985952e-6
-7.670836843358848e-7
-2.2234984407644034e-6
-1.4647254322364519e-6
-1.3318102320873517e-6
4.858316657730035e-7
-8.589938832260509e-7
-2.6203214921859705e-6
-5.980916113016529e-7
-1.3121313556883219e-6
-1.2774965304377593e-6
-5.602538751590981e-7
-7.147412418929284e-7
-2.185840834892626e-6
-1.2534323028799194e-6
-2.9089311141737737e-6
-1.705990104635392e-6
-2.6684459060772672e-6
-5.009618631553275e-7
-1.9455239016233117e-6
-6.769654672292122e-7
-1.7913595057569134e-6
-8.188875469467743e-7
-2.7078356041869796e-7
-1.4225728944807184e-6
-7.131976833255101e-7
-9.067732159021371e-7
-4.555244753881751e-7
-1.3810255189559212e-6
-6.914964818377925e-7
-1.9872854461012505e-6
-1.6490722578769051e-6
-6.406067809325565e-7
-2.1428792914012584e-6
-2.8866732504365904e-6
-9.664395153969676e-7
-8.043239912093516e-7
-1.9412634782144165e-6
-1.7143314017242779e-6
-1.2245017907496358e-6
-2.0997904402465665e-6
-2.755208300643797e-6
-6.004754485187353e-7
-3.7876712200008186e-6
-1.725863043692172e-6
-1.2315290458089315e-6
-5.402350501180787e-6
-1.3022973583676256e-6
-4.531823274499589e-6
-2.222704773839806e-6
-2.303822668907722e-6
-5.697361018505136e-6
2.2713244339220197e-7
-4.498536968588007e-6
-8.023421419837678e-7
1.721998543408268e-6
-1.403102104343143e-7
-4.11263807033157e-6
4.0447831490374514e-7
1.1857534328933934e-6
-3.915910066138735e-6
-3.2717056083932024e-6
-1.6769359934747819e-6
1.9831393665231216e-6
-4.890983350927083e-6
-8.520175022706824e-6
7.059397124947904e-7
-4.759549746553238e-6
-5.637425598657784e-6
1.983742305965429e-6
-6.181259810224393e-6
-6.592419956336939e-6
2.860234431953483e-7
-2.3325069704507585e-6
-9.894046636656502e-7
-4.935243961421765e-6
-7.854663619722472e-7
-2.117595966940644e-6
-2.2605691033165937e-6
-1.4307489586494103e-6
-5.510945048560511e-6
-6.286944508182861e-6
-1.0893084952239516e-6
-4.470409209800621e-6
-9.271552556965237e-6
5.48171373250271e-6
2.7750779720871534e-6
-1.7756528396084e-6
-4.5323646650621824e-6
-2.080523832639823e-6
-3.7867123781285448e-6
6.037968794301841e-6
1.1705182508021904e-6
2.748633727155533e-6
-4.373367364612374e-6
-2.015044346775618e-6
3.451206255432472e-6
-5.163433271629205e-6
-4.307570136002841e-6
7.030770717271611e-7
-4.580242328559744e-6
3.2515663282984023e-6
-1.4363582391381737e-6
-6.252337665251892e-6
-4.233972872886879e-6
-6.9463304592939166e-6
-4.438810507144506e-6
1.246030432170127e-6
-0.000022220699195114066
-7.071766439500271e-6
-1.1573283560093198e-6
-9.263200041709679e-6
-1.2248563496721944e-6
8.523830294037604e-6
2.898693817133075e-7
-6.266002587083061e-6
-0.00001587145390011527
-0.000027965500066257023
-8.79237019712623e-6
-0.00002179500416597075
-7.95936987500998e-6
-5.04573272555881e-6
-0.000010724055992471211
-8.812389864867223e-6
-0.000020645403486047487
-0.000021893470741854814
-0.000014864342281056786
-5.1694358629006585e-6
-1.7187727335560787e-7
3.135990624943686e-8
-6.655747714846756e-6
-0.000017905192033798577
-0.000015749180538247568
-9.33279086170208e-6
5.264844027147201e-7
-0.00002433377655707262
-0.000010891464971588321
-0.0000136046077325503
-0.000030181342678965148
-0.00003034926725013259
-0.00003182051717929195
9.313866647666912e-6
-3.147931602055967e-6
0.000020004283125818675
-2.5419786992133277e-6
-0.000023617236281932897
-8.641072461479401e-7
-0.000022441961016449193
-0.000020041050171909995
0.000019906405585748226
-0.000018659027060348908
-0.00004842427506008617
-0.000011696888803353205
-0.00001299408287112223
-0.000028394437172843407
0.00004125925191333519
7.5918507120645024e-6
0.000016543005619378935
-7.95271733750443e-6
2.220133415468719e-6
-0.00001935004373248183
-4.329460063936402e-6
7.5660217869944464e-6
0.000010471977120714764
0.00002305608618100063
0.00002206910652955119
0.000023275188404037017
-0.00003310231946495908
-4.999037273813397e-7
-0.00004441812304905051
-0.00004851200638289163
-0.00004679119012542369
-0.000023071774582627856
8.416204226052282e-6
-1.746764679361025e-6
-0.00006227794174914873
-0.00005265906887203886
-0.00005223601267087449
-0.000041491777288010615
-0.000042434185015057664
0.000043604243359548474
-0.000015026138362546545
-0.0000574550852683232
-0.00004909988642780468
0.000042644308008957986
9.187680174596466e-6
-0.00004759014669948061
-0.000041219536019099244
-0.00006809843912135723
-0.00003461044612299842
-8.258374067258562e-6
0.000028992079454062066
-0.00007908510640607475
-0.00008163917399726117
-0.000056809067023217154
-0.00001738904030089652
-0.000045316245940278184
-0.000011714477327098196
-0.0000734738100596423
-0.00004321035927834007
-0.00002474273464285997
-0.00005500695049022563
0.00004502403038511494
-0.00008045660127602099
-0.00001562859094165876
0.000019513431354762826
-0.00005261688943406999
-0.00005952892845131679
-0.0000929439942220159
0.000010033688081760749
-0.000015906055371355545
-0.00012338736627780198
0.00003297733017406951
0.000020629791553765705
-0.00005517232843762292
1.9761444699505123e-6
-0.00012650830976073649
-0.00007453381014989742
0.00001860402777964914
-0.000033316908356831814
-0.0001152728925716087
0.000038199176242928595
0.0001528970977958547
-0.000021230721174917674
0.00007975726795004315
-8.133944312074679e-6
-0.00021004285394077014
-0.00013565307858118332
-0.00002324236679908426
-0.00009323156051236713
-0.00004743440690140987
-0.00009927158786265305
0.000013135056088921565
4.852774190413481e-6
0.0001251341550620498
-0.00014500263181620453
-0.00014330897980802698
-0.0000581838478940025
-0.00016238239988140864
-0.00004299889167784191
-0.0002127610950573315
-0.00011907789346342092
-0.00012153796787394662
0.00006129233664876095
-7.146565504155044e-6
-0.0001239741634848656
-0.00009341442634036747
-0.00005980425831515797
0.000014449917639611499
-0.00008186401586421436
-0.00010169973532794222
0.00020103699823198685
0.0001343871671013782
-0.00009813316218010042
-0.0001424563159230928
0.00010602528116964122
-0.00008711518855746749
0.0001495292574031401
-0.00003859571273115804
-0.0001488417098388695
-0.000025370586498890184
-0.0000987598664744976
-0.00004501018518260371
-0.0003128988168079407
-0.00001357475922799172
-0.000226844397849896
-0.00019560128549586244
-0.00007905486508810015
-0.00019053581081168486
-0.0002857903995351726
0.00017468209909514266
0.0002596365773250477
-0.00024183132084847265
-0.00012972510277262604
-0.00011922447635676478
-0.0001490301125947885
-0.00018677135979610414
-0.0000280883294168878
-0.00025657822067415276
-0.000072153010737694
0.00016354935301034952
-0.0003973132601228914
-0.0002529109947325332
-0.00004754253914202823
0.00010168401863199999
-0.00022300292088161915
-0.00040881844782225777
0.00014088975584454716
-0.0005778347842308819
-0.0003926392195243969
0.00010647525674165055
-0.00019408195143218168
0.0000324288323091425
0.00023732845597419945