0.00015406093201252494
0.00011618783649525718
0.00020478504777868937
0.00009849479295787384
-2.801747946354227e-6
0.00004431227224468625
-0.00027118081379956435
-0.00008047903002068495
-0.000060198919231843464
-0.00005594932264351675
-0.00013527117829870895
-0.00017627233659666295
0.00007423815216261132
0.00038420766914282477
0.00035875370495620605
0.00032967710623567825
0.00003161278852587571
0.00015639282857988788
0.0001528578665027741
0.0001597720761827255
0.00010908078328729121
0.00005349503202692614
-1.2777037108990486e-6
-0.00003820803945416591
-0.00009023291130077283
-0.00011299833603845695
-0.00015621339182746947
-0.00005154507121876299
-0.000191529307865017
-0.00023729999043181675
0.00019072991825835707
-0.00022026690738690438
-0.00031186942825260107
-0.00036610122423235753
0.00007025205066848222
-0.0003062867094594748
-0.00022971993740365305
-0.00008107502061385831
0.00011106604673847772
-8.335639994200811e-7
-0.00005670495681284413
-0.0001736843208240526
-0.0001784665048058996
-0.00022326015000707284
-0.00020665857468853336
-0.00015634583800213056
-0.00013010575138375647
-0.00027379796786485445
-0.0002591213051539962
-0.0002319937641503326
-0.00036961576473620313
-0.0001552371729476765
-0.0001476874006937688
-0.000027097927189430117
-0.00014622188329591138
3.094247122510322e-6
0.0001658909099426771
0.0001237058347392021
0.00017543413128301926
0.00020972895312345815
0.0002052631102197857
0.00040048382592504806
0.00035930236240432615
-0.0004850000901115987
-0.00023919892275780429
-0.0002771579526527075
-0.00026471805744004957
-0.00008318137029699682
-0.00019190677997111606
-0.00022222119036536744
-0.00006475316459872111
-0.00003649715664919679
0.0001258493340365727
0.00012124782853385837
0.0001730278214314294
0.00020277282345682903
0.00022639042251289043
0.00025140077259172403
0.00028550540308006745
0.00029434281016938845
0.0003021631596963318
0.00031554490327839204
0.0002556758923938438
0.0003751115345643476
0.00022549890642345878
0.00014012511482382873
0.0001983142215700849
3.6250131300136203e-6
0.0001620977137639115
0.00014538337616675913
0.0002572795798247688
0.00030511578981849127
0.00038192926751605557
0.000381095726364318
0.0004607916972971199
0.0003062082495159384
0.0004495776845132683
0.00045622260930977136
0.0002735806141218792
0.00017993220051035105
0.0002610470314428015
0.00021624903180477925
0.00020603864682547824
-0.000049301943991353816
-0.00017434632359898005
-0.000054348432885670495
-0.00018039573057763666
-0.0002762401456299182
-0.00036521534786413177
-0.00042217579510918666
-0.00048151511793610317
-0.000525817203826954
-0.0006854758691824048
0.0007705226548798152
0.0005781980190708818
0.0006127032593132211
0.0004794906711972737
0.0003565957534712288
0.00026801029796421716
0.00015147866034184243
0.000082651598714799
-0.00010367208538434957
-0.00017712093512009042
-0.000267918282295908
-0.0003243275322752689
-0.00039303021755091716
-0.0004376147380068994
-0.00047005716859029647
-0.0004630328104480425
-0.00048099021111887514
-0.0005075762348319169
-0.00046475397545026016
-0.0004094202389492591
-0.00041966916872011146
-0.00029789412449491366
-0.0001857169800595722
-0.000043335144452745194
0.00010346905846201178
-0.00030136248540031045
-0.0004335237000465467
-0.0005313838886401049
-0.0006062880549494785
-0.0006507476608545666
-0.0006702572708101923
-0.0006648419291478477
-0.0006292538115938719
-0.000598492108219996
-0.0005267600892087616
-0.00046381673255778394
-0.0004138289553102144
-0.00031449039452335605
-0.00021171807829627968
-0.00009582819877335695
0.00005015874288245759
0.00016530124535503945
0.00030672781067085333
0.00041413035016653994
0.0005413971350313166
0.0006557730908014603
0.0007893432619037603
0.000918602445710666
0.0010559519354073304
0.0011576936804513131
-0.0013205869991737887
-0.001116870830025053
-0.0009556703845431456
-0.0007239506359531491
-0.0005974830016015277
-0.0003839688851203581
-0.00016981141187936638
0.00009691072526409401
0.00019049071063253247
0.00034318444199266893
0.0005180124969169096
0.0006693576815509462
0.0007921022232552511
0.000887957559750445
0.0009403679279763515
0.0010307103190774951
0.0010294057258371232
0.0010270065254790837
0.0009198508583644781
0.0009301589053137189
0.0007981756666178144
0.0006475235651071821
0.00034745173627434193
0.000051879524319073465
-0.00013140798575456342
0.0004922382473043046
0.0007955694081318094
0.0010482490866895544
0.0012480233808027448
0.0013669829365609437
0.0014401861382151485
0.0014636566100740777
0.0014375038767071998
0.001372691942681951
0.001291907181333847
0.0011615575832050436
0.0009913132597416518
0.0007746365887628402
0.000570478172819014
0.00032943370527045235
0.0000660560273848625
-0.00023655683575524413
-0.0005261616811218304
-0.0008313521932861094
-0.0011013523563567597
-0.0013886632789184346
-0.0016463762992239247
-0.0019116325396458104
-0.00211180467764346
-0.0022965435397633537
0.002846347572921158
0.002492054291361046
0.0020440369789520123
0.0015720000675366948
0.001228455630994648
0.0007881579689578058
0.00035541576354924123
-0.00007411055686806008
-0.0005062465468168828
-0.0008854028435454695
-0.0012546136130437305
-0.0015805244454065233
-0.0018487328395367436
-0.002093199560316474
-0.0022362101632461217
-0.0023518706762205494
-0.002344718929859919
-0.0023172800034305338
-0.00220040672369847
-0.0019964859372428394
-0.001756235475493549
-0.001455278235266833
-0.0008914014938529887
-0.0002748458956881777
0.00048824815125864205
-0.0015683381386932536
-0.0023980659683452967
-0.003061657032598708
-0.0035773956365589906
-0.004003682769511138
-0.00406502082214542
-0.004199201896454642
-0.0041270898619385175
-0.003935712226056146
-0.0037026693510885224
-0.0032745650901470696
-0.0028057242911899132
-0.0022378668273429956
-0.0015931067027635628
-0.0008193045296606532
-0.000026216368251176078
0.0008216087499770794
0.0017085084651442834
0.0026206516036347844
0.0035150171765478536
0.00444854504227555
0.005286773602614583
0.006110184701669804
0.006902713071721225
0.00761676257192105
-0.013057339992592724
-0.01132219880350939
-0.009558990050607534
-0.007604395776815882
-0.005414241773331087
-0.003422965258761202
-0.0013773304912043879
0.0006980962131262669
0.0026667508839865284
0.004667925760582581
0.006591450925276791
0.008350099922295824
0.009975821328132841
0.01130962476683953
0.012318399663890305
0.013336274261405877
0.013723184927412759
0.013917288673116538
0.013612680269613526
0.012742249742929404
0.011149853043608654
0.008947668548488039
0.005392501506744942
0.0016489181310080517
-0.003190509540310178
0.04426416355538634
0.06990356252436572
0.09464928497876116
0.11844391761263547
0.1427107574389467
0.1661163732546794
0.18947509340446014
0.21344361870609863
0.23717070879233693
0.261369720509066
0.2866735684253706
0.3123967217710287
0.341144752703574
0.37202615854152304
0.40526698190841476
0.4406907542325189
0.4785435713394777
0.5199298633291931
0.5655916500378441
0.6144855014216585
0.6681805598584359
0.7278042170103047
0.7994106456860515
0.8801058974636677
0.9823288110850529
0.18993023102368475
0.12372799566231965
0.07151789960352749
0.029701048786610673
-0.004181234654671742
-0.032229290201371795
-0.05536548862342487
-0.07480672552657762
-0.09027707654715797
-0.10237170854525154
-0.11176827498084202
-0.11790900428901303
-0.12138460866972288
-0.12246481574048551
-0.12134688257263491
-0.11830499557332935
-0.11355201196314003
-0.10707170633712189
-0.09796002208265092
-0.08894968999996634
-0.07697672042674243
-0.06323830115768059
-0.046883600317804225
-0.03025438304408508
-0.010835611851858157
-0.006887832963227367
-0.009980173025760366
-0.012275218993912176
-0.013656623296628286
-0.014281241949453448
-0.014373814523451019
-0.013960685732514723
-0.013068105055947202
-0.011913145885285888
-0.010525142575151285
-0.009026884253212781
-0.007125247701140287
-0.0055609195856894805
-0.0036161413160211236
-0.0016894729022318038
0.00034457122095618716
0.0023709132080946887
0.004131594389332673
0.005914086452599275
0.007457832967604842
0.00898444697051383
0.01023261633672052
0.011303580872592986
0.012187744418032422
0.012707962708464974
-0.008398433673331925
-0.007016594966131733
-0.005337691285883068
-0.003792418571586338
-0.002544951318673787
-0.0008880759908311531
-0.00009632907326365948
0.0013310876313538575
0.0022943396084678675
0.003201876776313757
0.0040268661050539565
0.004585123413605813
0.00499240127740105
0.005339938639511857
0.005505648811507917
0.005391462457979865
0.005378721459119817
0.004691659826684188
0.004343337344034907
0.003698395475916424
0.002832343212755367
0.0019741783140002364
0.000535359196562935
-0.0007324773548944111
-0.002106473260680905
0.0035313062412672736
0.004373259880163127
0.004806118346578724
0.005163416231361559
0.005275209376732815
0.005231318000735523
0.0050173262056368625
0.004713345647117103
0.004250151913207076
0.0033118678722983464
0.002673974100723796
0.0019422304591543156
0.001152694862025622
0.0003107707417425137
-0.0005026281141685777
-0.0009567680011669436
-0.0020155099419246624
-0.002690719385735344
-0.0034386383433247544
-0.004158312624112429
-0.004881619196955597
-0.005347377864473745
-0.005574006996035701
-0.005768014436739346
-0.0060383672980030565
0.005088969234934901
0.0039681687274134
0.0028144031804425854
0.0017582322395939152
0.0007323910401474652
-0.00019631739403128552
-0.0010749085556672712
-0.0018906064605761508
-0.002605467285627847
-0.003207992582794477
-0.0036897797914615844
-0.004043406185050003
-0.004265820216850689
-0.0043596513187363385
-0.004320102492390139
-0.004148902575975068
-0.003857503675262778
-0.0034267692534907307
-0.0028615343449579548
-0.00260602459949565
-0.0015682275506110131
-0.0003139317735846577
0.0007661978500379595
0.0019595702755662546
0.003221858568810706
-0.004679893018456514
-0.005282137429759777
-0.005602951290379687
-0.00581014002186332
-0.005746936221630989
-0.005552427752816532
-0.005190531177458842
-0.004695647402185024
-0.004276758570650827
-0.0034133935263447684
-0.002612660351121367
-0.0018193305683335643
-0.001140196728702008
0.00002279468560782953
0.0009298534008801999
0.001557061433843892
0.0027456314764586942
0.0036055690628085885
0.004407814897597834
0.005066059552648713
0.0056578278933714435
0.00615181726146923
0.0065057303466934426
0.006905777607037236
0.006735579716935358
-0.006389106705278166
-0.0049132143623503806
-0.0034457617269769694
-0.0020325530777001483
-0.0010931927080676338
0.00008389264745348231
0.001636134900376776
0.0026298089932164912
0.003526108308029195
0.0043199327117059965
0.004943380734088972
0.0054022702664860145
0.005690262850519634
0.00582922329251675
0.005788632190473406
0.005596924923596338
0.005188525316747465
0.0046169808650582105
0.003793409625917439
0.0028507392618221643
0.001790634283386998
0.00034478489341287086
-0.001180343476998509
-0.002817116227206915
-0.004649803650360374
0.006658239279805765
0.007537740473902442
0.008154219945287566
0.008396883147460016
0.008372654221650662
0.008088305641777467
0.0075829158058395695
0.006870799559619201
0.005985390826004216
0.004957680430884872
0.0038263774574319427
0.00257621128570623
0.0012477527815896604
-0.0001389549482676698
-0.0015731801645880092
-0.003019583595640491
-0.004353409079474486
-0.005612805874900053
-0.0067451437806049334
-0.007779902764442166
-0.008697761163406065
-0.009311286335761797
-0.009713881218855273
-0.009836794896227661
-0.009869612063894057
0.010375078848197244
0.007686829898154535
0.005507462412702387
0.003336248538665352
0.001152786641448777
-0.0008590572716408311
-0.002700463723308596
-0.004455013857487697
-0.005936653868485758
-0.007357130441019441
-0.008305218401485253
-0.008922834317951015
-0.009343300169202042
-0.009429989214797369
-0.009268767796957027
-0.00876045822602988
-0.008019199075764778
-0.00723985026801364
-0.005953288618707824
-0.0044227297104605
-0.002553702604595198
-0.0004007682303589554
0.0020237090774105487
0.004611273130138455
0.007368890134045011
-0.012274611722200514
-0.013767204690603243
-0.014678316536783094
-0.014922350824406114
-0.014733447535054957
-0.014103009060769351
-0.013070261657515665
-0.011770942015175225
-0.010198205374654793
-0.00839708903069702
-0.006488083705182476
-0.004385756424111874
-0.002142834198536039
0.0002056969754919559
0.002558514501822916
0.004897583860384446
0.0072293181420843315
0.009433664794685152
0.011498214678240528
0.013301248663048881
0.014918289128921198
0.016236039546451177
0.017233002210305846
0.017772191889647054
0.017916971274630565
-0.018616215233148867
-0.014161751542781176
-0.009983960759760355
-0.005877774343624318
-0.002090695861549285
0.0015148037441228552
0.004887529240994736
0.00794588863855392
0.010648065865109363
0.013036092822656184
0.014992323614237107
0.016485660860943246
0.01749903650866742
0.018012342612759916
0.01798006078684951
0.01734696706375429
0.016212729210437097
0.014629896979169442
0.012390457067894958
0.009380435462313735
0.005726511281640662
0.0014167252545615537
-0.003830205529927992
-0.009247792238663606
-0.015188051305071951
0.02301997838370916
0.026704988043257053
0.029309389485053284
0.03064298730287416
0.03092585763111536
0.03027671519498608
0.02861576630975396
0.026339937541981388
0.023234161260348316
0.01947496964218438
0.015086044637572859
0.010271772554611711
0.005088526841298546
-0.00034607503098952317
-0.005885170604287351
-0.011380420619895772
-0.01663123123835908
-0.02145787292995979
-0.025745008863145943
-0.029349546927471094
-0.03217791311117174
-0.034139416019271035
-0.03516352662310761
-0.035203580434731124
-0.03416872182771525
0.057670484605156225
0.04524679144287488
0.032467173284313394
0.019810732514526627
0.00758496886806781
-0.0038954445708465927
-0.01432100890867253
-0.023412855867405366
-0.0309248723300934
-0.0367956822869333
-0.04098481175793269
-0.043477047140501386
-0.04436676579187025
-0.0438079062255481
-0.04194602570016318
-0.03896193744363065
-0.034929213993230936
-0.030005657492341006
-0.024360501757253832
-0.017829261289771994
-0.010453464061923406
-0.0024368826069916757
0.006075306414107731
0.01490077934426454
0.02475109870303347
-0.1630522774186942
-0.15648719667729635
-0.1442907885800483
-0.1295277160918432
-0.11417568623336945
-0.09875234077388377
-0.0837067350671284
-0.0694736453521234
-0.05612142522242264
-0.043490584679099185
-0.03165730282371344
-0.020439888824013267
-0.010143467505716463
-0.00023525039938402357
0.009007028297311401
0.017526116618125618
0.02550318218833815
0.03282525809249519
0.03954491694831874
0.04560201012735346
0.05103891377590792
0.05585985672120101
0.05997900512449441
0.06351621863271073
0.06645459225939386
0.10486598258276487
0.110847540427379
0.11612537329466488
0.1205400702102639
0.12421455113904113
0.12709828708058368
0.12919571546163258
0.13047328743977868
0.13094403419101858
0.13053895124215387
0.12920190415855098
0.1268660445497192
0.12334882686001672
0.11862033058058159
0.11250526056183813
0.10473202054926865
0.09510329052128155
0.083484917307549
0.06921045301928958
0.05236315413782102
0.032432757633753355
0.009322110642155735
-0.017588005592633158
-0.04797717767140643
-0.08158297622371938
0.5074179006839941
0.5017236047597693
0.48531130017494256
0.4635122133308932
0.4383993814067882
0.4108421202447102
0.3805325040002176
0.34709605146967587
0.3093196890469945
0.2665714520400473
0.21649860282188665
0.15757713508282137
0.08725184748443995