0.08629683620422744
0.08635859841776666
0.08642106754125049
0.08648424660598646
0.08654813868842752
0.08661274691147318
0.08667807444439302
0.08674412450377984
0.08681090035419117
0.08687840530850695
0.08694664272881956
0.08701561602668605
0.08708532866446611
0.08715578415521168
0.08722698606419499
0.08729893800859388
0.08737164365913447
0.08744510674043102
0.08751933103151148
0.08759432036706054
0.08767007863777518
0.08774660979158404
0.08782391783391745
0.08790200682886648
0.0879808809003991
0.08806054423231893
0.08814100106985025
0.08822225572032044
0.08830431255432339
0.08838717600589814
0.08847085057479324
0.0885553408258951
0.08864065139176908
0.08872678697230421
0.08881375233695636
0.08890155232483582
0.08899019184659362
0.08907967588485804
0.08917000949602599
0.08926119781090561
0.089353246036324
0.08944615945591686
0.08953994343186288
0.08963460340577431
0.08973014490034084
0.08982657352018515
0.08992389495384383
0.09002211497465869
0.09012123944266832
0.09022127430552536
0.09032222560049494
0.0904240994556581
0.09052690209176419
0.09063063982369393
0.09073531906205497
0.09084094631468818
0.09094752818913751
0.0910550713935522
0.09116358273893832
0.09127306914087312
0.09138353762148234
0.09149499531145018
0.0916074494519256
0.09172090739632932
0.09183537661285021
0.09195086468644897
0.0920673793207116
0.09218492834081819
0.09230351969494714
0.09242316145753408
0.09254386183100873
0.09266562914856152
0.09278847187661426
0.09291239861759855
0.09303741811229567
0.09316353924305569
0.09329077103601639
0.09341912266452947
0.09354860345177275
0.09367922287392799
0.09381099056343105
0.09394391631184497
0.09407801007323818
0.09421328196785426
0.09434974228529094
0.0944874014881095
0.09462627021526415
0.09476635928638664
0.09490767970510922
0.09505024266340131
0.09519405954533892
0.0953391419312238
0.09548550160246262
0.09563315054527345
0.09578210095552148
0.0959323652431832
0.0960839560377018
0.09623688619235088
0.09639116878914131
0.09654681714484283
0.09670384481563511
0.09686226560273332
0.09702209355846121
0.09718334299136036
0.09734602847313478
0.09751016484403485
0.09767576721962612
0.09784285099733582
0.09801143186275099
0.09818152579794423
0.09835314908649348
0.09852631832260805
0.09870105041864034
0.0988773626115178
0.09905527247256012
0.09923479791498699
0.09941595720234846
0.09959876895785857
0.09978325217339108
0.09996942621834966
0.10015731085094377
0.10034692622639851
0.10053829290906825
0.10073143188179634
0.10092636455702353
0.10112311278962337
0.10132169888724774
0.10152214562342891
0.10172447624980928
0.10192871450844479
0.10213488464770087
0.10234301143330704
0.10255312016447385
0.1027652366884743
0.1029793874151652
0.10319559933466296
0.10341390003286517
0.10363431770670585
0.10385688118952915
0.10408161995541805
0.10430856415484598
0.10453774461937355
0.10476919289209906
0.10500294124509474
0.10523902270159745
0.10547747105821247
0.10571832090804596
0.105961607667871
0.10620736760485402
0.10645563785126425
0.10670645645199335
0.10695986236857313
0.10721589553469135
0.10747459686571338
0.10773600829761891
0.10800017282456958
0.10826713453449328
0.10853693863203719
0.10880963148850188
0.10908526067032379
0.10936387498971428
0.10964552454752985
0.10993026077274802
0.11021813644755783
0.11050920579703007
0.11080352451501227
0.11110114979371118
0.11140214042266397
0.1117065568250949
0.11201446110039635
0.11232591709795108
0.11264099050905213
0.11295974887498053
0.11328226170221395
0.11360860051224717
0.11393883896580917
0.11427305283629118
0.11461132025181968
0.1149537215737215
0.11530033976151632
0.11565126015665225
0.11600657081623234
0.11636636256134383
0.11673072901616478
0.11709976683167354
0.11747357568685039
0.11785225851975438
0.11823592165204265
0.11862467477492754
0.11901863138074037
0.1194179086534664
0.11982262776121796
0.12023291406288056
0.12064889712998021
0.1210707111028576
0.12149849482892121
0.12193239201315398
0.12237255149026557
0.12281912769586367
0.12327228035633164
0.12373217552600253
0.12419898465798362
0.12467288657539453
0.12515406641636323
0.12564271635143728
0.1261390359371024
0.12664323321612664
0.12715552352980314
0.12767613147101875
0.12820529015098575
0.12874324312889776
0.12929024298704261
0.12984655372471868
0.13041244966969165
0.130988217252326
0.13157415582389892
0.1321705768830815
0.13277780578374618
0.133396183378292
0.13402606490897037
0.13466782204988342
0.13532184476381615
0.13598853891610338
0.13666833208948548
0.13736167136039315
0.13806902633271653
0.13879088765945038
0.13952777300336994
0.14028022462739576
0.14104881208054482
0.14183413716288792
0.1426368312896549
0.14345755870268184
0.14429702096055783
0.14515596051510296
0.14603514993192473
0.14693542357164366
0.14785765127040204
0.14880275641649196
0.14977170830237654
0.15076555207243106
0.15178537777110132
0.1528323651491558
0.15390774075245456
0.15501283712168817
0.15614902658661398
0.15731783010895936
0.1585208499591979
0.1597597775706587
0.16103643629160538
0.1623527757175653
0.16371088066412384
0.1651130210028695
0.16656156774447745
0.16805915084967346
0.16960855001802222
0.1712126962883541
0.1728750326190543
0.17459897098105295
0.17638826072329086
0.1782471131790225
0.1801799808914417
0.18219196655306727
0.18428815783938898
0.18647449321476053
0.18875750906636002
0.1911440923355135
0.193642045670336
0.19626002931066241
0.19900725708779032
0.20189410523901008
0.20493256791342762
0.20813632791334072
0.21151700508117713
0.21509313826341364
0.21888530276788878
0.2229101314972894
0.2271909146356437
0.23175536838185468
0.23663528831982814
0.24186801089218923
0.2474844501756932
0.25354199817275036
0.2600887842167178
0.26718473316559915
0.2749148311175552
0.2833522818213549
0.2926260954494326
0.3028435460610141
0.31416001660499554
0.3268411246309636
0.34103545050637774
0.35709286472711005
0.37531993169780464
0.39633698636690606
0.4208180658545763
0.44950966334942527
0.4836499528670574
0.5250671455565442
0.5761317230956352
0.6402915094470548
0.7261374086998925
0.8369723599483903
0.9977127803271691
1.2253198695047902
1.5560615811698202
1.8006217445196668
0.2482145268351748
-1.4812959795626752
-1.363772331601884
-1.2903328913430074
-1.2162525788474134
-0.6429180222361289
-0.575494652034456
-1.4912143591387153
-6.445429227886267
-0.843747047818799
-16.76652454574565
-2.162744259774695
-131.17539572607487
-62.59907665571735
-265.450010877589
10363.480148579078
-135972.58108650686
-1.0683070010345515e6
2.367932308662138e7
-9.825658433586363e8
-8.819967049839128e8
-1.4040193993284476e8
1.1101577669508897e7
1.7264257879547343e7
-19985.11637901244
1337.5666053974285
-1487.4865291477438
6625.261880127259
24.373130039696672
13.522083398744925
-0.6123266815284918
-3.466270415088721
-3.3683592177605473
-0.5660404762407074
-1.5617070578306251
-0.0889424343696299
-0.18232961602914086
-0.04841116337561443
0.009348473646956712
-0.0007971138404013
-0.016505205545513456
0.028467691967760982
0.048953954434838715
0.04219429675582888
0.051339211712860634
0.04621845477013413
0.05416152904988069
0.05623661789196758
0.05741345698723689
0.05949578040801229
0.061509447413756344
0.06314610912260524
0.0641516968759266
0.06599333688222002
0.06759721620837235
0.0692743215712551
0.07055051520660156
0.07196063253815725
0.07322781838764593
0.07469360757882813
0.0760756181700615
0.07739157895205886
0.07857079141302449
0.07986082087202148
0.08105282708150739
0.08227860302337218
0.08344222971946186
0.0846357250236411
0.085766031044279
0.08689975039987063
0.08802041975624461
0.08912661712146054
0.0902114237358613
0.09128878947632364
0.09234894114462458
0.09339945069512341
0.09444057909963359
0.09546471804466632
0.09648497048730215
0.09749257534947947
0.09849067588785139
0.09948197710868738
0.10046204175978175
0.10143475954536228
0.10240005356386718
0.10335773124560972
0.10430950638183108
0.1052544539314385
0.1061933510182249
0.10712736246413793
0.10805498117654323
0.10897773661555124
0.10989633654399347
0.11080983818062748
0.11171944861312325
0.11262482523590034
0.11352710939016421
0.11442573931821973
0.1153214320535887
0.11621419043461335
0.11710444289431153
0.11799235943405138
0.11887793383432942
0.1197617176139701
0.12064368908547747
0.12152419920546466
0.12240338155139543
0.12328149474603926
0.12415858903196046
0.1250350212998432
0.12591086348665195
0.12678635101998467
0.12766159376881017
0.12853688093102422
0.12941219640698884
0.1302878960109223
0.1311640087114786
0.13204075261868303
0.13291828670993389
0.13379672538557852
0.13467621964333104
0.1355569458331865
0.13643906446247045
0.13732267611298926
0.1382079057826888
0.13909496346029912
0.1399839285790425
0.1408749616372968
0.1417681859963907
0.14266373184706851
0.14356173447765147
0.14446233351244922
0.14536564356938883
0.1462717980299152
0.14718093417850722
0.14809315416439517
0.14900860493120105
0.1499273932272159
0.15084964736303605
0.1517755031269905
0.1527050672182067
0.15363847084881638
0.15457583015972465
0.15551727450917877
0.1564629100756573
0.15741287684427385
0.15836727893671707
0.15932624634191664
0.1602898938692961
0.16125834838241337
0.1622317243525941
0.16321014992068142
0.16419374079447982
0.16518262080578563
0.16617691241934535
0.1671767356426564
0.1681822167469893
0.16919347443491428
0.1702106369955419
0.1712338251405826
0.17226316850919252
0.17329878989124356
0.17434081856323588
0.17538937698306326
0.176444598619766
0.1775066104674456
0.1785755454608711
0.17965153232144243
0.18073470519324458
0.18182519621261709
0.18292314197761894
0.1840286768105574
0.18514193992228517
0.18626307012553228
0.18739220784175253
0.18852949244231762
0.18967507109017404
0.19082908610989024
0.19199168456842156
0.19316301455343207
0.19434322664969153
0.19553247306838453
0.19673090648941288
0.1979386835466419
0.19915596228647808
0.200382901456975
0.20161966374630383
0.2028664130785882
0.20412331610933582
0.2053905416580882
0.20666826103537525
0.2079566472869584
0.20925587776098073
0.21056613058614923
0.21188758680268704
0.2132204321215767
0.21456485341343062
0.21592104031044143
0.21728918614713671
0.21866948772088962
0.22006214397724574
0.22146735792273778
0.22288533552669848
0.22431628658952946
0.22576042444235828
0.22721796564559868
0.22868913072433397
0.23017414400821812
0.2316732340533581
0.23318663340758627
0.23471457830471434
0.2362573098814686
0.23781507354574097
0.23938811903809915
0.24097670075172198
0.24258107796448175
0.2442015148941223
0.2458382808751471
0.24749165001386336
0.2491619020504272
0.2508493222875261
0.25255420143615387
0.2542768359420119
0.25601752832884
0.25777658711261386
0.25955432714335297
0.26135106965844157
0.2631671424328128
0.2650028803284545
0.26685862471953725
0.26873472473796806
0.27063153622744424
0.2725494234402787
0.2744887577143834
0.2764499189311128
0.27843329498212943
0.28043928235564325
0.28246828628344306
0.28452072104439535
0.28659701021297523
0.2886975868504154
0.29082289387684485
0.2929733844786245
0.29514952206328826
0.29735178089191305
0.29958064625525066
0.3018366149840538
0.30412019557019815
0.3064319085312077
0.30877228698751197
0.3111418768999086
0.31354123751432517
0.3159709418523638
0.3184315769291245
0.320923744339408
0.3234480608728966
0.32600515863452095
0.32859568590444915
0.33122030746359354
0.3338797051121158
0.3365745784253718
0.33930564499537624
0.34207364150543323
0.34487932389864495
0.3477234683748185
0.35060687184379813
0.3535303527543398
0.3564947518318473
0.3595009327839734
0.3625497831871691
0.36564221517443696
0.36877916661979054
0.3719616015649921
0.3751905116106308
0.3784669166702872
0.38179186604066356
0.3851664395323377
0.3885917485124848
0.39206893707877105
0.3955991834084835
0.399183700849052
0.4028237394143505
0.4065205870432388
0.4102755712289554
0.41409006039693796
0.4179654655431578
0.4219032419786525
0.4259048909693511
0.42997196175946706
0.4341060532737385
0.4383088162965691
0.4425819555263502
0.4469272318452808
0.45134646464660466
0.4558415342402422
0.46041438452211403
0.4650670255688783
0.46980153663568297
0.47462006901409864
0.47952484929614025
0.48451818263581176
0.48960245627031906
0.49478014327376674
0.5000538062826292
0.5054261017852956
0.5108997844019381
0.5164777113649789
0.5221628475097295
0.5279582702438226
0.5338671750255783
0.5398928811189889
0.5460388375264962
0.5523086294931464
0.5587059853295667
0.5652347834955329
0.5718990604075346
0.5787030184002008
0.585651034480656
0.5927476693915904
0.5999976774473559
0.6074060168669472
0.6149778608423266
0.6227186093081081
0.6306339015388512
0.6387296294817963
0.6470119521902845
0.6554873109989752
0.6641624460035196
0.6730444135375866
0.6821406049195103
0.691458766584702
0.7010070217312984
0.710793893399107
0.7208283294707553
0.731119729428555
0.7416779732319567
0.7525134524051937
0.7636371035780083
0.7750604446939788
0.7867956141823989
0.7988554132636878
0.8112533518796085
0.8240036983254787
0.8371215333007463
0.8506228085126751
0.8645244105136423
0.8788442301149075
0.8936012382874142
0.9088155687870071
0.9245086087144605
0.9407030975119678
0.957423235602016
0.9746948035353898
0.9925452932406491
1.0110040521917245
1.0301024428327752
1.0498740183117907
1.0703547172670727
1.0915830795951988
1.1136004860081579
1.1364514247804356
1.1601837889161448
1.1848492081598347
1.2105034205894984
1.237206689531054
1.265024272150427
1.2940269476365185
1.3242916136839724
1.3559019621771347
1.3889492462852269
1.4235331538980862
1.459762804970205
1.4977578937709877
1.5376500012135486
1.5795841075086599
1.623720341846204
1.6702360134030232
1.7193279781062514
1.771215407505771
1.8261430419483828
1.8843850296074458
1.9462494784896407
2.0120838803004633
2.082281608026024
2.157289742584671
2.2376185579245793
2.3238530880975827
2.416667330115133
2.516841810551029
2.6252854819768436
2.7430632477346117
2.8714308757969387
3.0118797228115444
3.1661946377757704