-5.5102298876897895e-8
-5.810701443515969e-8
-6.124780768429224e-8
-6.452973529890215e-8
-6.79580087569812e-8
-7.15380021663219e-8
-7.527525363534028e-8
-7.917547168515168e-8
-8.324453879040265e-8
-8.748851791925646e-8
-9.19136550537329e-8
-9.652638611056178e-8
-1.0133334264724392e-7
-1.0634135566623121e-7
-1.1155746319284985e-7
-1.1698891377903902e-7
-1.2264317517869568e-7
-1.2852793856088982e-7
-1.3465112403247448e-7
-1.4102089002871455e-7
-1.4764563823348985e-7
-1.5453402034724173e-7
-1.6169494601224435e-7
-1.6913758884919447e-7
-1.7687139616929584e-7
-1.8490609529985493e-7
-1.932516990808966e-7
-2.0191852093043518e-7
-2.1091717678015325e-7
-2.2025859634323647e-7
-2.2995403284576873e-7
-2.4001507078875307e-7
-2.5045363728278537e-7
-2.612820110151187e-7
-2.725128315456568e-7
-2.841591110579203e-7
-2.9623424555160373e-7
-3.0875202363042496e-7
-3.2172664094548724e-7
-3.3517271162661776e-7
-3.491052791406716e-7
-3.635398282468487e-7
-3.784923015634672e-7
-3.939791088536859e-7
-4.100171433221781e-7
-4.26623797998006e-7
-4.438169734908606e-7
-4.616151017413358e-7
-4.80037155790648e-7
-4.991026694609233e-7
-5.18831749268246e-7
-5.392451002935391e-7
-5.603640341527151e-7
-5.82210495599679e-7
-6.048070767499506e-7
-6.28177036101358e-7
-6.523443263031982e-7
-6.773336050185389e-7
-7.031702626131415e-7
-7.298804451475996e-7
-7.574910737377896e-7
-7.860298707613039e-7
-8.155253848292713e-7
-8.460070160348276e-7
-8.775050413566558e-7
-9.100506421289022e-7
-9.436759341367988e-7
-9.784139962526288e-7
-1.0142988967226523e-6
-1.051365729100305e-6
-1.0896506466530478e-6
-1.1291908855278303e-6
-1.170024811016574e-6
-1.2121919444252703e-6
-1.255733002659766e-6
-1.300689944439894e-6
-1.3471059971602735e-6
-1.3950257034400626e-6
-1.44449496583858e-6
-1.4955610899792263e-6
-1.5482728234156006e-6
-1.602680418305815e-6
-1.6588356550278015e-6
-1.7167919211251295e-6
-1.7766042453643528e-6
-1.8383293557125609e-6
-1.9020257369211555e-6
-1.9677536881219577e-6
-2.0355753856268095e-6
-2.105554944487357e-6
-2.177758482056313e-6
-2.2522541758545155e-6
-2.329112361024542e-6
-2.408405573920493e-6
-2.4902086393158764e-6
-2.574598735757498e-6
-2.661655516774466e-6
-2.7514611403664797e-6
-2.8441003870351957e-6
-2.939660747952432e-6
-3.038232520204218e-6
-3.139908880359629e-6
-3.2447860320758243e-6
-3.352963259990833e-6
-3.4645430798502844e-6
-3.5796313130553964e-6
-3.6983372591243537e-6
-3.820773758857538e-6
-3.947057345645082e-6
-4.07730841089677e-6
-4.211651272229107e-6
-4.350214389137638e-6
-4.4931304547179375e-6
-4.640536594949767e-6
-4.7925744870296715e-6
-4.949390560487582e-6
-5.111136182839701e-6
-5.277967775643945e-6
-5.450047086347645e-6
-5.627541323656825e-6
-5.810623391089062e-6
-5.999472102128592e-6
-6.194272405762191e-6
-6.395215611569916e-6
-6.6024995971059655e-6
-6.816329123535916e-6
-7.036916040964241e-6
-7.26447964163186e-6
-7.499246889797558e-6
-7.741452681875083e-6
-7.991340226866545e-6
-8.249161421210839e-6
-8.515176972150766e-6
-8.789657044613777e-6
-9.07288139883435e-6
-9.365139905143796e-6
-9.666732867246617e-6
-9.977971510261081e-6
-0.000010299178568062695
-0.00001063068829892172
-0.00001097284743345722
-0.00001132601540011591
-0.000011690565066619824
-0.000012066883157393319
-0.000012455370791788751
-0.000012856444231749271
-0.000013270535388159138
-0.000013698092595658075
-0.000014139581453076172
-0.000014595484935694968
-0.00001506630511878627
-0.00001555256297350856
-0.00001605480014601246
-0.000016573579257573072
-0.000017109484857434694
-0.00001766312437848073
-0.000018235130206625955
-0.000018826159075529088
-0.000019436894154099224
-0.000020068045923659368
-0.000020720353726908815
-0.00002139458751532095
-0.000022091548499391928
-0.000022812069950501745
-0.00002355702028415531
-0.000024327304870660167
-0.000025123864486329835
-0.000025947682207941438
-0.000026799780924227114
-0.000027681227697195725
-0.00002859313412067575
-0.00002953666217970664
-0.000030513021184284305
-0.00003152347478258921
-0.000032569340252251354
-0.00003365199662317389
-0.000034772878968799
-0.000035933492660475576
-0.00003713540165556304
-0.00003838025281990888
-0.00003966975654311911
-0.00004100570555260718
-0.00004238997800614229
-0.00004382453703796921
-0.00004531143546063082
-0.00004685282738111863
-0.00004845096333069932
-0.00005010820673144285
-0.000051827026560523173
-0.00005361002314211613
-0.0000554599126422901
-0.00005737954656918092
-0.00005937192762904463
-0.00006144019217986403
-0.0000635876446198293
-0.00006581775784497468
-0.00006813416862240827
-0.00007054070668692943
-0.00007304142031077938
-0.00007564053571193694
-0.00007834253938235093
-0.00008115208888841174
-0.00008407418032190115
-0.00008711402248299009
-0.000090277109803797
-0.00009356923975115168
-0.00009699657466656996
-0.00010056555085179702
-0.00010428302275269356
-0.00010815616700606119
-0.00011219268993938717
-0.00011640061587456491
-0.00012078853690663982
-0.00012536546657112183
-0.00013014099799467667
-0.00013512534443574443
-0.00014032927063795908
-0.00014576419166668485
-0.00015144231541321126
-0.0001573765378662228
-0.0001635805874511725
-0.00017006912975610643
-0.0001768576002756267
-0.00018396265969936745
-0.00019140194329902196
-0.00019919439778933148
-0.00020736003508333467
-0.00021592040813069575
-0.00022489838141360563
-0.00023431849787518754
-0.00024420730711062797
-0.0002545928383396703
-0.00026550544084843987
-0.00027697731964947657
-0.000289043756960698
-0.0003017412899288881
-0.0003151115047303395
-0.0003291973224236312
-0.0003440458438500752
-0.00035970660975380143
-0.00037623535092509627
-0.0003936905773706287
-0.000412137507812886
-0.0004316441253598299
-0.0004522877249048654
-0.00047414526404452933
-0.000497309336762572
-0.000521878247526632
-0.0005479551815028677
-0.0005756568050328771
-0.0006051076909558028
-0.0006364457589235624
-0.0006698280099212511
-0.000705411843385825
-0.0007433898422465169
-0.0007839613423555441
-0.0008273338939584602
-0.0008737886378609471
-0.0009235759658703959
-0.0009769926547635015
-0.0010343848681568515
-0.0010961213867187872
-0.0011626608375276267
-0.0012344287675660763
-0.0013119569219118949
-0.0013958766603558769
-0.0014868312324539188
-0.001585573486482809
-0.001693022438722106
-0.001810082730880711
-0.0019378624550695713
-0.0020777464586297697
-0.0022313652508346472
-0.002399706053501721
-0.0025853536324192358
-0.002791136940407645
-0.0030187962276586877
-0.003271369479798974
-0.00355289791228895
-0.003868179911157803
-0.0042230932248133336
-0.004621469852446293
-0.005073899141170969
-0.005587581475295778
-0.006173271329373957
-0.006847906398748377
-0.007623383878112852
-0.008529002214928397
-0.009586189987347931
-0.01082917862996514
-0.01233049516263115
-0.014120098199457006
-0.016302279708690918
-0.018953244978571822
-0.022282178293129933
-0.026532929474795488
-0.031955958552000355
-0.03908466106913183
-0.04874701944995003
-0.06218718282059011
-0.08148914544905715
-0.11254609018627472
-0.15932970900992474
-0.2462972835439907
-0.41303602283125285
-0.8207382476094826
-1.8388313169904116
-3.228955459310639
-1.9437905963291995
-0.8752568339335537
-0.315645908551536
0.0525230880270739
-0.10365973621220533
0.10663358766862827
1.541619344170552
5.245288660055412
0.5376246972300771
12.259373655496608
10.267556569287414
-497.98943808565593
-67.7143750972653
-431.05821848686213
6136.48141859694
661.9088607909449
3.207253846038024e6
1.6912660545208708e6
-2.2645195073570345e7
-6.026656573476926e8
-9.115191192492063e7
3.1837469600837985e6
-4.110168353238969e7
-12561.927698460844
-608.9285736308537
1288.3063783996151
1912.6524828063402
-50.92952506157475
22.279429539289747
-16.977715412454984
-23.553655798295406
-9.132488942494241
-0.7938750976920873
-2.9313779851604735
-0.16445600779473915
-0.27377253132043067
-0.1041699457614163
-0.01784711827959549
-0.042402745017007346
-0.05899399839409541
-0.01763083926461514
-0.001895726202503589
-0.008631046470399919
-0.002425568152026267
-0.007893795821042724
-0.003464428604263505
-0.0031647021188871195
-0.0034614640864186587
-0.0031303475349332625
-0.0028670580655488095
-0.0028109171867479795
-0.0030393519227392535
-0.0028140762860031617
-0.0027060229698194775
-0.00254069809372442
-0.0025513285549634743
-0.0025034739239594775
-0.0024994360421197476
-0.0024010958142536266
-0.002328758085103479
-0.0022773562476005823
-0.002272646784634577
-0.002217581341928843
-0.0021930707646840414
-0.0021497863985303943
-0.002123680411386537
-0.002082135798707537
-0.002058481174181018
-0.002028539149705675
-0.0019986049901141406
-0.001970432012501558
-0.0019455555711240986
-0.001919443843430823
-0.0018959301590376753
-0.0018725810364770422
-0.0018492279826180145
-0.0018287086765898313
-0.001807033560093574
-0.0017869844455934895
-0.0017675124531006418
-0.0017482817610535936
-0.0017305425550064382
-0.001713198409206346
-0.0016964623320893627
-0.0016804146686480745
-0.0016647155148789507
-0.0016496526279288415
-0.0016351489098717358
-0.0016209168521820047
-0.001607458511502723
-0.0015944185743102459
-0.0015816987238341843
-0.0015695765604459633
-0.0015578038094996797
-0.0015465350513435615
-0.0015355426556299403
-0.001525013439225501
-0.0015148274544947644
-0.00150501779857646
-0.001495534795889011
-0.0014863894750570057
-0.001477613166193188
-0.001469123660893299
-0.0014609659697048625
-0.0014531014804854295
-0.001445530683394112
-0.001438240268836857
-0.0014312461402877252
-0.001424504105333486
-0.0014180345438196643
-0.0014118180429112052
-0.0014058578148588702
-0.0014001288675830979
-0.0013946580658431523
-0.0013894033532933913
-0.0013843842869881143
-0.0013795855279888213
-0.0013750000530828837
-0.0013706304513540954
-0.0013664704603950607
-0.0013625128180948323
-0.0013587496834161113
-0.0013551842958563396
-0.0013518155875723507
-0.0013486280034619219
-0.0013456274068506366
-0.0013428066436725805
-0.0013401643459743171
-0.001337697630613029
-0.0013354027647312868
-0.0013332756391708598
-0.0013313155919126005
-0.0013295190540569323
-0.0013278827921056001
-0.0013264073481548456
-0.0013250873931057283
-0.001323923682635559
-0.001322913235185487
-0.0013220520971027213
-0.001321341194781774
-0.0013207772012003903
-0.0013203592881178108
-0.001320085008255314
-0.0013199547968101408
-0.0013199648563965787
-0.0013201158934559314
-0.0013204056660427283
-0.0013208338156428484
-0.0013213984494408223
-0.0013220995033731361
-0.001322934970601132
-0.0013239048537642731
-0.0013250082261877937
-0.0013262441146579054
-0.001327612336240228
-0.0013291117451570604
-0.0013307425692163062
-0.0013325037879589122
-0.001334395436236963
-0.0013364166458280952
-0.0013385674964632296
-0.001340847633005749
-0.0013432574459942013
-0.0013457961631567657
-0.0013484641247209453
-0.0013512609849475978
-0.0013541871978204735
-0.001357242721507977
-0.0013604278502615597
-0.001363742637203424
-0.0013671876553611423
-0.0013707629987973382
-0.0013744690758939688
-0.0013783062829619591
-0.0013822754517005304
-0.0013863766910576216
-0.0013906108968946178
-0.0013949786474160579
-0.0013994807246022873
-0.0014041178157902395
-0.0014088906814694849
-0.0014138003508401187
-0.0014188476368117856
-0.0014240334669917021
-0.001429359029824668
-0.0014348253277584834
-0.0014404334946438466
-0.0014461847711692418
-0.0014520803650089984
-0.0014581216151651232
-0.0014643099503021887
-0.0014706466929021835
-0.0014771333879219034
-0.0014837716733690429
-0.0014905630167186775
-0.001497509120885929
-0.0015046117884039084
-0.0015118728041513855
-0.0015192939871370578
-0.0015268773268337533
-0.0015346247905115816
-0.0015425384859841837
-0.0015506205194933253
-0.0015588730837135356
-0.001567298508720208
-0.0015758991448740895
-0.001584677443654795
-0.0015936359048836313
-0.0016027771089617048
-0.001612103783620228
-0.0016216186589338543
-0.0016313245719968776
-0.001641224467876658
-0.001651321391746544
-0.001661618457812455
-0.0016721188718409078
-0.0016828259262532106
-0.0016937430652689918
-0.0017048737924510353
-0.0017162217196562172
-0.0017277905758673192
-0.0017395842053460277
-0.0017516065532158578
-0.001763861698971707
-0.0017763538346227247
-0.0017890872640819006
-0.0018020664487180475
-0.0018152959410923605
-0.0018287804842237508
-0.0018425248982136086
-0.0018565342191911084
-0.0018708135530831212
-0.001885368230492047
-0.0019002036886276847
-0.0019153255566526114
-0.0019307396274458085
-0.0019464518659493193
-0.001962468412448521
-0.001978795597470231
-0.001995439944757662
-0.0020124081770045944
-0.0020297072112728555
-0.0020473441913313605
-0.002065326475553406
-0.0020836616509036176
-0.0021023575240712365
-0.002121422158404065
-0.002140863874905917
-0.002160691244952724
-0.0021809131114537703
-0.0022015385987733367
-0.002222577115333632
-0.0022440383770386298
-0.002265932413667436
-0.0022882695647583307
-0.0023110605241045334
-0.0023343163174818255
-0.002358048335975103
-0.0023822683531169197
-0.002406988518606525
-0.00243222140649317
-0.002457979990330991
-0.002484277694159081
-0.0025111283877907458
-0.002538546422287929
-0.002566546636653696
-0.002595144380649496
-0.002624355539227942
-0.002654196549217053
-0.002684684432078992
-0.0027158367953509324
-0.002747671895367614
-0.0027802086243615873
-0.0028134665685915165
-0.0028474660200738904
-0.0028822280123391207
-0.002917774356850941
-0.0029541276754969977
-0.002991311428290863
-0.003029349966823802
-0.0030682685585366343
-0.003108093442760298
-0.0031488518593685007
-0.0031905721100250156
-0.003233283602467677
-0.003277016896960927
-0.003321803771130859
-0.003367677264493473
-0.003414671753515883
-0.0034628230103484216
-0.0035121682698386063
-0.0035627463024015447
-0.003614597490106018
-0.0036677639126100857
-0.00372228942398797
-0.003778219756113431
-0.003835602599253074
-0.0038944877204115072
-0.003954927058999276
-0.004016974849474987
-0.0040806877452122135
-0.004146124936231432
-0.0042133483082601115
-0.0042824225728005485
-0.004353415427629922
-0.004426397732536973
-0.0045014436748418134
-0.0045786309708332786
-0.004658041062851644
-0.004739759333718375
-0.004823875346345931
-0.0049104830836529416
-0.004999681215022003
-0.005091573385753826
-0.005186268509270446
-0.0052838811074066095
-0.00538453164618039
-0.005488346923346178
-0.00559546046182447
-0.0057060129485436905
-0.005820152699159245
-0.005938036163145315
-0.006059828459561713
-0.006185703970701533
-0.006315846961832639
-0.006450452272914285
-0.006589726047578863
-0.006733886533693058
-0.006883164949642547
-0.007037806419955049
-0.007198070988832236
-0.007364234732357882
-0.007536590954313362
-0.007715451497798539
-0.007901148169567702
-0.008094034296908763
-0.008294486426105245
-0.008502906181507487
-0.008719722298309612
-0.008945392852719896
-0.00918040770413385
-0.009425291190987325
-0.009680605080276187
-0.009946951827544251
-0.010224978168878364
-0.010515379093634074
-0.01081890222860819
-0.011136352709099875
-0.011468598572001106
-0.011816576757438472
-0.012181299782842983
-0.012563863192597502
-0.012965453864684194
-0.013387359327209032
-0.013830978174526073
-0.0142978317952873
-0.014789577543590926
-0.015308023606124377
-0.01585514580488087
-0.016433106608638528
-0.01704427672810697
-0.017691259676476213
-0.01837691978270127
-0.019104414214254267
-0.019877229693911563
-0.020699224695787256
-0.02157467809631257
-0.022508345411135326
-0.023505524020610746
-0.024572129054401464
-0.02571478197677453
-0.026940914363450773
-0.02825888991479803
-0.029678148480272677
-0.031209376727682765
-0.032864711274076995
-0.03465798150714289
-0.03660500123130483
-0.038723920685325736
-0.04103565365663746
-0.04356439856364795
-0.04633827792974824
-0.04939012798305568
-0.05275848011030343
-0.05648878929181408
-0.060634983261599204
-0.06526143175144263
-0.07044547123141325
-0.07628067176401018
-0.08288110610496117
-0.09038698850911168
-0.09897220943573115
-0.1088545311746132