0.08624009507440912
0.08625838505270485
0.08626304818371773
0.08634712607827164
0.08645214176939493
0.0864362684426889
0.08710182349751387
0.08673010265523252
0.08660867187953956
0.0871068639990141
0.08678138567520326
0.08685653074342312
0.08730483010695289
0.08726462947840848
0.08726881346448273
0.0872645370216596
0.08728234083761172
0.08733429179201643
0.08738250203020297
0.0874040204330734
0.08747850418692775
0.08755391985671697
0.0876498597291281
0.08773977215736362
0.08804167937040364
0.08810172606039067
0.08790532125492931
0.08838454084269258
0.08820252818274611
0.08830263938941889
0.08872928576754727
0.088587146719356
0.08868793037207212
0.0888443704772955
0.08895640301138195
0.08916816845902897
0.08931607724307868
0.08940770109607832
0.0886982802428878
0.08888712304035849
0.08890231697926528
0.08925106265421474
0.08927150245511714
0.08949153868860021
0.08971847699660787
0.0898903314054277
0.09003407461371457
0.0900212575946463
0.09017385598672242
0.09033659903101086
0.0904815940572316
0.09060249735807238
0.09076597234255722
0.09084707903736962
0.09110634696604118
0.09111645194352552
0.09102937354071126
0.0913158949530253
0.09153766135339539
0.09150788944698063
0.09131661462531335
0.09174314028524427
0.09170062966207586
0.09175172891003197
0.09206274650656406
0.09211964633170075
0.09229953248093736
0.09243827206469352
0.09257078531660544
0.0927799359070315
0.09284153320720075
0.09299641440275748
0.09300083587269373
0.09314954652639128
0.09320939069824004
0.09329066558249559
0.09338861065892406
0.09349767806179993
0.09360808911251105
0.09368093235107136
0.093759743601882
0.09383898125557369
0.09389193774353621
0.09396632823010652
0.09403643810096142
0.09413186676917044
0.09412453344677499
0.0943201551084239
0.09536685869045847
0.09556521293731729
0.09565259704568001
0.09574455494062965
0.095826951785791
0.0958235047588119
0.0960020534848734
0.09578795144768472
0.09607049322282608
0.09617371985396855
0.09615004822665237
0.09629558320288571
0.0964013521569929
0.09652239317025699
0.09659285029854847
0.09680566975922741
0.0970445923703674
0.09699610151171946
0.09725100859867988
0.0974224741124915
0.09766238106060192
0.09807524639501727
0.09828917202082812
0.09850002453477513
0.09862461238026861
0.09869964004447704
0.09874432245394126
0.09889833470617163
0.09900231150210746
0.09912847906597556
0.0992709759093411
0.09943695530813249
0.09957695936317451
0.09987777077830916
0.1000853151608652
0.1003419873775279
0.10055352433386613
0.10086077152518894
0.10113764591866888
0.10142022735879248
0.10175732874869671
0.10205703111778817
0.10229655307658612
0.10262167346026128
0.1029351976069459
0.10323475680220859
0.10355312159118703
0.10385173759439004
0.10412846216039445
0.10439610363231092
0.10302764025038477
0.1033782028323596
0.10373224371304844
0.10410047062820131
0.1044784719603491
0.10484128730550563
0.10521009564032224
0.10558326230779036
0.10591818132728506
0.10627938778965454
0.10660990777382758
0.10692789211806136
0.10725121115206596
0.1075623419938006
0.10785603952001874
0.10812360396031297
0.1083849513949212
0.1086068782697627
0.10884112921967105
0.10903373807669395
0.10918919641052774
0.10957470947310169
0.10972815770036884
0.10985422966002013
0.10994260211363127
0.11059913888051497
0.11107915628215143
0.11150133881172365
0.11192333122901252
0.11231981591595183
0.11267916931849362
0.11301178379157356
0.11325387483267733
0.11363986891069089
0.11391932495859809
0.11410068777468807
0.11419483036785527
0.11450255504634128
0.11469528500283839
0.1147334279477474
0.11502968391311225
0.11515948331631883
0.1153341370348374
0.11541186759116226
0.11562506400439113
0.11578434989754204
0.11594470131141887
0.11610686376718515
0.11639215010548049
0.11663918959139578
0.12048158304807961
0.12060653716560206
0.12071191795935153
0.12090323299914547
0.12102306058726633
0.12114531646245191
0.12129173657567545
0.12143253578748969
0.12160561776926553
0.12181952734377816
0.12203922567535178
0.12225291246546281
0.12257218851692837
0.12289133686398825
0.12325907265053929
0.12366037206906455
0.12413896632911425
0.12466058732443477
0.12524129556161812
0.1258461159740616
0.1265822966954171
0.12729378914851341
0.12815459223924133
0.12908972511349012
0.13007916260066288
0.12952714822697417
0.12967559308876803
0.12989341496158832
0.13025861381041898
0.13067914298394145
0.13116772930065185
0.13176361953606053
0.13240889387257146
0.13316920344555594
0.13397728305419282
0.13483512132471123
0.13581975508853342
0.13687107333158813
0.13793167733412753
0.13904737003917556
0.1402008908515904
0.14145748929210414
0.14270576819307312
0.14399484408573732
0.14534263727180274
0.14661064413141886
0.14790240729092816
0.14920985901186626
0.15046649619952226
0.1515932851635241
0.14362367390791925
0.14526494079828337
0.1470214514798028
0.14879131454798025
0.15073671181538537
0.15277357276647818
0.15449114468111982
0.15642672865536178
0.15838396835446233
0.16024577701127635
0.16215135274017356
0.16402707025422913
0.16586207714825651
0.167658711553041
0.1693632880506417
0.17103211572412194
0.17259139970633236
0.17410035835266433
0.17546551840660507
0.17676674393807237
0.17792992785769826
0.17904795190911493
0.1800607079150272
0.18092269759571586
0.181561585747694
0.18899047771994448
0.19307873482609916
0.19685354664242782
0.20049161078770636
0.20384957035104428
0.20708197496287464
0.21014152858127078
0.21304080550838533
0.21591187667344985
0.21853362449674418
0.22097322156100646
0.2231398903472943
0.2255600835146029
0.22780451693449186
0.2298381125461977
0.23223588992198543
0.23461886785037583
0.23704011584053325
0.2397145082175361
0.24251787870824262
0.24581393115832115
0.2495819470336013
0.2543022577241427
0.2597612062007216
0.26647480640510346
0.4846531348752921
0.4861902207061196
0.48672977507026843
0.48641134970947425
0.4862976339169786
0.48560540752859294
0.48451386592603457
0.4833253288742092
0.48200931380910655
0.48063885564640574
0.4794877192200577
0.47796721099814793
0.47631929712198917
0.4737395400903252
0.47008832531808076
0.465182109900081
0.45876038381987594
0.45020254837604295
0.4391449706545852
0.4266453328756968
0.4112383653320269
0.3955978754570336
0.3753039752166628
0.35733483513868386
0.3351214025648558
-0.6159026522678003
-0.5551445187879889
-0.49977764009796305
-0.4484864867145495
-0.4023517333870107
-0.3593461631125316
-0.319621808912015
-0.2811988890050885
-0.24544656413380858
-0.21121232462105552
-0.1774205536859911
-0.14734856661458498
-0.11740873222931732
-0.08933827271472691
-0.062785796966369
-0.03787984306289137
-0.014480141410681263
0.00757281224612759
0.02907484658926499
0.04781050286560855
0.06542819799588456
0.08140031415948139
0.09530355578697096
0.1066621893973269
0.11514363903623996
-0.0015510873774318172
0.004771263175867426
0.011522551538217083
0.01790296095167827
0.02396452709961209
0.029952389984919326
0.03485165231951528
0.03981262683850948
0.044425083023443813
0.04836526876375234
0.05204000603045976
0.05549037087161534
0.05837225681416029
0.06101924890060745
0.06325267658464118
0.06499302080639557
0.06653478883982145
0.06767220141980182
0.06844691555388896
0.06908701465868528
0.06903258601981747
0.06928225714704415
0.06897576421459341
0.06810885786412496
0.06722639019317754
0.07485359922618669
0.07718175134776281
0.07929949364939565
0.08115758246657866
0.08265762777668725
0.08385910994114039
0.08505081178573201
0.0858928006886433
0.08650828775562966
0.08709028890793194
0.08720432479334016
0.08752422493878564
0.087740317453015
0.08798455475093833
0.08823540392247695
0.08819358838689241
0.08845429803149939
0.08820783387894426
0.08841164726271847
0.08860953656474312
0.08877653588793323
0.08911510281328223
0.08958022729385587
0.09018803604782212
0.09095924051213783
0.10541769105894158
0.10526979768187776
0.10514277362499434
0.10464161165252907
0.10480560284973835
0.10476825854034115
0.10471314702178634
0.10484353488095012
0.10496297076310619
0.10501291769721113
0.10543523194648229
0.10593942347071095
0.10658059693986104
0.10734626080163039
0.10823404905688756
0.10900659934118181
0.11027090560626605
0.11139561585407996
0.11273556118547287
0.1142181213733644
0.11608742881622976
0.11816709077175168
0.12008059667816566
0.12208420614207269
0.12409224389535346
0.11826399565565864
0.11865523144175058
0.11917627614154393
0.1199122315252591
0.12080863715407085
0.12182632164902231
0.12297761420223756
0.12427854711406854
0.12567232461709196
0.12716848285358076
0.12874110053526794
0.13037056530099386
0.13204077767927216
0.13374047219701501
0.13544877024574103
0.1371328118705555
0.1387783678510307
0.14043469014478338
0.14204788822522488
0.14353406598914314
0.14504253783330845
0.14633998841524573
0.14750203749389038
0.1485008487758368
0.14933856994350475
0.13891915712457634
0.14110933455508026
0.14285481156058363
0.14514505784997717
0.14734149436059016
0.14932229842462166
0.1512057625935567
0.153027598888951
0.15456424298303229
0.15628336014494293
0.15776373645994496
0.1590679412716555
0.1602818090035444
0.16133862128571683
0.1622517454083331
0.16322371945367806
0.16363171696361103
0.16407677716601518
0.164372517930555
0.16466180607644998
0.1647360624483207
0.16461544634031477
0.16444184194718964
0.16451232450745903
0.16362882888785735
0.17370805704572537
0.17532403387929904
0.17673141282179233
0.1779015388611088
0.17893053138314632
0.1798254852068101
0.18034816267470374
0.18087255452098994
0.18126434412177844
0.1814950822240642
0.18166586153052192
0.18180788928202804
0.18186927556849522
0.18177255630969116
0.1817705046462765
0.18179490902977294
0.18181564873709127
0.18190026538731677
0.18202517261700277
0.18228767716593788
0.18271971842064194
0.18325351607868423
0.1840503431251594
0.185059841671528
0.18637497205651277
0.20358734947035528
0.20298920638272025
0.20236660994953473
0.20185394838436022
0.20141084650347096
0.20101847679678286
0.20083763211566744
0.20074516328102268
0.20089315163080348
0.20120651779519874
0.20171723680065073
0.20243455476305008
0.20337028487419262
0.20453116105457617
0.20593998831870738
0.20762005050859572
0.20952350987199558
0.21169187786914448
0.21409615132458837
0.21669237052332688
0.21982614512019863
0.2228495820615732
0.22607884401669548
0.22941023662854884
0.23287975014642096
0.2197661298511778
0.2200612894239558
0.22102685661546384
0.22224495826302704
0.22382178905515748
0.22575599673429414
0.22798830876975845
0.23045849795113496
0.23325206228644868
0.23643368566174144
0.23961690896623528
0.24270394971468975
0.2463207983239896
0.2497710509452489
0.2531794396811669
0.2566884478549512
0.2600721246018235
0.2632294308543689
0.26650308528861605
0.269613316374131
0.2725719245568775
0.2752859729172406
0.2776552384253605
0.27967176755694534
0.2814505916265862
0.25658818300914044
0.2618600786648724
0.26716417726148806
0.27222179693211346
0.277187175147029
0.2819355089125697
0.2864337221771943
0.2906160533024343
0.29456312989949684
0.2982445341348757
0.3015978484195726
0.30469123056850983
0.3074932633731003
0.30995480514386076
0.31208620329710823
0.31387397148756413
0.31526428156287745
0.31631551697349874
0.3169321555009838
0.31744713642817896
0.3174885964665652
0.3169611512106628
0.3163528158280183
0.3152838108188059
0.3139681212607895
0.34313612306157226
0.34743137742722535
0.35098905954607673
0.35402353810902354
0.3565618516927807
0.3586182809416161
0.36022381076272053
0.36145097858124564
0.36233182930143754
0.36283701279089153
0.3630980389829696
0.3630535573334261
0.3629006961984457
0.36266526750943723
0.36233091310777266
0.36199370063636654
0.36178030966028785
0.36175662297531597
0.3619133092249266
0.36232086050744833
0.36317681159410314
0.3645996550839568
0.3668746989802478
0.37005347666506283
0.3742462213155918
0.43269500380986253
0.42988779607977845
0.42712075617334766
0.4248947346747104
0.42248420679541954
0.420626520429035
0.4190518889582323
0.41815203731644335
0.4177749785547562
0.41806941702353084
0.4192241890484488
0.42111240450371895
0.4239401291555345
0.4277576814147323
0.43263679162866764
0.4386112977473621
0.44565435939512177
0.45372866118704497
0.4627766869295733
0.47268484856995413
0.48337953883172663
0.49477323480680324
0.506753544977424
0.5192906928860189
0.5322832384922712
0.4752732539904947
0.4731869954910841
0.4739283011923803
0.47732718355143594
0.48319619792197566
0.49134477375505037
0.5015340067889381
0.5134981052135883
0.5269056915314776
0.5413766350204808
0.5566232773368072
0.5722973133370218
0.58805486080587
0.603675683132918
0.6190596454248251
0.634048680501499
0.6485821732516458
0.6625829368182788
0.6759639589416391
0.6888433571499195
0.7010386580148301
0.7124672417698554
0.723143780986324
0.733163366651585
0.7421302568263237
0.5869862224971296
0.6442584565751461
0.690352006736703
0.7280549069330186
0.7592906366209896
0.7856200729783417
0.8081147555744163
0.8278135764249293
0.8453801081551542
0.8612640884814902
0.8759021413397131
0.8895156908107744
0.9024160551149881
0.9146179875996109
0.9262285648046312
0.9373585942508147
0.9481786347799376
0.9587108682219773
0.9690776844775593
0.9793360487005618
0.9895755494326417
0.9998325874541257
1.0099468697999816
1.020300095679134
1.030837332433106
1.1271447245072093
1.1346175137280525
1.1424413458801936
1.151178657476701
1.1602733792527449
1.1700001540713765
1.1803439640144542
1.1911845184809229
1.2026739778236681
1.2146673543365396
1.2271631042740223
1.2401159591843909
1.253382267547181
1.2670199159811582
1.2809944036261414
1.2950369939473279
1.309158685622258
1.323066092159239
1.3367447023851686
1.3497018442156126
1.3615334489218889
1.3716358209537411
1.3793609983893975
1.3833610988636966
1.3821970467775995
2.179351432209403
2.1266789491126645
2.1001016828093872
2.0928863234821713
2.0999982156220334
2.1190725759915963
2.1482498251859057
2.1854394124623164
2.230697683136046
2.283393488321346
2.3433084388179024
2.410622770380664
2.48578086509513