	Frequency [Hz]	[A] Frequency Response (Real) [N]	[B] Frequency Response (Imaginary) [N]	
1	37.577	1.407	-6.21e-004	
2	45.154	0.9821	-6.2844e-004	
3	52.731	0.72689	-6.374e-004	
4	60.308	0.56177	-6.4796e-004	
5	67.885	0.44888	-6.6023e-004	
6	75.462	0.36835	-6.7433e-004	
7	83.038	0.30895	-6.904e-004	
8	90.615	0.26393	-7.0859e-004	
9	98.192	0.22903	-7.2875e-004	
10	105.77	0.20149	-7.522e-004	
11	113.35	0.1794	-7.7827e-004	
12	120.92	0.16147	-8.0743e-004	
13	128.5	0.14676	-8.4014e-004	
14	136.08	0.13459	-8.7684e-004	
15	143.65	0.12445	-9.1808e-004	
16	151.23	0.11597	-9.6449e-004	
17	158.81	0.10886	-1.0168e-003	
18	166.38	0.10289	-1.076e-003	
19	173.96	9.79e-002	-1.1431e-003	
20	181.54	9.3756e-002	-1.2195e-003	
21	189.12	9.0357e-002	-1.3069e-003	
22	196.69	8.7625e-002	-1.4073e-003	
23	204.27	8.5505e-002	-1.5233e-003	
24	211.85	8.396e-002	-1.6582e-003	
25	219.42	8.2967e-002	-1.8161e-003	
26	227.	8.2521e-002	-2.0025e-003	
27	234.58	8.2633e-002	-2.2244e-003	
28	242.15	8.3332e-002	-2.4914e-003	
29	249.73	8.467e-002	-2.8164e-003	
30	257.31	8.6725e-002	-3.2172e-003	
31	264.88	8.9611e-002	-3.7193e-003	
32	272.46	9.3496e-002	-4.3597e-003	
33	280.04	9.8617e-002	-5.1941e-003	
34	287.62	0.10532	-6.3094e-003	
35	295.19	0.11414	-7.8474e-003	
36	302.77	0.12588	-1.0052e-002	
37	310.35	0.14188	-1.3374e-002	
38	317.92	0.16443	-1.8718e-002	
39	325.5	0.19789	-2.8134e-002	
40	333.08	0.25139	-4.7095e-002	
41	340.65	0.34698	-9.437e-002	
42	348.23	0.54131	-0.26701	
43	355.81	0.43808	-1.214	
44	363.38	-0.66628	-0.4957	
45	370.96	-0.41561	-0.13097	
46	378.54	-0.28446	-5.4722e-002	
47	386.12	-0.21618	-2.864e-002	
48	393.69	-0.17586	-1.679e-002	
49	401.27	-0.15004	-1.0352e-002	
50	408.85	-0.13276	-6.3539e-003	
51	416.42	-0.12106	-3.5554e-003	
52	424.	-0.11339	-1.3381e-003	
53	431.58	-0.10896	6.7805e-004	
54	439.15	-0.10748	2.8084e-003	
55	446.73	-0.10909	5.4331e-003	
56	454.31	-0.1145	9.192e-003	
57	461.88	-0.12529	1.5456e-002	
58	469.46	-0.14497	2.7696e-002	
59	477.04	-0.18099	5.8084e-002	
60	484.62	-0.23564	0.16189	
61	492.19	-3.9728e-002	0.41428	
62	499.77	0.17564	0.16644	
63	507.35	0.11797	5.7402e-002	
64	514.92	7.8742e-002	2.6769e-002	
65	522.5	5.608e-002	1.4995e-002	
66	530.08	4.1989e-002	9.3957e-003	
67	537.65	3.2605e-002	6.3407e-003	
68	545.23	2.602e-002	4.5094e-003	
69	552.81	2.1209e-002	3.3344e-003	
70	560.38	1.7584e-002	2.5408e-003	
71	567.96	1.4784e-002	1.9828e-003	
72	575.54	1.2576e-002	1.5778e-003	
73	583.12	1.0806e-002	1.276e-003	
74	590.69	9.3668e-003	1.046e-003	
75	598.27	8.1822e-003	8.6746e-004	
76	605.85	7.1969e-003	7.2666e-004	
77	613.42	6.3698e-003	6.1402e-004	
78	621.	5.6699e-003	5.2281e-004	
79	628.58	5.0733e-003	4.4812e-004	
80	636.15	4.5616e-003	3.8635e-004	
81	643.73	4.1202e-003	3.3481e-004	
82	651.31	3.7375e-003	2.9143e-004	
83	658.88	3.4041e-003	2.5465e-004	
84	666.46	3.1126e-003	2.2322e-004	
85	674.04	2.8567e-003	1.9619e-004	
86	681.62	2.6314e-003	1.7277e-004	
87	689.19	2.4324e-003	1.5234e-004	
88	696.77	2.2564e-003	1.344e-004	
89	704.35	2.1005e-003	1.1852e-004	
90	711.92	1.962e-003	1.0436e-004	
91	719.5	1.8391e-003	9.1626e-005	
92	727.08	1.7301e-003	8.0061e-005	
93	734.65	1.6334e-003	6.9443e-005	
94	742.23	1.5479e-003	5.9571e-005	
95	749.81	1.4727e-003	5.0256e-005	
96	757.38	1.4068e-003	4.1312e-005	
97	764.96	1.3498e-003	3.2551e-005	
98	772.54	1.3013e-003	2.3764e-005	
99	780.12	1.2608e-003	1.4711e-005	
100	787.69	1.2286e-003	5.0994e-006	
101	795.27	1.2046e-003	-5.4538e-006	
102	802.85	1.1894e-003	-1.7469e-005	
103	810.42	1.1839e-003	-3.1695e-005	
104	818.	1.1895e-003	-4.9254e-005	
105	825.58	1.2082e-003	-7.1919e-005	
106	833.15	1.2435e-003	-1.0264e-004	
107	840.73	1.3004e-003	-1.4666e-004	
108	848.31	1.3867e-003	-2.1389e-004	
109	855.88	1.5141e-003	-3.2493e-004	
110	863.46	1.6963e-003	-5.2636e-004	
111	871.04	1.9274e-003	-9.2951e-004	
112	878.62	2.0358e-003	-1.7938e-003	
113	886.19	1.0576e-003	-3.0771e-003	
114	893.77	-8.5664e-004	-2.6173e-003	
115	901.35	-1.2189e-003	-1.3546e-003	
116	908.92	-9.8676e-004	-7.0909e-004	
117	916.5	-7.4988e-004	-4.1286e-004	
118	924.08	-5.7424e-004	-2.6284e-004	
119	931.65	-4.4779e-004	-1.7875e-004	
120	939.23	-3.5535e-004	-1.2763e-004	
121	946.81	-2.8622e-004	-9.4552e-005	
122	954.38	-2.334e-004	-7.2074e-005	
123	961.96	-1.9228e-004	-5.6197e-005	
124	969.54	-1.5973e-004	-4.4627e-005	
125	977.12	-1.3362e-004	-3.5977e-005	
126	984.69	-1.1242e-004	-2.9369e-005	
127	992.27	-9.5048e-005	-2.4231e-005	
128	999.85	-8.0681e-005	-2.0174e-005	
129	1007.4	-6.8712e-005	-1.6927e-005	
130	1015.	-5.8676e-005	-1.4299e-005	
131	1022.6	-5.0214e-005	-1.215e-005	
132	1030.2	-4.3044e-005	-1.0377e-005	
133	1037.7	-3.6942e-005	-8.9037e-006	
134	1045.3	-3.1729e-005	-7.67e-006	
135	1052.9	-2.726e-005	-6.6306e-006	
136	1060.5	-2.3418e-005	-5.7499e-006	
137	1068.	-2.0107e-005	-5.e-006	
138	1075.6	-1.7247e-005	-4.3584e-006	
139	1083.2	-1.4771e-005	-3.8072e-006	
140	1090.8	-1.2625e-005	-3.3318e-006	
141	1098.3	-1.0762e-005	-2.9204e-006	
142	1105.9	-9.1423e-006	-2.5632e-006	
143	1113.5	-7.7336e-006	-2.2522e-006	
144	1121.1	-6.5074e-006	-1.9807e-006	
145	1128.7	-5.4396e-006	-1.743e-006	
146	1136.2	-4.5097e-006	-1.5345e-006	
147	1143.8	-3.7e-006	-1.3512e-006	
148	1151.4	-2.9952e-006	-1.1898e-006	
149	1159.	-2.3822e-006	-1.0473e-006	
150	1166.5	-1.8494e-006	-9.2147e-007	
151	1174.1	-1.3871e-006	-8.1008e-007	
152	1181.7	-9.8651e-007	-7.1137e-007	
153	1189.3	-6.4023e-007	-6.2379e-007	
154	1196.8	-3.4166e-007	-5.4601e-007	
155	1204.4	-8.5043e-008	-4.7686e-007	
156	1212.	1.3465e-007	-4.1533e-007	
157	1219.6	3.2183e-007	-3.6054e-007	
158	1227.2	4.8039e-007	-3.1173e-007	
159	1234.7	6.1375e-007	-2.6822e-007	
160	1242.3	7.2492e-007	-2.2941e-007	
161	1249.9	8.1657e-007	-1.948e-007	
162	1257.5	8.9103e-007	-1.6392e-007	
163	1265.	9.5038e-007	-1.3637e-007	
164	1272.6	9.9646e-007	-1.1179e-007	
165	1280.2	1.0309e-006	-8.987e-008	
166	1287.8	1.0551e-006	-7.0325e-008	
167	1295.3	1.0704e-006	-5.2907e-008	
168	1302.9	1.0779e-006	-3.7396e-008	
169	1310.5	1.0786e-006	-2.3594e-008	
170	1318.1	1.0734e-006	-1.1326e-008	
171	1325.7	1.0631e-006	-4.3434e-010	
172	1333.2	1.0483e-006	9.2202e-009	
173	1340.8	1.0298e-006	1.7763e-008	
174	1348.4	1.008e-006	2.5307e-008	
175	1356.	9.8352e-007	3.1953e-008	
176	1363.5	9.5668e-007	3.779e-008	
177	1371.1	9.2791e-007	4.29e-008	
178	1378.7	8.9756e-007	4.7356e-008	
179	1386.3	8.6592e-007	5.1223e-008	
180	1393.8	8.3326e-007	5.456e-008	
181	1401.4	7.9982e-007	5.7421e-008	
182	1409.	7.658e-007	5.9853e-008	
183	1416.6	7.314e-007	6.19e-008	
184	1424.2	6.9677e-007	6.3601e-008	
185	1431.7	6.6205e-007	6.4991e-008	
186	1439.3	6.2737e-007	6.6101e-008	
187	1446.9	5.9284e-007	6.6961e-008	
188	1454.5	5.5855e-007	6.7597e-008	
189	1462.	5.2459e-007	6.8032e-008	
190	1469.6	4.9102e-007	6.8288e-008	
191	1477.2	4.579e-007	6.8385e-008	
192	1484.8	4.2528e-007	6.8339e-008	
193	1492.3	3.9322e-007	6.8168e-008	
194	1499.9	3.6174e-007	6.7885e-008	
195	1507.5	3.3088e-007	6.7506e-008	
196	1515.1	3.0065e-007	6.7042e-008	
197	1522.7	2.7108e-007	6.6506e-008	
198	1530.2	2.4219e-007	6.591e-008	
199	1537.8	2.1397e-007	6.5265e-008	
200	1545.4	1.8643e-007	6.4586e-008	
201	1553.	1.5959e-007	6.3887e-008	
202	1560.5	1.3343e-007	6.3189e-008	
203	1568.1	1.0796e-007	6.252e-008	
204	1575.7	8.3177e-008	6.1925e-008	
205	1583.3	5.9124e-008	6.147e-008	
206	1590.8	3.5917e-008	6.1235e-008	
207	1598.4	1.3833e-008	6.1185e-008	
208	1606.	-6.8665e-009	6.0858e-008	
209	1613.6	-2.6681e-008	5.9602e-008	
210	1621.2	-4.6453e-008	5.7734e-008	
211	1628.7	-6.6172e-008	5.5935e-008	
212	1636.3	-8.5503e-008	5.4391e-008	
213	1643.9	-1.0427e-007	5.305e-008	
214	1651.5	-1.2242e-007	5.1839e-008	
215	1659.	-1.3994e-007	5.071e-008	
216	1666.6	-1.5685e-007	4.9635e-008	
217	1674.2	-1.7317e-007	4.8599e-008	
218	1681.8	-1.889e-007	4.7591e-008	
219	1689.3	-2.0407e-007	4.6607e-008	
220	1696.9	-2.1869e-007	4.5643e-008	
221	1704.5	-2.3278e-007	4.4697e-008	
222	1712.1	-2.4635e-007	4.3767e-008	
223	1719.7	-2.5942e-007	4.2854e-008	
224	1727.2	-2.7201e-007	4.1957e-008	
225	1734.8	-2.8411e-007	4.1075e-008	
226	1742.4	-2.9576e-007	4.0208e-008	
227	1750.	-3.0695e-007	3.9356e-008	
228	1757.5	-3.1772e-007	3.852e-008	
229	1765.1	-3.2806e-007	3.7699e-008	
230	1772.7	-3.3798e-007	3.6892e-008	
231	1780.3	-3.4752e-007	3.6101e-008	
232	1787.8	-3.5666e-007	3.5324e-008	
233	1795.4	-3.6543e-007	3.4562e-008	
234	1803.	-3.7383e-007	3.3815e-008	
235	1810.6	-3.8189e-007	3.3083e-008	
236	1818.2	-3.896e-007	3.2365e-008	
237	1825.7	-3.9698e-007	3.1662e-008	
238	1833.3	-4.0404e-007	3.0973e-008	
239	1840.9	-4.1078e-007	3.0297e-008	
240	1848.5	-4.1723e-007	2.9636e-008	
241	1856.	-4.2338e-007	2.8989e-008	
242	1863.6	-4.2925e-007	2.8355e-008	
243	1871.2	-4.3485e-007	2.7735e-008	
244	1878.8	-4.4018e-007	2.7127e-008	
245	1886.3	-4.4525e-007	2.6533e-008	
246	1893.9	-4.5008e-007	2.5952e-008	
247	1901.5	-4.5466e-007	2.5383e-008	
248	1909.1	-4.5901e-007	2.4826e-008	
249	1916.7	-4.6314e-007	2.4282e-008	
250	1924.2	-4.6705e-007	2.375e-008	
251	1931.8	-4.7075e-007	2.3229e-008	
252	1939.4	-4.7424e-007	2.272e-008	
253	1947.	-4.7754e-007	2.2222e-008	
254	1954.5	-4.8064e-007	2.1736e-008	
255	1962.1	-4.8356e-007	2.126e-008	
256	1969.7	-4.8631e-007	2.0795e-008	
257	1977.3	-4.8888e-007	2.034e-008	
258	1984.8	-4.9128e-007	1.9896e-008	
259	1992.4	-4.9353e-007	1.9461e-008	
260	2000.	-4.9561e-007	1.9036e-008	
