7.361650138539799e-19
-5.653690635466506e-19
-2.611388798258008e-18
-0.00046598611557162117
-0.00027625112813078336
0.00019007828984458647
0.000010093676069271482
-0.00015902834864064426
-0.00019640976812173848
-0.0001292856424240431
-0.00026876443216486206
-0.000026927158031255774
0.00038786745189919094
-0.00031611620577321115
0.0001570549977999179
0.00038345184285332493
0.00006141259010941245
-0.0005710583589043258
0.0005184987458190927
-0.0002490318639348904
-0.0005627134256209689
-0.00007144135934910464
0.0007373906713717824
-0.0006740216961416667
0.00034091545861102937
0.0007500832568960634
0.0001313309066695672
-0.0009258395557774693
0.000759999470870127
-0.0004418460679226828
-0.0009235862552113725
-0.00016118881813277435
0.0012239822117110838
-0.0010213813904299813
0.0005631556259739965
0.0010971010525782864
0.00020520009925247562
-0.0015417261944894272
0.001249655101282113
-0.000693409041030885
-0.0014534303155878748
-0.0002454549998209557
0.0018579888658661154
-0.0014990627222729318
0.0008967298578044827
0.0018252611748159361
0.00028701933616378947
-0.0023585129032171414
0.0019446321039787416
-0.001168714728425029
-0.002279643931539974
-0.0003177404781640921
0.0031304939541989055
-0.0026390634386800884
0.0016712023928518594
0.0031783184726815344
0.00037088547789653473
-0.00452007031740555
0.003982026517902132
-0.0027663182821800665
-0.005077958137369124
-0.00046743723513300044
0.0075144001393376795
-0.007398127302296411
0.005722953917409927
0.010631575122143178
0.00047519832061709827
-0.01730965067676258
0.028373833181322597
-0.02620904796159587
-0.04156082913363136
-0.000057463097551681145
0.07821100516922368
0.3823588950402923
0.6634725157733251
1.1098774116274703
-0.020695705317735864
-0.46671979414940196
0.03477044517866757
-0.01955153921367875
-0.023614346084414248
-0.000870026497368933
0.023106912238976682
-0.007910915528654774
0.00489861467166258
0.007923902022878567
0.0007293174488567635
-0.008827593654889289
0.004657269994589461
-0.002364309850535431
-0.00461114335583013
-0.000889813081015243
0.005244947339131122
-0.003825095205337738
0.001421866644027942
0.0037429999264832654
0.0011432847231769784
-0.004071402113958116
0.0037059289510101485
-0.000907042414881229
-0.003299747852429442
-0.0013588197320119324
0.0033407397593168383
-0.0036950994877113824
0.000521293958125748
0.003228107745812631
0.0017710868522540608
-0.003013379259092979
0.0040906597299863595
-0.00014756473142479298
-0.0034354134139762908
-0.0022289241484180515
0.002817766299221455
-0.004775845230149821
-0.00023994661284675788
0.003642588237026728
0.0028363671158225384
-0.0028188900822689786
0.005718351750097962
0.0008325379445867124
-0.0039498355054996635
-0.003521982462269628
0.0026840782715558593
-0.006972033839113116
-0.0016512625879561691
0.004500531013967991
0.004743786046709097
-0.0022686814888167824
0.0090787557185671
0.0031871514955065915
-0.005329884496769072
-0.006619819566050563
0.0016566732819282878
-0.01273175547896731
-0.005482791852427231
0.006287476475320014
0.009812783953671836
-0.0007966250886341244
0.020069554145662926
0.011720507724322071
-0.008136246462269908
-0.013332573944792588
-0.0009470435391810271
0.04906731799654817
0.08339945804012919
0.09340613310227099
0.07619058567296656
0.017407498460105617
0.03010659643000296
0.03424423454621192
-0.016153774800550677
-0.09881193293694263
-0.07058257918543429
-0.08966089303517223
-0.15023249753378248
0.05614475060657548
0.4566545036747868
0.36935170728228356
1.4462874849251748
4.270903985666936
-5.779594252542516
-8.727588226032196
-1.0076414810094605
-0.6033680905756229
-0.39518111244388965
0.011316971113735357
0.2017416360610787
0.12285378853123068
0.07511700946948956
0.0863618510480087
0.0009345528429861437
-0.06186153169844299
-0.03670189330369658
-0.02901457394479512
-0.0343558604215836
0.001449162107973092
0.028840683216008082
0.022619723215041885
0.01569191891422869
0.018398170712150528
-0.0006561995094239314
-0.01596362281839376
-0.010051364662653422
-0.00935817267443604
-0.010634938665675704
0.001643124445799267
0.010582335388833321
0.005024621337306623
0.0077415781047158174
0.006473317747995204
-0.0014682019085781395
-0.006859160984420687
-0.0008891448174466646
-0.00640646905501619
-0.003784752926267242
0.0021432389351355788
0.0049806783471871745
0.00023897266501684015
0.005540456006443926
0.0019684102622607434
-0.003947982401326385
-0.003398925825243373
0.0018981230059336967
-0.005406457709471186
-0.000013909017590143884
0.004475694447118119
0.0023202355518616006
-0.0029849326480938503
0.004903811135450802
-0.0014605415986860403
-0.0045615615933567
-0.0011161057973622273
0.006483797068741411
-0.005689001923742662
0.0034023344642902602
0.006432777995137511
0.0005581411907085241
-0.0072734035301423566
0.0052836342845036825
-0.004974800543399029
-0.008542070859277776
0.000395882021361552
0.010659381902669796
-0.009074559720791114
0.007220631594490523
0.007792057464158137
-0.0008239787181194423
-0.01224266728921733
0.006734824428101711
-0.00819802631318718
-0.013119124282156058
0.002380019469147437
0.014163322631989637
-0.03358209445866435
0.02428019154975089
0.00962011306512326
-0.001296716099856441
-0.007071141948879542
-0.011234671502431211
-0.011458687155924366
-0.007748997501304064
0.0017986490230544978
0.02677577857287108
-0.005865252061062644
0.012128394136577595
0.030203832472291296
-0.01559149507807213
-0.05818092567717336
0.02038492633600929
-0.034013956609639975
-0.030827564160001313
0.008647954962922111
0.06567139203856764
-0.018208012619689254
0.03594010731969766
0.05701583421613192
-0.028357627626088334
-0.12044066969581678
0.03950729193825083
-0.08233340364440299
-0.07654183877184853
0.022558926735961212
0.1766759910848142
-0.05122213908351917
0.10588238970037298
0.1952807241539135
-0.1152464919066248
-0.4629847091496636
0.2092381961479939
-0.5015647172955829
-0.4856957948000028
0.18433487200926632
1.6981537907610338
-0.6313935940890809
2.1982568020819775
19.819725378300294
-16.30844954867021
-15.340649322454917
1.1732880660460994
-1.8630340832932142
-1.9843856450771236
0.2358477632092561
0.9091053185761951
-0.32126060802844875
0.30236437210419903
0.19166632788125743
-0.08431438952750726
-0.272825787214469
0.045288245328974276
-0.11733553757921356
-0.09282368106206455
0.016243486388458864
0.1193995069459027
-0.04343155302657577
0.045791136176520815
0.0401283805328576
-0.025977099192640647
-0.07695156212081965
0.009251976070008317
-0.03508551100586981
-0.03559415288374123
0.0038955618927168033
0.0350074134635208
-0.013022830335462032
0.017861794045789553
0.013888761364175018
-0.009915893015760327
-0.02913438222618382
0.003171529643207242
-0.015521177588789088
-0.011280770105698354
0.0026226817730788236
0.01485408203495489
-0.0057547325772179985
0.006543324695736015
0.006066236667324769
-0.005842620598688072
-0.014476265823276864
0.0007834540323805117
-0.006615074483461331
-0.00671251413993811
0.0017324268510872944
0.006673602340365253
-0.0021152866710656888
0.0030724461947540327
0.002270665571303054
-0.0035288386444327128
-0.007897840331566429
0.00027487268281615595
-0.004392284422240305
-0.0037617010053688444
0.00026202667005433743
0.0031700768457862782
-0.0014489323911377311
0.0015060556412089818
0.0007991998741706594
-0.0020928491487749307
-0.0036609177447907717
-0.00030243316962051084
-0.002064778129471501
-0.001892082432891288
0.00008556799035802235
0.0013543737000944044
0.0006246830876222634
0.000478576285975812
0.00013618308752165033
-0.0011346925090984403
-0.0017864916630064682
-0.0005241582000680513
-0.0009661099521988864
-0.0006478000890630282
0.00013480344327198386
0.00040190275394908257
-0.0001545239551739358
-0.00003189954042574383
-0.00020869746595999862
-0.00051761245031948
-0.000623768204675672
-0.0005195626713110639
-0.00022024826297464438
-0.00006601201494467003
-0.00004585285043674915
-0.00007250966957718872
0.00012976167593384556
-0.00023951382118348258
-0.00034775010890345556
-0.00014852312235141067
0.00005892470862290924
-0.0011427043806730326
0.0005505677572314125
0.0001832864086280577
-0.000010243313497708357
-0.00007589378550359498
-0.0003289460811649623
-0.0002590431840165564
-0.0001221274896104373
0.0000714571482459124
0.00035347702700575315
-0.00002664286065659992
0.00034123923539309723
0.00041048276527361346
-0.00021302525195874522
-0.0002973607422194281
0.00020773339759308734
-0.00035242065343463625
-0.000056291754595411195
0.0003592895928061988
0.0005309797785033847
0.00020260340168965307
0.0006394514785561222
0.00048027120290946435
0.0000863384277779012
0.00016496498318754259
0.0001817431859377937
-0.00011726976829095602
0.0005060106450680905
0.0008076960869148912
0.000586109512627377
0.0008706516056601907
0.0010454217320947901
0.0006590841772309361
0.0006945745573188035
0.001367602910124318
0.0002722006353906514
0.00032529342013233186
0.001749641355686195
0.002114727618069314
0.0011452121860103508
0.0025479160351489375
0.0018594156416204624
0.0011934333470694542
0.001872964849879804
0.0039016122717075866
0.0006422157023194417
-0.0003655303937686158
0.0046511020945531455
0.004429099999369732
0.0014732759838721598
0.005440929081055884
0.004933207757206169
-0.002725345623675051
0.0006466215121150251
-0.002865290514812223
0.0019987141583467745
0.006322962309896189
0.003619012785490478
0.013340521997994015
0.005346562468569471
0.020566415110714623
0.0147164195885595
0.0030091850625774768
0.008087911182000697
0.03623809944768428
0.003709970557038301
0.0349221352358377
0.06828251573880291
0.08796052755791571
0.03386058491829716
0.2346874911521113
0.2003349053424241
0.14397078760170356
0.5760872090308695
18.631612686468202
-2.3777354608238213
0.730213338695582
0.7318518378269432
0.4725028379220135
0.11463397640422483
0.17482057053184508
0.10792261094017774
0.021456050055098475
-0.0061918051863387984
0.04040706341341038
-0.006893012199761946
0.004296150473232813
0.02552301606304057
0.031133027854119727
0.014937004167628082
0.024329378025272182
0.018348754856869036
0.003652080275012242
-0.004871279983057989
0.0028811256838461516
-0.0040339131383698365
-0.003709576867542232
0.006789574266720526
0.01125221607841131
0.006910720497052405
0.008933567375809968
0.009291928212887107
0.001517904885464409
-0.003403680844204003
0.0005555650303372203
-0.003723751495671002
-0.0033119702382407605
0.0025438711899763537
0.006643363959030538
0.004775578194619128
0.0054557172178711
0.0066622095576388055
0.0009082139384251958
-0.0034519266905196394
-0.0011862993240561166
-0.004015517449489469
-0.0037594938535967597
0.0008065809115685922
0.0042088803684358755
0.004085670264135492
0.00318835579926206
0.005459411706712103
0.0006067037745734131
-0.0036563667186851286
-0.0012592135173475582
-0.015222066994700684
-0.0031571866134809125
0.000055620863624757055
0.0013415318946841575
0.0017626137409862816
0.0019299592368612025
0.0014556604728642574
0.00026979510928591135
-0.00235285445032592
-0.012306112245594324
-0.0007541820874309682
-0.0030012847763933796
-0.0007227670246552558
0.004154609480100553
0.0030381416621863824
0.0017678178107944245
0.002973683547672774
0.0008598080050109479
-0.0022778240510149023
-0.003973391037925525
-0.0006093380475899084
-0.0026062060580249453
-0.0007965970458037772
0.0026876641050643333
0.002949437396768981
0.0010183759863677932
0.0025752304024033385
0.0009304415342597596
-0.001959794016788342
-0.0032113092508265287
-0.00047936555363670716
-0.0024324821004286026
-0.0010659633475110918
0.0018194818603010179
0.002493772031681994
0.0003530031205758532
0.0019568344265023154
0.0006533846824883498
-0.0017502087373490174
-0.0030535412403591734
-0.0006768563724021489
-0.002272801955857509
-0.0014192636087732656
0.0007214750622054698
0.0012743155971612953
-0.00031686999275516036
0.0008441165820097413
-0.0004135410022507599
-0.0019303772004299585
-0.0026934457954912653
-0.001511825848753173
-0.0021924280493320217
-0.00195634113650871
-0.0015667071967720696
-0.0019122085587518916
-0.0022828245211360377
-0.0032316768923131836
-0.003756054882031445
-0.0027566614823377623
-0.0019740438504693486
-0.005430177106372404
-0.0016521585560327853
-0.004421752579476348
-0.01529048241324615
-0.022786933619835626
-0.01574916696739034
-0.039683572220764504
-0.039901576167684624
-0.010992973886038798
0.033721836236735664
-0.12582202916237728
0.09405728002519688
-0.9689652591814
-0.45264840923295163
-0.3033030426216608
-0.024454876778121422
-0.054871462273020276
-0.03445165333295913
-0.002692861152900256
0.00488496050864188
-0.009464823092842335
0.001072228133104859
0.00004885885527752329
-0.002540590793579449
-0.00284474308243385
-0.004972992373486598
-0.007937204213058551
-0.008117367835972373
-0.006265795000603378
-0.0022468434001532817
-0.0013494771706789965
-0.0014591487397830304
-0.00036226593197882464
0.0004994930232765565
-0.00039043459602829133
0.00008560374521057128
0.00029371400036583604
-0.0010001636478207956
-0.0020294397416233535
-0.0016217374392009406
-0.0017190727252387027
-0.002017916537527937
-0.0008011190630874564
0.0005470678274287674
0.0003606603742835203
0.00011312719171646783
0.0007332959589002962
-0.00028938703375178755
-0.0017286058259987343
-0.0017962856158195387
-0.0010148386720456937
-0.001795054333065959
-0.0007663176675446456
0.0007710070276152418
0.000997355928808968
0.00010135793087655094
0.0009980702510115882
0.00004271629259326372
-0.0015751564959062454
-0.0020040412382686624
-0.0008021371191435379
-0.001808330749601744
-0.0008760603535519396
0.000870024975880097
0.0013037304246211014
0.00011679816645079832
0.0012046611359340352
0.00018877261139094932
-0.0014761147205083096
-0.0020302409604860496
-0.0007046873744844683
-0.001837726527451614
-0.0008453195356343533
0.0009638936188734781
0.001445258888578863
0.0001773009114627926
0.0012819301783944506
0.0003818405935584337
-0.0014106824777870412
-0.002034452781330779
-0.0006015566268147706
-0.001718878524836384
-0.0008786333469435215
0.0009403077172346886
0.001533110459155667
0.00016486739705954577
0.0013113579477882463
0.00045672514579768176
-0.0013930253438767363
-0.0020933772426359933
-0.00043074227312383146
-0.0017903603299400494
-0.000870282536886599
0.0009464970110715337
0.0016863562524819932
0.00010784482787816163
0.0013602104447833015
0.0005002226375429138
-0.0013416480866455343
-0.0020682452026214624
-0.00045996700242775974
-0.0016791849123301416
-0.0008301221693234601
0.0010700740326208048
0.0017137159541936017
0.00012833250928367403
0.0014086857700015597
0.000586179379227217
-0.0013138129105237063
-0.002100160231469556
-0.0004288687978738707
-0.001620958142555166
-0.0008368627311048899
0.0009354861279243378
0.001721777290176922
0.0001126018005726202
0.0014866208430905307
0.0006124608622573424
-0.0011997054960881104
-0.0020029015343895787
-0.0003569161096649734
-0.0016423451705807062
-0.0008780303864474924
0.0009692214730952534
0.0017432152910496048
-0.000037727360222120626
0.001424210406745349
0.0007051942324679553
-0.001136240553678478
-0.002020699951613248
-0.00038126558112944897
-0.001430380324289712
-0.0008491941861804392
0.0010281465830850195
0.0017247429768008898
0.00013876284422291384
0.0014006956586053545
0.0006790265767517458
-0.001184009509442865
-0.001821055069266005
-0.00029141438056915555
-0.0015670927610035158
-0.000804517501503123
0.001055186777235792
0.0018893112051414653
0.00006705836448619063
0.0015324863861642828
0.0008002467993239935
-0.0010499158603692474
-0.001904413782364372
-0.00016805996465349947
-0.0013942472223350407
-0.0007374291083177551
0.0009353919370663765
0.0017892114188458302
0.00012603123300961594
0.001453247094838436
0.0006146225557307064
-0.0010442140196845176
-0.0018893605153806592
-0.00017474107822747938
-0.0014850062840729163
-0.0007828948658207068
0.000964147098098964
0.0017367750782281942
-0.00004113945108021834
0.001302185442117873
0.0007345176222525345
-0.0008364814961078145
-0.0019041995797523888
1.3790475999081936e-6
-0.0012977790695442573
-0.0007674246564656467
0.0009302101574723713
0.0018225516804308178
0.00004131446897909214
0.0014076966531573552
0.0007106662437799167
-0.001055994816409259
-0.0019087351393767458
-0.00013140262279143596
-0.0014182670981011984
-0.0008566422882690601
0.001132766719311459
0.0017162644808613858
0.00019487625664615205
0.0013100316861287078
0.000760496376359688
-0.0008502062926418945
-0.001833869365920034
-0.00003359210212077738
-0.001604284444570124
-0.0007266781335514673
0.0007235182687479599
0.0017525644236284276
0.0001408642395087674
0.001408255621624097
0.0007255105885734602
-0.0008156825831530251
-0.0016561930565604731
-0.0001170928553129404
-0.0013769023977544708
-0.0008401271062468753
0.0009570162702408003
0.0017665647521613956
0.000022553686371621867
0.0013068742658603786
0.0007532921129100336
-0.001119956355152657
-0.001965918710111837
-0.00015606580626533622
-0.0015024968441780604
-0.0007869130589607697
0.0009243790726458951
0.0017836922624852047
0.00006236576709215956
0.0013455440811218212
0.0007599759434185777
-0.0009259401101329431
-0.0017983406727409583
-0.00013539688369196954
-0.0014296983617434786
-0.0007827406204952087
0.0008324507194353517
0.001927337944622873
-0.00006514516150912968
0.0015023925899062555
0.000663197576559256
-0.001049699840407203
-0.0017544856774832074
-0.00023340101149025197
-0.001388785409861213
-0.000801562542541084
0.0010829322903782082
0.001992815099386656
0.00013804766179696784
0.0015993811231053482
0.0007023818569817144
-0.0012239321372041567
-0.0018776570757809861
-0.00022820571061261873
-0.0014977394704053981
-0.0007758900841004462
0.0011465774795244511
0.0017438793136658427
0.00018506874424295864
0.0014478745528929528
0.0007464243033396277
-0.001119125590859944
-0.0019614023851105126
-0.00018764478714450514
-0.0015674371642674545
-0.0007195049811302436
0.0012054360134029101
0.0018465986584179116
0.0001916557717994471
0.0016247287770116354
0.0007516616356806576
-0.0011196150697343943
-0.001979241573067835
-0.00021171058297414768
-0.0013625137191515242
-0.0007930932301847352
0.0011017739074717509
0.0019033489960769189
0.00019750988795499567
0.0013997483644983095
0.0007082523359492098
-0.0010195433730422014
-0.0017782772974107403
-0.00020104164281225024
-0.0013085309760486237
-0.0007563845651731809
0.0011415576513700136
0.0018927737760498352
0.000016094666022981553
0.0013580262926698643
0.0007693574300822452
-0.0010073821666620353
-0.0018101504120439065
-0.00003828514341328498
-0.0013876683361723771
-0.0007748919446026819
0.00105146044100226
0.0018874964950973136
-0.00005511563337923032
0.0013889221144537784
0.0008108372580031877
-0.0010827597245603963
-0.001975856409741158
0.00016743124838363254
-0.0016508291616824826
-0.0007206070006831463
0.0008464294258542542
0.0019851340156857604
-0.000014572535531490198
0.0016298596034871038
0.0008189932331988477
-0.000740003971241768
-0.001827654943255673
-0.0001224730245266521
-0.0014390293593690426
-0.0008090165583533325
0.0010294651181883801
0.0018122745587324468
0.00028563911795531155
0.0014521574724829932
0.0008102044050153003
-0.0007789256040489612
-0.0015448701089773044
9.98853686289108e-6
-0.001651677692458775
-0.0007314938246719415
0.0006178914768607305
0.0016936410678169637
0.00013297912434594164
0.0012003217481770224
0.0008104400416983739
-0.0008738215535759296
-0.0018957167786434429
-0.0002108780580114439
-0.001266358792992648
-0.0007648334222358736
0.0010183955636613156
0.0017980910834493936
0.0001819125173875685
0.0012873368000870283
0.000694849838603454
-0.000690486506985754
-0.0019491370306225703
-0.00026777095935572737
-0.0012902733086470647
-0.0007468381007304614
0.000920286606451889
0.0017041547420543932
0.00017268032769507017
0.0012957442901766498
0.0007621588358604719
-0.000993986312746111
-0.001787932719819735
-0.00013112838933941338
-0.001303316954111504
-0.0006806706496130253
0.0008955021950881398
0.0016615878308714157
-0.00009959017465284045
0.0014557746886315304
0.0007227541702139186
-0.0005842111972027613
-0.0016287153099599563
-0.000292698402846292
-0.0012740529371677801
-0.0006859930816463063
0.0011516610776612349
0.0016824580007300867
0.00006900141858494792
0.0013769059182858641
0.0006729544269990749
-0.001004312733617325
-0.0017283931649383609
-0.00011477281502977844
-0.001340838651417168
-0.0007307798059743866
0.0008939153525980505
0.0017735356908934888
0.0001749306462231017
0.0015161301966583657
0.000693020591621666
-0.000964296321503686
-0.0015689855937129715
-0.00032845875417636985
-0.001497694881666513
-0.0007222532966201758
0.0009128090060776942
0.0019150412690392418
0.0002580283570803648
0.0013574150239861916
0.000698844835721202
-0.0011115421529415289
-0.0017209732979227164
-0.0003317759844106968
-0.0014726518879265374
-0.0006786021563388189
0.0011265002545332655
0.001740806902388589
0.00017200413329005663
0.001591000814299846
0.0006786353603153818
-0.0010987089100975525
-0.00197770212092193
-0.00022542513604946314
-0.0013439178370396856
-0.0006675328241104458
0.0010942634670851885
0.0017717314122429047
0.0001390702262067591
0.0014434973683384116
0.0006961967594427706
-0.001142256285999836
-0.001788198691921089
-0.0002885541545676661
-0.0014938207457211616
-0.0007053640173796722
0.0010723518747810486
0.0018028713887278506
0.00022445574747611503
0.001400969734036586
0.0006522472565972377
-0.0010466009527160289
-0.001778918315586653
-0.00023051348716409854
-0.0014227671534915822
-0.0006849252462658676
0.001057253770125589
0.001743126194016841
0.0002680132018621044
0.0013862168402126846
0.0006324831713794537
-0.0010677645820142264
-0.001768453069449579
-0.0002738353850460006
-0.0014512222535467407
-0.000672284483217581
0.0011177461391985674
0.001778357538015771
0.00021866538277668835
0.0014433071699436082
0.0006560154826023797
-0.0010949846060813611
-0.0018092815814113833
-0.00023848891274474336
-0.0014334885718783755
-0.0006533709303545324
0.0011181730792606509
0.00172838944341091
0.0002743441048541616
0.0013861951952931601
0.0006439950284731446
-0.0010483984333824207
-0.001802060904504152
-0.0002562850872755256
-0.001479349451729371
-0.0006496210530743207
0.0010461637921471295
0.0018403226962104811
0.00028106616837337287
0.0014785633073545479