-1.5586723159824867e-19
-2.5170741107347953e-14
-6.392213905658394e-13
-4.491329040747899e-12
-1.823423947690474e-11
-5.452716434777159e-11
-1.3415233307627703e-10
-2.882857786655678e-10
-5.609663463389354e-10
-1.0118113359602286e-9
-1.7190327547228308e-9
-2.7828150354036803e-9
-4.329123463261108e-9
-6.514022724306488e-9
-9.528597247402087e-9
-1.3604579759913205e-8
-1.9020812194745413e-8
-2.6110684385757462e-8
-3.527072156958639e-8
-4.697052254133781e-8
-6.176428746160363e-8
-8.030421921294207e-8
-1.0335613661123951e-7
-1.318177038235487e-7
-1.6673976082173938e-7
-2.0935133802411293e-7
-2.610890587769819e-7
-3.2363178156889295e-7
-3.989415168842847e-7
-4.893118803292292e-7
-5.974256258410378e-7
-7.264231552434304e-7
-8.799843427415579e-7
-1.062426570529696e-6
-1.2788225779929593e-6
-1.5351426261649662e-6
-1.8384266299480081e-6
-2.196993391722899e-6
-2.6206959873878027e-6
-3.121234853365161e-6
-3.712543397379905e-6
-4.411265278038351e-6
-5.237348244992042e-6
-6.214787131381702e-6
-7.37255899069808e-6
-8.745807540292741e-6
-0.000010377353557077753
-0.000012319634922527233
-0.000014637217966977625
-0.000017410075607101757
-0.000020737905076634134
-0.00002474587047736706
-0.000029592321159028798
-0.00003547928507805748
-0.00004266691377667602
-0.00005149364011813136
-0.00006240473254128384
-0.00007599341708878708
-0.0000930611931730828
-0.00011470812575739422
-0.00014247114065139518
-0.00017854138725494602
-0.00022611606720581443
-0.0002899874667714828
-0.0003775685176268021
-0.0005007625057741383
-0.0006795640880591404
-0.0009494728080566094
-0.001378073093865127
-0.0021062585935894573
-0.00346626040329814
-0.00639398347904337
-0.014389437361940057
-0.05002742998752775
-1.0447920237683959
-0.14273373374293227
-0.002103508066985096
-0.010427882951657579
-0.0067460077353546834
-0.004676814229655114
-0.003478854181483813
-0.0027292024934302207
-0.002228897630035325
-0.0018778057128912805
-0.001621536227258656
-0.0014285433605291213
-0.0012795078689254987
-0.0011620513450419224
-0.0010679364655730458
-0.0009915030551112885
-0.000928753788561921
-0.0008767983028086352
-0.000833503516223213
-0.0007972670156607705
-0.0007668662971451403
-0.0007413561133047149
-0.0007199971168989111
-0.0007022053347953506
-0.0006875157958748988
-0.0006755559587688215
-0.0006660260427544734
-0.0006586842995755998
-0.0006533358749637183
-0.0006498243154648953
-0.0006480250516428165
-0.0006478403782046001
-0.0006491955838919926
-0.000652035977703184
-0.000656324625365982
-0.0006620406591412889
-0.0006691780604857919
-0.0006777448426721307
-0.0006877625817817226
-0.0006992662614693588
-0.0007123044109233052
-0.0007269395275664337
-0.0007432487870948382
-0.0007613250541316657
-0.0007812782177156022
-0.0008032368876901253
-0.000827350501455856
-0.0008537919063001108
-0.0008827605015252382
-0.0009144860480688329
-0.0009492332827483205
-0.0009873075116909819
-0.0010290614056400677
-0.0010749032823140386
-0.0011253072428919902
-0.0011808256379988054
-0.0012421044830814173
-0.0013099026377021267
-0.0013851158279598182
-0.0014688069548394822
-0.0015622446361431095
-0.0016669526387031732
-0.0017847738656187632
-0.0019179540152870602
-0.0020692521502457227
-0.002242088560302967
-0.0024407450492959777
-0.0026706400597824526
-0.002938712456508204
-0.0032539660381851725
-0.003628256743391091
-0.004077454799951424
-0.004623201157241736
-0.00529563342477199
-0.006137746135910559
-0.0072126114776544644
-0.008615829157871319
-0.01049803607232974
-0.013107981881388875
-0.01688086681689809
-0.022635849530106205
-0.032069635033582865
-0.049189225076218264
-0.08546638968541968
-0.18593960764066145
-0.6898677084654117
-154.219896489026
-0.8728298087138365
-0.20120230255511792
-0.0862828185241497
-0.04734174149770489
-0.02967567280743043
-0.020221375106991863
-0.014590076051235596
-0.010973862753017769
-0.008518315584712782
-0.006777407635115027
-0.005500018964602482
-0.004536095578680454
-0.0037915534319893627
-0.0032050090906800004
-0.0027350531796600536
-0.00235294352020435
-0.0020382335931670914
-0.001776062963530442
-0.0015554254039743618
-0.001368031680749352
-0.00120754479254871
-0.0010690546316898873
-0.000948710167273578
-0.000843457450936965
-0.0007508500667468261
-0.000668910031394901
-0.0005960243812045351
-0.0005308673665399712
-0.00047234126436042855
-0.0004195308925814845
-0.00037166832199526635
-0.000328105257212927
-0.00028829124123444375
-0.0002517563224412607
-0.00021809716995689428
-0.00018696587486894404
-0.0001580608589332316
-0.00013111944841788135
-0.0001059117721482976
-0.00008223571903003297
-0.000059912748063060666
-0.000038784387915842874
-0.000018709296989532745
4.392189181551022e-7
0.000018775313857434256
0.00003640240044200997
0.00005341469405031672
0.00006989854661154208
0.00008593360620084514
0.00010159383239960413
0.00011694839236983755
0.00013206245858407025
0.00014699792595456666
0.00016181406354997434
0.00017656811406106015
0.00019131585259282987
0.0002061121151348046
0.0002210113061553262
0.00023606789413216142
0.00025133690344505695
0.00026687441090163526
0.00028273805523767537
0.0002989875682258688
0.00031568533655868555
0.00033289700445502117
0.00035069212801457815
0.00036914489374344613
0.0003883349154626025
0.0004083481260609086
0.0004292777833626156
0.0004512256128737536
0.0004743031145159623
0.0004986330658529138
0.0005243512610501169
0.0005516085332113223
0.00058057311829052
0.0006114334320666585
0.000644401348494441
0.0006797160891566274
0.0007176488609506086
0.0007585084144289177
0.0008026477409507717
0.0008504721864843483
0.0009024493383509711
0.0009591211451335677
0.0010211188687660028
0.0010891816548346633
0.001164179761404682
0.0012471438358972156
0.0013393021141752373
0.0014421280961792438
0.0015574022186838352
0.0016872924361990736
0.001834460650132519
0.0020022049323538734
0.0021946520160738762
0.00241702146614247
0.002675993786738596
0.0029802320414116052
0.0033411348660214216
0.0037739462406078043
0.004299429388247237
0.0049464584501965
0.00575615228254534
0.006788697025038102
0.00813506152912824
0.009938073880665749
0.012432506617898853
0.01602664615631569
0.02148284921217551
0.030362777185174553
0.0462958642119178
0.07941628841365339
0.16777601719401553
0.5686978144419647
24.023284006767078
1.1516852199605967
0.23258085561903313
0.09615685884672158
0.051986085359886025
0.032384500186332994
0.022024974066838298
0.015901812936919113
0.011989037085092715
0.009340562453014753
0.007466716381171761
0.0060935417297883375
0.00505811758157824
0.004258665040311733
0.0036289674844746387
0.003124452565617266
0.0027142348343937176
0.002376371455121358
0.002094930006455536
0.0018581187780783107
0.001657061500280196
0.0014849747401453142
0.0013366036171498224
0.0012078271787779595
0.0010953775838106084
0.0009966370972832352
0.0009094892150627547
0.0008322080427089466
0.0007633751028475701
0.0007018160719491733
0.0006465521762512828
0.000596762493237729
0.0005517544520605136
0.000510940558704114
0.0004738198904411505
0.0004399632757954188
0.00040900134541461313
0.00038061483618842697
0.00035452667639677054
0.0003304954880616391
0.0003083102241238054
0.00028778571976364147
0.0002687589842633143
0.00025108609600085844
0.00023463959116358385
0.00021930625857801786
0.000204985270137528
0.00019158658977344448
0.00017902961458507447
0.00016724201024336714
0.00015615870958689694
0.00014572104880426182
0.00013587602001989896
0.0001265756226930385
0.00011777629916624338
0.00010943844209667122
0.00010152596347316875
0.000094005916544467
0.00008684816333107526
0.00008002508150680393
0.00007351130536918577
0.0000672834963948496
0.00006132013952801332
0.000055601361900363727
0.000050108771141733926
0.00004482531083404643
0.00003973513099184293
0.0000348234717350965
0.00003007655856042376
0.000025481507822082134
0.00002102624120933367
0.000016699408157328035
0.000012490315257999242
8.388861847950017e-6
4.385481046283728e-6
4.710855970576965e-7
-3.3629820579253003e-6
-7.124995989296103e-6
-0.000010822889734542385
-0.000014464296412811331
-0.000018056586377722434
-0.000021606902753607328
-0.00002512219517249024
-0.00002860925200676768
-0.00003207473137321519
-0.00003552519116913525
-0.0000389671183901707
-0.00004240695797046245
-0.00004585114138167115
-0.00004930611522452689
-0.00005277837004856872
-0.000056274469639247024
-0.00005980108101959311
-0.00006336500542418184
-0.00006697321051779303
-0.00007063286414933396
-0.000074351369954687
-0.00007813640514927875
-0.00008199596088451942
-0.00008593838558088682
-0.00008997243169725555
-0.00009410730644980435
-0.00009835272705733869
-0.00010271898116508237
-0.00010721699318585734
-0.0001118583973995789
-0.00011665561877266063
-0.00012162196259918698
-0.00012677171423143254
-0.00013212025036250425
-0.0001376841635541738
-0.00014348140197545828
-0.0001495314266408853
-0.0001558553888224676
-0.0001624763307675044
-0.00016941941340492357
-0.00017671217538040165
-0.0001843848285566164
-0.0001924705960726964
-0.0002010061002229756
-0.00021003180883142548
-0.0002195925505318251
-0.00022973811149034428
-0.00024052392873046563
-0.00025201189846653485
-0.00026427132189361886
-0.0002773800159329443
-0.0002914256227815343
-0.0003065071601374532
-0.00032273686416669936
-0.0003402423903101211
-0.0003591694537923317
-0.0003796850133987222
-0.0004019811303859285
-0.00042627967155495396
-0.0004528380747046969
-0.0004819564603168615
-0.0005139864616645877
-0.0005493422655397204
-0.000588514520410131
-0.000632087997004311
-0.0006807642061760006
-0.0007353906326431004
-0.0007969988951856066
-0.0008668550937898691
-0.0009465270089875723
-0.001037974929963008
-0.0011436761175945063
-0.0012667979445554255
-0.0014114427742695681
-0.0015830007111454188
-0.0017886682107528262
-0.00203822814429878
-0.002345253718840422
-0.002729021700739584
-0.0032176565214459304
-0.0038535018999307615
-0.0047027262647072994
-0.005873457491069162
-0.007552351421195726
-0.010084609555218671
-0.014168333772631225
-0.02139685437862581
-0.03609849044569512
-0.07377372933397164
-0.228584060253738
-4.083388518399801
-0.798398301359052
-0.13353814629744098
-0.05249982240690541
-0.027755423985633354
-0.017083600245967945
-0.011537283916349434
-0.008294546297687019
-0.0062379013936457615
-0.004853278473023517
-0.0038775001852259755
-0.0031645448774120667
-0.0026281367305591307
-0.0022146575171143866
-0.001889370842849133
-0.0016289760481235111
-0.0014173743172700964
-0.0012431560163370027
-0.0010980538469407455
-0.0009759598413368293
-0.0008722830596342624
-0.0007835194739222904
-0.0007069575833450611
-0.0006404729483829678
-0.0005823822372362439
-0.0005313378793127497
-0.000486250915975769
-0.00044623374639290574
-0.00041055711737962043
-0.000378617449143964
-0.00034991175451606373
-0.0003240182011306178
-0.00030058091184484534
-0.0002792979799666287
-0.00025991194557211246
-0.00024220217220676348
-0.00022597870289662984
-0.00021107727645126195
-0.00019735526034281092
-0.0001846883125117039
-0.0001729676265454095
-0.00016209764654206722
-0.0001519941622677069
-0.00014258271388041408
-0.00013379724992716353
-0.00012557899355047976
-0.00011787548063906564
-0.00011063974058086356
-0.00010382959576478364
-0.00009740706034204807
-0.0000913378222528855
-0.00008559079533054499
-0.00008013773056216856
-0.00007495287742302857
-0.00007001268769552494
-0.00006529555540508766
-0.000060781587504860536
-0.00005645240076212058
-0.00005229094097416449
-0.00004828132119760592
-0.000044408676133518984
-0.00004065903018617014
-0.00003701917702273085
-0.00003347656871050055
-0.000030019212711021948
-0.000026635575167850625
-0.000023314489045514443
-0.000020045065763337466
-0.00001681660902070468
-0.000013618529533845211
-0.000010440259394766265
-7.271164723089388e-6
-4.100455206071364e-6
-9.17089009522472e-7
2.290328614240471e-6
5.5336549011629885e-6
8.825329479221859e-6
0.000012178507085197623
0.000015607206004057046
0.0000191264756759734
0.000022752587584282938
0.000026503254379178553
0.00003039788324684435
0.00003445787086447308
0.000038706948965917794
0.00004317159168348334
0.00004788149856682894
0.000052870170696188006
0.000058175601851303554
0.00006384111261413896
0.00006991636303480583
0.00007645858972621334
0.00008353412687528739
0.00009122028894060779
0.00009960771756380785
0.0001088033290704919
0.00011893404568532915
0.00013015155886285037
0.0001426384653470199
0.0001566162484770486
0.00017235576849347395
0.00019019120691343865
0.0002105388304233373
0.00023392257874023327
0.00026100947046077806
0.00029265938489579586
0.0003299963056504739
0.0003745122994463784
0.00042822263465374066
0.0004939029652526134
0.0005754622647075066
0.0006785482141825663
0.0008115668006155453
0.0009874749924814398
0.001227097344592553
0.0015656501804243263
0.002066581123614535
0.002853861332690924
0.004197340171150339
0.006780566219623973
0.012784898410593189
0.03265944964371217
0.2043532947752165
0.7742940241249853
0.04974181987376172
0.016218318992289375
0.007916423119624438
0.004662356132899587
0.0030620378966587573
0.0021595152547204954
0.001601453314848221
0.0012327514709283252
0.0009766658377991188
0.0007917055617964471
0.000653851248268412
0.0005484194135470409
0.00046602571647241114
0.000400446495860734
0.0003474230788422878
0.00030396220171091714
0.00026791055739972246
0.00023768727028195983
0.00021211070449392278
0.00019028343047401775
0.00017151406194453828
0.00015526305505610659
0.00014110443056064218
0.0001286982908955502
0.00011777078948013584
0.00010809933017270453
0.000099501493148948
0.00009182665278766962
0.00008494956522255993
0.00007876541410538141
0.00007318594777380942
0.00006813644160931829
0.00006355329022812527
0.00005938208465869493
0.000055576066069214855
0.000052094874128957626
0.00004890352759438906
0.000045971589191157354
0.000043272477705811596
0.0000407828983860557
0.00003848236897511325
0.000036352823477292974
0.00003437827943371371
0.000032544557346855224
0.000030839043127509546
0.000029250486194895775
0.000027768827249971825
0.000026385050846384678
0.00002509105876589359
0.000023879560913681604
0.000022743981020630347
0.0000216783749028112
0.000020677359405603964
0.000019736050467888053
0.000018850008994689224
0.000018015193434915752
0.000017227918132997675
0.00001648481666611394
0.00001578280949761428
0.00001511907537659342
0.000014491025996790408
0.000013896283497941536
0.000013332660451714679
0.00001279814202415913
0.00001229087004889505
0.00001180912878117719
0.00001135133213357447
0.000010916012220158047
0.000010501809058490532
0.000010107461297926005
9.731797859272916e-6
9.37373038513662e-6
9.032246412583545e-6
8.70640319043275e-6
8.395322072748376e-6
8.09818342816334e-6
7.814222011657024e-6
7.542722751558942e-6
7.283016909875452e-6
7.034478578738119e-6
6.796521479885197e-6
6.568596037687187e-6
6.35018669942883e-6
6.14080947934704e-6
5.940009705409886e-6
5.747359950010258e-6
5.56245812768673e-6
5.384925744706744e-6
5.214406286869905e-6
5.0505637332585695e-6
4.893081184862819e-6
4.741659598093716e-6
4.596016614157506e-6
4.455885476131785e-6
4.321014026350528e-6
4.191163777397834e-6
4.066109050631124e-6
3.945636176715936e-6
3.829542753144899e-6
3.717636954178067e-6
3.609736889038636e-6
3.5056700045694486e-6
3.4052725288868254e-6
3.308388952866112e-6
3.214871546567634e-6
3.1245799079534916e-6
3.037380541471511e-6
2.9531464642848433e-6
2.8717568381057835e-6
2.7930966247639547e-6
2.717056263787817e-6
2.643531370418457e-6
2.5724224525998152e-6
2.503634645605362e-6
2.4370774630655413e-6
2.3726645632578593e-6
2.310313529606657e-6
2.249945664423668e-6
2.1914857949898474e-6
2.134862091151439e-6
2.080005893659286e-6
2.026851552543708e-6
1.9753362748631016e-6
1.9253999812181818e-6
1.87698517046321e-6
1.830036792089734e-6
1.7845021257935672e-6
1.7403306677713119e-6
1.6974740233243742e-6
1.6558858053774785e-6
1.615521538546523e-6
1.5763385684147685e-6
1.5382959757004976e-6
1.501354495019787e-6
1.4654764379689735e-6
1.4306256202684428e-6
1.3967672927279948e-6
1.363868075808188e-6
1.3318958975683997e-6
1.3008199348042845e-6
1.270610557191565e-6
1.2412392742633923e-6
1.2126786850605058e-6
1.1849024303033051e-6
1.1578851469438904e-6
1.1316024249655828e-6
1.1060307663054285e-6
1.0811475457828163e-6
1.0569309739241706e-6
1.033360061581332e-6
1.010414586245783e-6
9.880750599685116e-7
9.663226987994222e-7
9.451393936657898e-7
9.24507682613915e-7
9.044107243425605e-7
8.848322729608859e-7
8.657566539075806e-7
8.471687409711557e-7
8.290539343554787e-7
8.113981397369987e-7
7.941877482636605e-7
7.774096174482935e-7
7.610510529114288e-7
7.450997909316676e-7
7.295439817633788e-7
7.1437217368428e-7
6.99573297736907e-7
6.851366531305764e-7
6.710518932715931e-7
6.573090123917421e-7
6.438983327462314e-7
6.308104923542054e-7
6.180364332559458e-7
6.055673902626152e-7
5.933948801753413e-7
5.815106914518949e-7
5.699068743001297e-7
5.585757311785775e-7
5.475098076855029e-7
5.367018838185993e-7
5.26144965588752e-7
5.158322769715333e-7
5.057572521815553e-7
4.959135282550225e-7
4.86294937926972e-7
4.768955027899063e-7
4.6770942672163563e-7
4.587310895704482e-7
4.4995504108631186e-7
4.4137599508754533e-7
4.329888238526863e-7
4.247885527278808e-7
4.16770354940628e-7
4.089295466109978e-7
4.0126158195202644e-7
3.937620486512497e-7
3.8642666342574673e-7
3.7925126774351965e-7
3.722318237042025e-7
3.653644100724805e-7
3.586452184580189e-7
3.5207054963577513e-7
3.456368100010087e-7
3.393405081534838e-7
3.331782516056293e-7
3.2714674360966245e-7
3.2124278009889746e-7
3.1546324673862333e-7
3.098051160822476e-7
3.0426544482851586e-7
2.988413711757599e-7
2.9353011226943265e-7
2.883289617392284e-7
2.8323528732230857e-7
2.7824652856928544e-7
2.7336019462974726e-7
2.6857386211431134e-7
2.638851730301977e-7
2.592918327875641e-7
2.5479160827389316e-7
2.503823259938562e-7
2.4606187027216696e-7
2.418281815170873e-7
2.3767925454227585e-7
2.3361313694482947e-7
2.296279275374358e-7
2.257217748325962e-7
2.2189287557703551e-7
2.1813947333444655e-7
2.1445985711479884e-7
2.1085236004849994e-7
2.073153581038151e-7
2.0384726884595047e-7
2.004465502363025e-7
1.9711169947044783e-7
1.9384125185348933e-7
1.9063377971139097e-7
1.87487891337063e-7
1.8440222996996765e-7
1.8137547280803718e-7
1.7840633005078804e-7
1.754935439725397e-7
1.7263588802469032e-7
1.6983216596603078e-7
1.670812110201255e-7
1.6438188505886538e-7
1.6173307781121682e-7
1.5913370609639274e-7
1.5658271308053733e-7
1.540790675561822e-7
1.5162176324366167e-7
1.4920981811376926e-7
1.4684227373093948e-7
1.4451819461625087e-7
1.4223666762960283e-7
1.3999680137042664e-7
1.3779772559631192e-7
1.3563859065895472e-7
1.3351856695686412e-7
1.3143684440426032e-7
1.2939263191565896e-7
1.2738515690560788e-7
1.2541366480309302e-7
1.2347741858014358e-7
1.2157569829415458e-7
1.1970780064352396e-7
1.1787303853613528e-7
1.1607074067030715e-7
1.14300251127791e-7
1.1256092897844466e-7
1.1085214789621342e-7
1.0917329578604884e-7
1.0752377442143603e-7
1.0590299909219234e-7
1.0431039826220503e-7
1.0274541323681176e-7
1.0120749783951759e-7
9.969611809776837e-8
9.821075193747226e-8
9.675088888604803e-8
9.531602978368591e-8
9.390568650261314e-8
9.251938167408727e-8
9.115664842290503e-8
8.981703010918358e-8
8.850008007720596e-8
8.720536141111144e-8
8.593244669721665e-8
8.468091779278878e-8
8.345036560106637e-8
8.224038985233174e-8
8.105059889087629e-8
7.988060946766778e-8
7.873004653856229e-8
7.75985430678841e-8
7.648573983723063e-8
7.539128525933913e-8
7.43148351968737e-8
7.325605278598213e-8
7.22146082644957e-8
7.119017880462149e-8
7.018244835001405e-8
6.919110745708668e-8
6.821585314045262e-8
6.725638872236773e-8
6.631242368606505e-8
6.538367353287174e-8
6.446985964299856e-8
6.357070913989908e-8
6.268595475809548e-8
6.181533471437972e-8
6.09585925822873e-8
6.011547716975591e-8
5.92857423998828e-8
5.846914719468585e-8
5.766545536179763e-8
5.6874435484000205e-8
5.6095860811525614e-8
5.5329509157047934e-8
5.457516279329237e-8
5.383260835318552e-8
5.310163673248445e-8
5.2382042994810027e-8
5.1673626279023926e-8
5.097618970888333e-8
5.0289540304913314e-8
4.961348889843477e-8
4.894785004769199e-8
4.8292441956024586e-8
4.7647086392022535e-8
4.701160861162358e-8
4.6385837282085576e-8
4.576960440779779e-8
4.516274525787619e-8
4.456509829549219e-8
4.3976505108900295e-8
4.3396810344104806e-8
4.2825861639137155e-8
4.2263509559891133e-8
4.170960753748098e-8
4.116401180708129e-8
4.062658134820868e-8
4.009717782641191e-8
3.9575665536325935e-8
3.906191134606786e-8
3.8555784642925425e-8
3.8057157280315484e-8
3.756590352597628e-8
3.7081900011361136e-8
3.6605025682204624e-8
3.613516175023099e-8
3.567219164597366e-8
3.5216000972683855e-8
3.4766477461291594e-8
3.4323510926401456e-8
3.388699322329198e-8
3.345681820589412e-8
3.303288168572672e-8
3.2615081391761745e-8
3.220331693119965e-8
3.179748975112846e-8
3.139750310104865e-8
3.1003261996238804e-8
3.061467318194393e-8
3.023164509836634e-8
2.9854087846434944e-8
2.9481913154340918e-8
2.911503434481568e-8
2.875336630313489e-8
2.839682544582955e-8
2.804532969009242e-8
2.7698798423852118e-8
2.7357152476511613e-8
2.7020314090324563e-8
2.6688206892401375e-8
2.636075586732424e-8
2.603788733036075e-8
2.571952890126155e-8
2.540560947862302e-8
2.509605921481028e-8
2.4790809491417426e-8
2.448979289526104e-8
2.4192943194888367e-8
2.3900195317591028e-8
2.3611485326910468e-8
2.3326750400626514e-8
2.304592880921308e-8
2.2768959894755396e-8
2.249578405031483e-8
2.222634269972961e-8
2.1960578277846e-8
2.169843421116504e-8
2.1439854898898765e-8
2.1184785694423678e-8
2.0933172887124762e-8
2.06849636846198e-8
2.044010619535504e-8
2.0198549411563965e-8
1.9960243192582092e-8
1.9725138248507586e-8
1.9493186124200965e-8
1.9264339183616472e-8
1.903855059445748e-8
1.881577431314702e-8
1.8595965070109157e-8
1.8379078355352096e-8
1.8165070404346255e-8
1.7953898184192225e-8
1.7745519380070722e-8
1.7539892381968527e-8
1.7336976271674817e-8
1.7136730810041582e-8
1.6939116424500505e-8
1.6744094196835413e-8
1.6551625851198855e-8
1.6361673742370333e-8
1.6174200844252367e-8
1.59891707385956e-8
1.58065476039504e-8
1.562629620483945e-8
1.5448381881145746e-8
1.5272770537713022e-8
1.5099428634151852e-8
1.492832317484858e-8
1.4759421699171354e-8
1.4592692271871068e-8
1.4428103473670098e-8
1.4265624392037751e-8
1.410522461214577e-8
1.3946874208002342e-8
1.3790543733759217e-8
1.3636204215188116e-8
1.3483827141325139e-8