0.20000014158926482
0.2000171338150665
0.20006246110604411
0.2001361635727738
0.20023830655195854
0.20036898083221397
0.20052830296956073
0.20071641569545043
0.2009334884210172
0.20117971784217265
0.20145532865115903
0.20176057436127348
0.20209573825268382
0.20246113444860217
0.20285710913259666
0.20328404191952718
0.2037423473945339
0.2042324768367242
0.20475492014675054
0.2053102080004092
0.2058989142537909
0.20652165862946864
0.2071791097178245
0.20787198833302628
0.20860107126951646
0.2093671955123889
0.21017126296389924
0.2110142457589313
0.21189719225483167
0.21282123379612317
0.21378759237275688
0.21479758931247286
0.2158526551744105
0.2169543410434616
0.21810433146444078
0.21930445930379538
0.2205567228866675
0.22186330583173283
0.22322660009937906
0.22464923288572397
0.22613409814266025
0.22768439369182253
0.22930366514052172
0.2309958581171111
0.232765380744854
0.2346171787987541
0.23655682668287514
0.23859063828806776
0.2407258030292918
0.24297055404361292
0.24533437783738438
0.24782827787371872
0.2504651090923291
0.2532600067655343
0.25623094236239025
0.25939945270485054
0.2627916090412315
0.2664393236433815
0.27038213971793934
0.2746697271161284
0.27936543158546145
0.2845514358689899
0.29033645661985485
0.2968675600344755
0.3043489180428547
0.3130727740675364
0.3234730097343359
0.3362231960003432
0.3524290715481122
0.3740415606524883
0.40485367061584443
0.4533357085020199
0.5429765655722891
0.7708656790734212
2.2959141082520715
-0.6791234418446596
-0.004493157764336653
0.06915001821023758
0.12280667489545355
0.1574848398282711
0.18193141621363823
0.2004591753852923
0.21530927655876114
0.22774534328943083
0.23853111644671843
0.24815514883190004
0.2569449270561923
0.2651287938149959
0.27287146737446316
0.28029539428425243
0.28749410904255224
0.2945408859934471
0.30149451387033366
0.308403254330496
0.3153076217703924
0.3222423790727442
0.32923800048534047
0.33632176552143206
0.34351859323524364
0.35085169136182737
0.35834307205498855
0.3660139708268343
0.37388519506789647
0.38197742151954
0.3903114572134764
0.39890847500017884
0.4077902324091649
0.41697928092266007
0.42649917160136475
0.43637466224255345
0.4466319307881788
0.4572987994735507
0.46840497417965704
0.4799823036018659
0.4920650631674458
0.5046902691258625
0.5178980289122855
0.531731934768522
0.5462395087312906
0.5614727085109347
0.577488505549012
0.5943495487406493
0.6121249300480786
0.6308910716540915
0.6507327585963008
0.6717443462286927
0.6940311787004304
0.7177112633570659
0.7429172571374011
0.7697988354489468
0.798525532733005
0.8292901684624261
0.862313004716919
0.8978468246611178
0.9361831793427043
0.9776601291808931
1.0226719149980077
1.0716811442595378
1.1252342905159878
1.1839816070834157
1.2487029949688464
1.320342011235055
1.400051172111067
1.4892531838264547
1.5897250411782593
1.7037156190610605
1.834113425428772
1.984691390149715
2.160473383034617
2.368299465576385
2.6177280823581293
2.92253535668803
3.303329696818878
3.792386633788894
4.443266023476071
5.351819715471823
6.708198915385279
8.950630102562585
13.36567319184532
26.063485894387338
363.4709846465453
-30.079273442538284
-14.638684625866054
-9.716757295977368
-7.297170893187124
-5.859013444148722
-4.906261050919143
-4.228963170031134
-3.7229987619624576
-3.330858115455172
-3.018185764763346
-2.763193637550721
-2.551396272858169
-2.3727880845626337
-2.2202359876025275
-2.0885177624252407
-1.9737225001366872
-1.87286346638544
-1.7836204784114584
-1.7041639166536546
-1.6330317059819723
-1.569041555401794
-1.5112272045364246
-1.45879134989928
-1.4110703729223246
-1.3675075567487216
-1.327632500738947
-1.2910451221145587
-1.257403095407871
-1.2264118981646053
-1.1978168535866893
-1.1713967183862986
-1.1469584772970056
-1.1243330879379634
-1.1033719801633812
-1.0839441588997083
-1.0659337931051769
-1.049238198926774
-1.0337661445356736
-1.0194364190451877
-1.006176619477199
-0.9939221187666775
-0.9826151848826215
-0.9722042267519819
-0.9626431471342537
-0.9538907861681545
-0.9459104421891465
-0.9386694587480096
-0.9321388686601971
-0.9262930874731081
-0.9211096500224225
-0.9165689848147702
-0.9126542218653984
-0.9093510303701184
-0.906647483229608
-0.9045339459925033
-0.9030029882608442
-0.9020493160222369
-0.9016697237510845
-0.9018630654665362
-0.9026302442586228
-0.9039742201041329
-0.9059000360989704
-0.9084148635426674
-0.911528066630925
-0.9152512878530321
-0.9195985555620193
-0.9245864155973307
-0.9302340893055437
-0.9365636608383456
-0.9436002972271492
-0.951372505461683
-0.9599124316618273
-0.9692562084624292
-0.9794443579685271
-0.9905222591394418
-1.0025406902865208
-1.0155564596091133
-1.0296331394537561
-1.0448419234042465
-1.0612626295784313
-1.0789848788636534
-1.0981094835834737
-1.1187500906803742
-1.141035134489185
-1.1651101683355873
-1.191140662574433
-1.2193153807265233
-1.2498504770973697
-1.2829945014853181
-1.3190345533267118
-1.3583039046452365
-1.4011915168572566
-1.4481540232063068
-1.4997309548552025
-1.5565642825688861
-1.6194237709084538
-1.689240266273645
-1.7671499736856866
-1.854554199840417
-1.9532012539844357
-2.0653007249419315
-2.1936861179869123
-2.342051537824635
-2.5153049764722977
-2.72011122104478
-2.9657547809960034
-3.2655668835933054
-3.639399290008043
-4.1181656300638885
-4.752792401039785
-5.633539430674875
-6.937057304125299
-9.062245587919312
-13.140067659878751
-24.134862994123228
-154.74328273014453
34.20710329171197
15.354889069841766
9.86004601400279
7.241486677416143
5.70990767876468
4.705210161704085
3.9956872060791855
3.468119777353835
3.0606238044095515
2.736517851961579
2.472678981153509
2.253808291913621
2.069379875007048
1.9119141985178973
1.7759504377519868
1.657408520094774
1.5531787152759666
1.4608493968214313
1.3785215877299437
1.3046796428810599
1.238099195792415
1.1777804160559697
1.1228988140411664
1.0727684366151564
1.0268139594759915
0.9845492643179018
0.9455608083986401
0.9094945807284885
0.876045773787401
0.8449505333570961
0.8159793145007028
0.7889314903757355
0.7636309466832081
0.739922457758248
0.7176686871728764
0.6967476908141906
0.6770508269151729
0.6584809977203192
0.6409511629897057
0.6243830775577732
0.6087062145281579
0.5938568430347074
0.5797772353040657
0.5664149823673396
0.5537224014550364
0.5416560210716491
0.530176132139235
0.5192463955419565
0.5088334979881234
0.49890684940438146
0.4894383161453328
0.48040198518450533
0.4717739551853074
0.4635321509603383
0.4556561583374341
0.44812707687871306
0.44092738825838174
0.43404083840970653
0.42745233180844716
0.42114783647927523
0.41511429849799547
0.40933956492172213
0.4038123142159071
0.39852199336424043
0.3934587609488127
0.3886134355751639
0.3839774490924862
0.3795428041249885
0.3753020354876334
0.371248175109217
0.36737472012954353
0.3636756038756141
0.3601451694554451
0.35677814573779204
0.3535696255122328
0.3505150456473248
0.34761016908534353
0.34485106853036335
0.342234111703161
0.33975594805121956
0.3374134968155807
0.33520393636853174
0.3331246947472163
0.33117344131868787
0.32934807952130624
0.32764674063635496
0.32606777855225033
0.3246097654915525
0.3232714886789957
0.3220519479359997
0.3209503541948913
0.31996612893334986
0.31909890453724443
0.3183485256078616
0.317715051237592
0.3171987582867383
0.3168001457032489
0.3165199399369044
0.3163591015103732
0.31631883282099893
0.3164005872603127
0.31660607975274796
0.31693729883088484
0.3173965203830174
0.3179863232293203
0.31870960670621007
0.319569610465365
0.32056993672443157
0.32171457524160657
0.32300793132724265
0.3244548572525042
0.3260606874701432
0.3278312781262942
0.32977305141702895
0.33189304543120746
0.3341989702246474
0.33669927099251107
0.3394031993522348
0.3423208939207097
0.34546347157612145
0.348843131040429
0.3524732707155211
0.35636862306366834
0.3605454082571777
0.36502151035063135
0.36981667987570443
0.3749527675528678
0.3804539947956603
0.38634726790083357
0.392662544337359
0.3994332614539361
0.4066968403322771
0.41449528057035434
0.4228758656896527
0.4318920038929877
0.4416042354277656
0.4520814463411674
0.46340233965972033
0.47565722997610566
0.48895024749391686
0.5034020647825393
0.51915329677187
0.536368776184233
0.5552429791196815
0.5760069786583509
0.5989374532086705
0.6243684945902472
0.6527072864014188
0.6844552180879903
0.7202367681195698
0.760839709234478
0.8072721754579755
0.8608454610718284
0.9232971877640138
0.9969798318747185
1.0851590018988924
1.1925040129632616
1.3259328006834845
1.4961506238929851
1.7206525556086205
2.030120395681238
2.4837301293816223
3.2122262753356665
4.572966730753163
8.015604552937637
33.51650994327135
-14.85462531489557
-6.061482734644209
-3.788746389851338
-2.746381879558393
-2.148378732776613
-1.7606729452734744
-1.4890307779979488
-1.288200905436169
-1.1337490085023327
-1.0113221110094583
-0.9119355098657861
-0.8296776538731244
-0.7604997523752337
-0.7015356771000874
-0.6506995518296453
-0.6064371803848655
-0.5675668100915037
-0.5331738899925896
-0.5025396062264733
-0.4750911893226032
-0.45036662904250696
-0.42798914802951693
-0.4076484242324124
-0.3890865683425816
-0.37208750837883375
-0.35646885320956845
-0.3420755849755357
-0.3287751181499515
-0.3164533918509171
-0.3050117518399222
-0.2943644421212986
-0.2844365715138219
-0.275162453508632
-0.26648424187099856
-0.2583508023247301
-0.25071677403010034
-0.2435417846587969
-0.23678979055262298
-0.23042851934859587
-0.2244289970122834
-0.21876514477275466
-0.21341343423684356
-0.20835259115844598
-0.2035633400838032
-0.19902818348766582
-0.1947312101350749
-0.19065792830711953
-0.18679512026316153
-0.18313071490986496
-0.17965367613807398
-0.17635390469161713
-0.17322215176605188
-0.17024994281231773
-0.16742951025116923
-0.16475373399791776
-0.1622160888596916
-0.15981059800516273
-0.15753179182334143
-0.15537467158791515
-0.15333467742928247
-0.1514076601902708
-0.14958985680624112
-0.1478778689065075
-0.14626864438459877
-0.14475946172971393
-0.14334791695290366
-0.14203191297965445
-0.14080965141626053
-0.13967962663235653
-0.13864062213583922
-0.13769170925128782
-0.13683224814861306
-0.13606189130687257
-0.1353805895392309
-0.13478860075097926
-0.1342865016538234
-0.1338752027188097
-0.13355596671885064
-0.13333043129214894
-0.13320063605398413
-0.13316905489857214
-0.1332386342714986
-0.1334128383618655
-0.13369570236986916
-0.1340918952604421
-0.1346067937301759
-0.1352465695099279
-0.13601829262315424
-0.13693005384890442
-0.13799111044105336
-0.13921206018453727
-0.14060505020054978
-0.14218402864709687
-0.14396504973975688
-0.14596664553677982
-0.1482102819709257
-0.15072092206395002
-0.1535277267037623
-0.15666493363833678
-0.16017296969527636
-0.16409987155351383
-0.1685031195611449
-0.17345203161047135
-0.17903092710238525
-0.18534336616421898
-0.19251791580046332
-0.20071612535853492
-0.21014376599831644
-0.22106700640193783
-0.2338362534174647
-0.24892225801358786
-0.2669725383502729
-0.2889028377214164
-0.31605192603399807
-0.35045760555516886
-0.3953812472261273
-0.4563880330514202
-0.543816978800129
-0.6792958387064646
-0.9169274022105129
-1.44082019099204
-3.539784796220376
6.745435240632605
1.6926202041949134
0.9514911080442414
0.6544330628750185
0.49450339866300974
0.3946519313772598
0.3264426148357905
0.27693743989693587
0.23940448044802587
0.20999529452232865
0.1863504531671156
0.16694294071280205
0.15074083578891398
0.13702172308851845
0.12526476390928037
0.11508498531560066
0.10619170024432048
0.09836131637626319
0.09141904146655667
0.08522626487314862
0.07967166167992255
0.07466479823112397
0.07013145523059974
0.06601015324703427
0.06224953479796043
0.05880636637195346
0.05564399562539551
0.05273114720483673
0.05004097354816863
0.047550299826699796
0.04523901823280588
0.04308959825318813
0.041086687820506985
0.03921678626109094
0.03746797440214458
0.03582969051540478
0.034292543267021344
0.032848154735434176
0.031489028006800875
0.030208434974141503
0.029000320833806215
0.02785922245147318
0.02678019830421924
0.02575876812858719
0.02479086074201056
0.023872768775399112
0.023001109272619898
0.022172789289089813
0.021384975765333686
0.020635069068782284
0.019920679693519433
0.019239607687220484
0.018589824440360912
0.01796945652753334
0.017376771336363436
0.016810164257772507
0.016268147243465193
0.015749338563608623
0.015252453620583103
0.014776296694116222
0.01431975350965401
0.013881784535926294
0.013461418929737345
0.013057749056375093
0.012669925522931494
0.012297152669512841
0.011938684469956499
0.011593820799419799
0.011261904031202532
0.010942315929507783
0.010634474808636794
0.010337832932422799
0.010051874130608733
0.009776111611417712
0.009510085951797862
0.009253363248792649
0.009005533417225075
0.008766208620414148
0.00853502182200413
0.008311625448187084
0.008095690150668964
0.007886903661681346
0.007684969733183759
0.007489607153160617
0.0073005488325879565
0.007117540957249466
0.006940342199121954
0.006768722982534211
0.006602464800738939
0.006441359578927513
0.006285209080071867
0.00613382435029255
0.005987025200740802
0.0058446397232396075
0.005706503837164517
0.00557246086525572
0.00544236113624552
0.005316061612359692
0.005193425539910569
0.00507432212134122
0.004958626207214555
0.004846218006757979
0.00473698281568409
0.004630810760107998
0.004527596555471198
0.0044272392794665605
0.004329642158033648
0.004234712363564166
0.004142360824520969
0.004052502045732081
0.003965053938675532
0.0038799376611202718
0.0037970774655334072
0.003716400555706248
0.0036378369510899544
0.003561319358367261
0.003486783049819511
0.003414165748078072
0.003343407516877915
0.0032744506574561142
0.003207239610262738
0.0031417208616726826
0.0030778428554087923
0.0030155559084041844
0.0029548121308504995
0.0028955653501942236
0.002837771038859023
0.002781386245485751
0.00272636952949488
0.002672680898788649
0.0026202817504210317
0.0025691348140746595
0.002519204098193235
0.0024704548386275758
0.0024228534496615853
0.0023763674772926506
0.002330965554648333
0.0022866173594282392
0.002243293573266334
0.002200965842915169
0.0021596067431591025
0.0021191897413689676
0.0020796891636155647
0.0020410801622640024
0.002003338684975493
0.0019664414450470172
0.0019303658930232572
0.0018950901895188788
0.0018605931791925588
0.0018268543658172644
0.001793853888394465
0.001761572498262558
0.0017299915371526483
0.0016990929161471505
0.0016688590954990587
0.0016392730652720136
0.001610318326763293
0.0015819788746737821
0.0015542391799909774
0.0015270841735525972
0.001500499230260248
0.001474470153913921
0.0014489831626397177
0.0014240248748845497
0.0013995822959527746
0.001375642805061067
0.0013521941428889413
0.0013292243996034841
0.001306722003337764
0.001284675709103606
0.0012630745881200944
0.0012419080175402916
0.0012211656705592292
0.0012008375068873341
0.0011809137635739155
0.0011613849461662481
0.0011422418201903171
0.0011234754029400965
0.0011050769555626676
0.001087037975427168
0.0010693501887660934
0.0010520055435779435
0.001034996202780808
0.001018314537606777
0.0010019531212277309
0.0009859047226032772
0.0009701623005421826
0.0009547189979688652
0.000939568136387028
0.0009247032105327753
0.0009101178832098839
0.0008958059803002715
0.0008817614859429271
0.0008679785378749446
0.0008544514229284659
0.000841174572677715
0.0008281425592304426
0.0008153500911584374
0.0008027920095618648
0.0007904632842625636
0.0007783590101214874
0.0007664744034757392
0.0007548047986908745
0.0007433456448242285
0.0007320925023952896
0.0007210410402592164
0.0007101870325798373
0.0006995263558985561
0.0006890549862957398
0.0006787689966413307
0.0006686645539315158
0.0006587379167084512
0.0006489854325600928
0.0006394035356973901
0.0006299887446061199
0.0006207376597707992
0.0006116469614681727
0.0006027134076279179
0.0005939338317582537
0.0005853051409342331
0.0005768243138466226
0.0005684883989092992
0.000560294512423216
0.000552239836795015
0.0005443216188084955
0.000536537167947158
0.0005288838547661437
0.0005213591093119299
0.0005139604195882253
0.0005066853300665453
0.0004995314402400009
0.0004924964032189237
0.00048557792436693743
0.00047877375997620723
0.00047208171598057556
0.00046549964670539396
0.0004590254536528708
0.0004526570843218155
0.0004463925310606658
0.00044022982995277804
0.0004341670597329541
0.0004282023407342124
0.0004223338338638836
0.00041655973960809633
0.0004108782970637934
0.00040528778299740774
0.00039978651092938795
0.0003943728302437904
0.00038904512532214673
0.00038380181470088864
0.0003786413502516046
0.00037356221638344277
0.0003685629292669848
0.00036364203607895434
0.0003587981142671296
0.00035402977083486014
0.0003493356416445987
0.00034471439073989414
0.00034016470968529036
0.0003356853169236112
0.0003312749571501101
0.0003269324007030038
0.00032265644296990457
0.00031844590380968534
0.0003142996269893408
0.0003102164796354
0.00030619535169947916
0.00030223515543756477
0.00029833482490263153
0.000294493315450224
0.0002907096032566238
0.00028698268484924385
0.0002833115766489178
0.00027969531452373366
0.00027613295335409435
0.00027262356660869415
0.00026916624593109693
0.0002657601007366302
0.00026240425781930214
0.0002590978609684679
0.00025584007059497314
0.00025263006336652123
0.00024946703185199615
0.0002463501841745147
0.00024327874367295797
0.00024025194857175112
0.0002372690516586767
0.00023432931997049517
0.00023143203448616957
0.00022857648982748044
0.0002257619939668452
0.00022298786794213918
0.000220253445578339
0.00021755807321579968
0.00021490110944499471
0.00021228192484755418
0.00020969990174341655
0.0002071544339439543
0.00020464492651090457
0.00020217079552095773
0.00019973146783585182
0.00019732638087783708
0.0001949549824103654
0.0001926167303238729
0.0001903110924265207
0.0001880375462397721
0.00018579557879867847
0.0001835846864567513
0.0001814043746953101
0.00017925415793718617
0.00017713355936467594
0.00017504211074163148
0.00017297935223959142
0.00017094483226784207
0.00016893810730731824
0.00016695874174823923
0.00016500630773139428
0.00016308038499298456
0.00016118056071292848
0.00015930642936655157
0.00015745759257957328
0.0001556336589863113
0.00015383424409102093
0.00015205897013229841
0.00015030746595046685
0.0001485793668578785
0.00014687431451205577
0.00014519195679160734
0.00014353194767485105
0.00014189394712107455
0.0001402776209543755
0.0001386826407500158
0.00013710868372323237
0.00013555543262044035
0.0001340225756127792
0.00013250980619194025
0.00013101682306822316
0.00012954333007076993
0.00012808903604992234
0.0001266536547816566
0.00012523690487404029
0.00012383850967567238
0.00012245819718605162
0.00012109569996783538
0.00011975075506093913
0.00011842310389843707
0.00011711249222422352
0.00011581867001238853
0.00011454139138827495
0.00011328041455117462
0.00011203550169862615
0.00011080641895227781
0.00010959293628528108
0.00010839482745117837
0.00010721186991425212
0.0001060438447813004
0.00010489053673480831
0.00010375173396748418
0.00010262722811812707
0.00010151681420879816
0.00010042029058326583
0.00009933745884669713
0.0000982681238065639
0.00009721209341474194
0.00009616917871077268
0.00009513919376626357
0.00009412195563040053
0.0000931172842765484
0.00009212500254991758
0.00009114493611626871
0.00009017691341163738
0.00008922076559305346
0.00008827632649023562
0.00008734343255823617
0.00008642192283102052
0.00008551163887595625
0.00008461242474919595
0.00008372412695193106
0.00008284659438750014
0.00008197967831933367
0.00008112323232971448
0.0000802771122793397
0.00007944117626766451
0.0000786152845940134
0.00007779929971943944
0.00007699308622931905
0.00007619651079666407
0.00007540944214613823
0.00007463175101875971
0.00007386331013727958
0.00007310399417221944
0.00007235367970855316
0.00007161224521302296
0.00007087957100207322
0.00007015553921039101
0.00006944003376003925
0.0000687329403301716
0.00006803414632731666
0.00006734354085621896
0.00006666101469122526
0.00006598646024820665
0.00006531977155700339
0.00006466084423438216
0.00006400957545749644
0.00006336586393783815
0.00006272960989567196
0.00006210071503494067
0.00006147908251863456
0.00006086461694461219
0.000060257224321866864
0.00005965681204722674
0.00005906328888248192
0.000058476564931929
0.0000578965516203248
0.00005732316167124078
0.00005675630908581136
0.00005619590912186686
0.00005564187827344332
0.00005509413425066353
0.00005455259595997954
0.00005401718348477181
0.00005348781806629497
0.00005296442208496694
0.00005244691904199189
0.00005193523354131122
0.00005142929127187691
0.000050929018990239665
0.00005043434450344707
0.000049945196652244094
0.00004946150529457142
0.00004898320128935544
0.00004851021648058378
0.00004804248368166118
0.00004757993666004017
0.00004712251012212218