0.2000001260347168
0.2000163514771238
0.20006300272811858
0.2004045990243266
0.1997396971803369
0.20031957417890642
0.2003582934829724
0.20059426058467772
0.2010903472333865
0.20093773298984566
0.2014927823625201
0.2019860460727505
0.20235126271751153
0.20272425833774518
0.20314779183256754
0.20322119049709983
0.20328692151879027
0.2038839427087608
0.2042881802393741
0.20483896562681023
0.20597916534973457
0.20702659828837516
0.20761726571028574
0.2084848087547624
0.20927220167873978
0.2092633456407009
0.20937319168022717
0.21049562316917975
0.21120141502965126
0.21194630273547385
0.2139238543311914
0.21579311953781827
0.2165534557249733
0.21790382413286483
0.2192098240509989
0.2191267631749738
0.21933680876602493
0.2210005553603057
0.22204360344415183
0.22329245809236034
0.22635965542255232
0.2292825914051945
0.23031814820568666
0.23250831064319233
0.23437374801667912
0.23431566483414426
0.2345052235174035
0.23737308999194565
0.23872954368296936
0.24085928854532995
0.24577587489358121
0.2504614257825414
0.2519698249446687
0.25609057257110085
0.25910367918218863
0.258713397504934
0.25906555737356946
0.26439665474711477
0.2658771768831293
0.2702456410214014
0.28061478726749467
0.2906167333685267
0.2936116579758717
0.30595708639283786
0.313093124855284
0.3102317721266952
0.3103465345379856
0.33000364587959785
0.31760600411795803
0.34015090418380634
0.42109570295928095
0.5080641978160314
0.584457196821753
0.671649021797646
0.5827658470640452
0.1131737411811984
-1.084757848823464
0.11455608693364094
0.08159512045768462
0.13022385763811284
0.18917394666711257
0.2226257967061695
0.2248295451008256
0.23718071563642987
0.24648189515134442
0.246290921858199
0.24870111298934944
0.2612146025131508
0.2682862024024506
0.2756511489951411
0.288167888475886
0.299317208321631
0.3044783437116945
0.3114087508069535
0.31906881033213336
0.3220920607886339
0.32545470692229317
0.3334052375371892
0.3411971795992568
0.34730982270682503
0.3580851950316036
0.3692826563636715
0.3769032330695669
0.38380904432002866
0.39376597887036197
0.39949827260603415
0.4045834830804755
0.41365134303792495
0.42503306987152595
0.4326536518233546
0.4456693509216839
0.46063109202292524
0.4722340636413533
0.48122805993291473
0.4962084124223114
0.5061585137291854
0.51458131340024
0.5270416784166344
0.5454337375208391
0.5568098242930306
0.5753107450973456
0.5976295474054529
0.6178555950451402
0.631000662765064
0.6562781582776851
0.6749058568414107
0.6904663011036137
0.7102570363387836
0.7439788605364549
0.7629632730003593
0.7936328237810383
0.8329863736283571
0.8714247660572612
0.8947443641929714
0.9451633574456111
0.9851545101631853
1.0190210676910934
1.058777928794274
1.1343893467633002
1.1706572774906203
1.235569319450061
1.3240267687071952
1.4135859035320273
1.585437137731873
1.6286778248142122
1.6799461858483598
1.7370445078447192
1.7871270207524783
2.1800495880842887
2.342273057866561
2.5609448863818027
2.9149206333624202
3.494510260794052
3.699760607619315
4.5142751499808815
5.607763447990684
6.723530415292478
8.036475344301445
14.629467407897645
23.090062355460354
93.29823558867663
-29.22796514326264
-12.59955633420667
-10.502794807440177
-7.138628056878004
-5.5999669192694075
-4.8449867410473
-4.405601659419624
-3.6201824667875906
-3.356497777472701
-3.089860558941552
-2.779908840338426
-2.492553261803151
-2.415386624933963
-2.2096511193891653
-2.0589266844258916
-1.9639476905211468
-1.9005072243657393
-1.763432772265363
-1.7102370818757915
-1.650395131688631
-1.573987852783562
-1.4944773791968866
-1.4719241762510673
-1.4070521134771357
-1.357336679113432
-1.3259372487038303
-1.3023863162234466
-1.2514069907856564
-1.2306686941386245
-1.20457918830883
-1.1710955286591602
-1.138457377167532
-1.1275231554747065
-1.0997564488280316
-1.0799038932134692
-1.0666830336235558
-1.0552888685124233
-1.033745391546093
-1.0231751697788583
-1.008423053314104
-0.9902400760056848
-0.978071638483219
-0.9702682644661096
-0.9590811538177672
-0.9532872521450385
-0.9491670562424162
-0.9429883863817723
-0.9358884487996405
-0.9310700576545509
-0.9212008271659873
-0.9105219480780026
-0.9092704609798847
-0.9035889406843666
-0.9011553713799401
-0.9063437807684788
-0.9096141461853385
-0.9056111603890662
-0.9094284179656383
-0.908838299899174
-0.90015760192558
-0.8942823903503117
-0.9036115312191999
-0.895207007425805
-0.9035301093578644
-0.9189762405532693
-0.9297133333618234
-0.9288822210671275
-0.944440491416112
-0.946757649119435
-0.9392286346148114
-0.9360661415419209
-0.9595871088770102
-0.9363350293785836
-0.9675586516211457
-0.9990798425456785
-1.0113460189933179
-1.020102616684302
-1.0340424074106473
-1.041229996154996
-1.049200804228178
-1.0574554603651243
-1.0609938883988366
-1.1012603608121696
-1.1250445257549377
-1.1746708499921223
-1.2422313463675396
-1.2060931042027545
-1.288774295099564
-1.3048687408457311
-1.294962102156231
-1.314365588687538
-1.379698975722542
-1.3986914979071825
-1.4638459386333693
-1.582399321553988
-1.7043297117387874
-1.6741630914929129
-1.8568094208692956
-1.9064948439698124
-1.892343915676347
-1.9496121715736865
-2.145831091874518
-2.188847051375725
-2.3938254668332175
-2.8215356987364997
-3.2723832004080795
-3.1806856967680623
-4.121464450412507
-4.367134152516041
-4.316934031009397
-4.8021496373033825
-6.151924978646853
-6.825467968773751
-9.941170693348743
-20.180272294853957
30.02980480659508
8.244505849428757
9.96531043948123
8.03018510075224
8.055322213395847
7.144509078386047
4.5982070066355
4.704293259369631
3.7085649330971697
2.92038644969631
2.511880424062498
2.454781302501535
2.0937382331800434
2.0012276556952515
1.979316221545958
1.8956238777207515
1.6573535996299402
1.6589268311321013
1.5105897387316358
1.347202287077811
1.2565238353424788
1.2389523186771045
1.13748266459673
1.105952961206225
1.0987038892910819
1.064591244117114
0.984551242174449
0.9795981990348934
0.9214235243490309
0.8639711383272162
0.8270253479993106
0.8177245453229964
0.7733066532820924
0.7576611000606621
0.7491352989279154
0.7313296330294083
0.6967838380840176
0.6935297197987256
0.6670144250222182
0.6349554771511646
0.6162259811858161
0.6106425999821351
0.5862804443208399
0.5773069950090263
0.5719511837038389
0.5602805755974757
0.5420513237229946
0.5372117486959128
0.5228262731198139
0.5068123817988651
0.4952445539266208
0.4909891732440197
0.4766059685101812
0.4710868881216125
0.46690581549405497
0.4599934235953334
0.4486746441432828
0.4452981199302856
0.4362542950838497
0.4266907910184152
0.4195575853385456
0.41607246248600116
0.4079319451902727
0.4037860946894658
0.4003795405014192
0.39538721783452996
0.3887654508089268
0.3856550872727279
0.3803330539993436
0.374994771830995
0.3707151946456612
0.3680521736937776
0.3633389284003073
0.36042602785518346
0.35754854162743044
0.35423752198643954
0.3506054128267752
0.34811122007559586
0.34504687328810574
0.3422360517197861
0.33973442220122313
0.3377794122524302
0.335494012705185
0.33348529832838125
0.3313842301928016
0.3294540676888767
0.3276445962628743
0.32578745964259914
0.3244008852491073
0.3233601810298466
0.3223103508305165
0.3210869521242383
0.32111934655128577
0.3194039278054617
0.3181959908338453
0.31757397821888
0.3171313092721735
0.31669603082653897
0.3166249847742747
0.31659750939554193
0.31662099444214636
0.3167412471287924
0.31699662030305087
0.31714079133112927
0.31709951169603556
0.3175138825167769
0.31887948360621576
0.3188435285075316
0.3203321718014335
0.3219291167195001
0.3231604692456181
0.32420847617265114
0.32640367812536863
0.32776122254573087
0.3292353518208621
0.33148812355109114
0.3343560404761202
0.3356154422113591
0.3390587005738123
0.3421577345643037
0.3450266146016411
0.3480073839953048
0.3521779118127463
0.35553132585516983
0.3593992145554812
0.36452056127256316
0.36948982824878673
0.3732287590303196
0.3799902859048709
0.38566353054338304
0.3910691728572272
0.3970565549437612
0.4058710959067692
0.41187655651400207
0.42083112712795445
0.4311967203448149
0.440927635541955
0.44886203475048214
0.46279693440788305
0.47263160257440784
0.48374361304418795
0.49824417614160715
0.5207543437412926
0.5295341218634053
0.545289932868667
0.5740287395823438
0.6120064740059393
0.6184949589886614
0.650699650965632
0.6958692995068719
0.704584786053438
0.7391255603890198
0.7932184990653857
0.8360760093533286
0.8960049630684624
0.9884520653919744
1.0868471152899328
1.1657642394666254
1.3137594372332262
1.4918815741958602
1.6148638258322683
1.8740929088671503
2.300292852780483
2.8086571212436815
3.975191994553649
7.474815851771308
12.071836197368944
-26.629143432555058
-6.211323103113009
-3.9168314965782436
-2.940263351271346
-2.4145462665693405
-1.8006608258855685
-1.5962587126329433
-1.3783816385944179
-1.1488692334566493
-1.0042398698089519
-0.9484310499540436
-0.8313913474332835
-0.76305126815018
-0.7160469160322607
-0.6795954946667107
-0.5932701639885991
-0.5844528424190092
-0.5507584018329209
-0.5074564588250468
-0.46619316993453447
-0.46406593852670214
-0.42696019847558964
-0.40503622712851794
-0.39258727731071863
-0.3834952836479445
-0.3534167847599864
-0.3480079805251641
-0.3375853554810124
-0.3186203726691093
-0.3004185199285408
-0.30215610087873784
-0.2834369904824739
-0.2714977815666891
-0.26647115998820536
-0.26452531222225545
-0.24688457594973426
-0.24611654056908117
-0.24271854655162983
-0.23186582782261592
-0.22073162524281192
-0.2253828126127441
-0.2119147482512342
-0.2048951186247247
-0.20247244393424868
-0.2032707031810931
-0.19006949831056966
-0.1914049878375152
-0.1920932328139893
-0.18385711717607905
-0.17695903096156287
-0.18087571889212758
-0.17038454198724706
-0.16788315079178917
-0.16617687877954146
-0.16473960292472026
-0.16223846288025012
-0.16110222170411062
-0.15991398530785222
-0.1585436017076152
-0.1559580366650548
-0.15401498834392538
-0.1499580555736466
-0.14405747774261266
-0.14503247633029548
-0.14825617389453227
-0.14004964592847902
-0.14254835304868663
-0.14346277577101363
-0.14179562413471178
-0.1362047716585735
-0.14059730504564413
-0.13711921717844006
-0.1333790884497511
-0.133760013473953
-0.13700191500484785
-0.1312514408877714
-0.13386036439023283
-0.13576084018807072
-0.1351435347957615
-0.13145108479936063
-0.13577460441358832
-0.13358211143478427
-0.13112686808390345
-0.13192261346713602
-0.135467038543196
-0.13171461116064467
-0.13477472831397658
-0.1375007342466886
-0.13823909308619814
-0.13651203136307083
-0.14096715457513875
-0.1405197200517996
-0.13998568815618775
-0.14199475782419407
-0.14623091366301713
-0.14563846403247793
-0.14968628393667177
-0.15367037913662623
-0.15668600250382958
-0.15848674659103676
-0.16366586046215337
-0.16709466449343682
-0.17127837440381988
-0.17659701858015453
-0.183271660583837
-0.19047497891120607
-0.19802400331318354
-0.20600723236250526
-0.21624725029954206
-0.23056326827111526
-0.23985387654150994
-0.25948728750022915
-0.2857270531255223
-0.3121895529825732
-0.33354848018677435
-0.39874046291277243
-0.43738947136090817
-0.4921377454964809
-0.6013473652553372
-0.8868364564476267
-1.0377271384712206
-2.3448152652191556
5.9492284739744274
1.4105239498885622
0.9633355554746947
0.6218437959047125
0.48968379228106146
0.4205717388025206
0.3488551581306141
0.27859960449270327
0.2537617314107882
0.21547281919378206
0.1858030072337147
0.1659477102068817
0.1510579108978437
0.12526490545140384
0.12045743640544682
0.11592278117065216
0.11196041096502092
0.10899188837627183
0.09102300811912245
0.08615090141662211
0.08099276050661568
0.07501006273214535
0.06907871924942928
0.0674681126695353
0.062216676836481306
0.05819348926921672
0.05586207115474166
0.05461167954524676
0.04940453053525983
0.048434027788331585
0.04693342987796856
0.04398947943930946
0.040138348551960266
0.04109741701973162
0.037768245225737074
0.03511204406007558
0.03412162817282949
0.03446914246858656
0.0304968372887796
0.03070322498243997
0.030683770062411873
0.029068282529660778
0.02603601489665095
0.02778240638127933
0.025180450755450466
0.02297925961535266
0.022465292836504887
0.023642652616206558
0.02005213461031549
0.020876061721109698
0.021578079597649305
0.020543743295249235
0.0178364038165926
0.02002648094183787
0.017784778984852746
0.015781235772462283
0.015531938215911114
0.017071414339339355
0.013765499708073265
0.014914224495817264
0.015951227935146466
0.015169322804904965
0.012658007871366634
0.015188605573582578
0.01307230520461213
0.011187774960346964
0.011117139335170955
0.012787318896319943
0.009689817563840686
0.01094170357778642
0.012195770128500306
0.011678368652857504
0.009307380581475386
0.011792550590057627
0.009878875898712119
0.008123441193846982
0.00802876102176887
0.009955105811222262
0.00691140827709499
0.008223105753305425
0.009603375169861738
0.009204570078844504
0.006970339600203692
0.009528102073873546
0.007748312965908742
0.0059411833009620305
0.0059028940987456814
0.0077732719870090535
0.00480643171262397
0.006295004686497421
0.00777421005687055
0.007460829793366396
0.0052114511258087555
0.007920153017384324
0.006135410276256654
0.004399464326574519
0.004342076900213905
0.006423563792957033
0.0033836562080093724
0.004900977267403319
0.006374806007702994
0.0061663261633676525
0.003999477602064311
0.006585808259861768
0.004924448466337937
0.0031583676520644715
0.0032266532969353195
0.0052928467153241215
0.002349302378539379
0.0037711783831691926
0.0054298315303152
0.0051612677178760795
0.003057118926482943
0.005663593878116232
0.00401488524586706
0.002463042064110621
0.0023443602354377454
0.004423659056163481
0.0015036980464161029
0.003041096797165876
0.0045566804481892995
0.004407839104560434
0.0023616290467159042
0.004966637659433011
0.003326357961790681
0.0016399750758180293
0.0016493260752294709
0.0035538964347328166
0.0009047368243914946
0.002293802754648392
0.004016361180997674
0.003761379759061534
0.001736568404009608
0.004311828659217416
0.0027949722542355373
0.0013341447426463552
0.0012072955689873708
0.003178288508475948
0.00048494540225796877
0.0019043224115848363
0.0034924518799298123
0.0033709235451629526
0.0012448046901719831
0.003932106928823266
0.0023877769915164873
0.000673009743252832
0.0008663469300082058
0.002637827969786977
0.0001158810857882738
0.0014627579671774818
0.00287703538148194
0.0030270811173760516
0.0011535669175615226
0.003443030934247657
0.0020568591611724346
0.0005114629727622003
0.0004357723988197687
0.002293060942905854
-0.00009742678587662652
0.0012188780014953202
0.0027319387009500174
0.0027738034170896393
0.0008932751031197093
0.0031516769162767515
0.0018509784918764479
0.00007836693506480465
0.0001576699027182937
0.0019500045493502421
-0.0005003435369960042
0.0009705920756846524
0.0022777022431586177
0.0024285480303069228
0.0005271065681507896
0.0032486847649634983
0.0016997412991806608
0.000044645673400093314
-0.00003908068097988499
0.0018476203599305662
-0.00044940145467192434
0.0007819796146552876
0.0021767407746265074
0.0022043657012139053
0.0005861187252487088
0.002894203932876558
0.001427875740918463
-0.00005815937967331089
-0.00016235672170319818
0.0012901543542889946
-0.0008366713030185001
0.0006041850584382865
0.0022356068929406687
0.0020390701427528217
0.0001548516376240113
0.0025308312959662757
0.0012221975628578336
-0.000319820156221631
-0.0003755075249112197
0.0016214959338036888
-0.0009992628268005858
0.000500780161406268
0.001987147795759375
0.001968097146951849
0.00008207027339203176
0.0025401474686256977
0.0011138786472501892
-0.00023501154706593281
-0.00051441774995565
0.0013755653890007388
-0.0010451931037823003
0.00032998679450947557
0.0017354147295771114
0.0017825354374066456
-0.0001598126236631553
0.002202989956916056
0.0008833339994800802
-0.0006639731176983508
-0.0005607589347887004
0.0013115864721743615
-0.001289970591931973
0.00022819235424467735
0.0018958904341244412
0.0018216053087586315
-0.00009159085463747865
0.0025222672954387767
0.000838454218408331
-0.0008651778366284872
-0.0006647498790172484
0.0012539621200255138
-0.0013507064815851733
0.00014719043548997872
0.0018332478936211964
0.0017225875123690103
-0.00026079937193188994
0.0023791068094673766
0.0008618342545894577
-0.000809464290755047
-0.000766053418772706
0.0012759033370028272
-0.0014036236501204882
0.00019995116590089523
0.0017483100972897699
0.0016110103422235377
-0.00039048904084738764
0.002293691679837292
0.000686814912971402
-0.0007703068735835383
-0.0007364898798585668
0.0012958272508017635
-0.00144319920014807
0.000022591373410797706
0.001418716957062866
0.0015658415257420396
-0.00027104274028373724
0.0022086362531041175
0.0007367569282410103
-0.0008387894427820597
-0.000709927231497986
0.0011166081129304435
-0.0014688277132741566
0.000021221681941212066
0.001391817266901845
0.0015798616311757188
-0.0004227301782116757
0.0021351445687314272
0.0007162360611427046
-0.0007121754244845149
-0.0008786947301357093
0.0009361706512718482
-0.001515828160757984
-0.00011195704393121309
0.0015530892598446956
0.0016057374929218371
-0.0004620234713738934
0.0019035402643584481
0.0007768032691605064
-0.0009387403148891196
-0.0009395929296700546
0.0010486332001908023
-0.0013168130573806638
-0.00005620358012507753
0.0016883764343167676
0.0015404383535775673
-0.0005622140891551342
0.0019175642502914335
0.0005501285576371556
-0.0007591397660810298
-0.0009075559146712346
0.0009313289780813793
-0.0015531551345722597
-0.000186741410793278
0.0013915755298465151
0.0013700832048733126
-0.00047115412075596815
0.002098258658857775
0.0006067351030175433
-0.0009000870322695946
-0.0009195012556420176
0.0005748932970036899
-0.0015430088388363114
-0.00014012990270659246
0.0013479751926345031
0.0012544034648450696
-0.00026091271333749007
0.002028880388615052
0.0006769879765042297
-0.0010721949347499093
-0.0009587501635214788
0.000978037604057323
-0.0016102194980120161
-0.00018461496972119995
0.001393362406618198
0.0014172868245434839
-0.00043899852573333123
0.0020294575916549387
0.0005418481546509388
-0.001284742087014215
-0.0009617427643483048
0.001089319282383596
-0.001789420814091631
-0.0001683333727011136
0.0013849769733996502
0.001400073746237674
-0.0005727033172621045
0.001997439360491365
0.0006066805486211873
-0.0008681167644840077
-0.0010757958701961793
0.0007221098556443189
-0.0015918603206654441
-0.00028150483193078784
0.0013447671283683318
0.0012357247306932836
-0.0005067390321386297
0.0015953737676975205
0.0004879660444465102
-0.0008974602268352918
-0.0009175194585129928
0.000554322975323389
-0.001736890532670933
-0.0001883369882118109
0.0014006964491767213
0.0013669809928635445
-0.0005283993705635172
0.0017432329984494305
0.00043425560529883843
-0.0010835878229235442
-0.0010734937978754177
0.0008770676625189427
-0.001582783331341817
-0.0002420742763859574
0.0014863588669042655
0.001174401807246462
-0.0005827369363753418
0.0018942577866601794
0.0003811542382399213
-0.0010871958775797639
-0.0010320916895256182
0.0006238073157574561
-0.0018426736466742272
-0.00018224758670585346
0.0015457010465486254
0.0012141876418079963
-0.0008086482307628788
0.001961909233471135
0.0003291312049000362
-0.0010000988083161185
-0.0010968845294498115
0.0009945521061540483
-0.0017768438614398276
-0.0001766489023860592
0.0012774279651644588
0.0012438095705836001
-0.0007068406846757003
0.0019564017597458187
0.0002997276194759823
-0.0010130849026010725
-0.0010328292834322998
0.0011244456571618978
-0.001587714343249098
-0.00025659183749833075
0.0012648195666191467
0.001173204790892071
-0.0007478145179289072
0.001716330474979242
0.0003406631490679026
-0.001204559431319074
-0.0010760114106609716
0.0008960697204609573
-0.0017262263052170899
-0.00015655066197965825
0.0014287925590134461
0.0011843281133169735
-0.000762634002939608
0.001855401717754289
0.0003439557087669362
-0.001173705661036173
-0.0010671539138434097
0.0008538984741748983
-0.0017440942216997168
-0.00018753107449406983
0.001292367812858362
0.0011894945908166503
-0.000779063785157348
0.001829802499718888
0.0003397062860437872
-0.0010843470146813426
-0.00105160282695978
0.0009232232943383451
-0.0016508996817197546
-0.0002222358748399299
0.0012746001031594338
0.0011847432062193684
-0.0007839271782778174
0.0018030977140137737
0.00030585352172071717
-0.0011558527275559432
-0.0010500853423389292
0.0010327223466493883
-0.0016530732055415399
-0.0001940819931284858
0.0012959714373874669
0.0011468229847165295
-0.0007797435170860147
0.0018563292605487164
0.00029344730175216623
-0.0011837979471441705
-0.001042708380562674
0.0009261188803393791
-0.0016945043208580338
-0.00016683144543932962
0.001332269967561768
0.0011071500362660003
-0.0009366728297256058
0.0017771687406780109
0.00023747308648627288