-2.608270908919106e-19
-2.0664347773705334e-19
-2.4077212530763045e-20
-5.07738463998954e-20
-1.9521837647444364e-19
1.6304269597884283e-19
3.0987805246270294e-19
-2.3854488229118546e-19
2.522483883953529e-19
1.8918077597702028e-19
-5.977046879617623e-19
9.678143887678039e-21
-8.641419155971565e-19
9.949008904541122e-6
9.912502263438118e-6
9.42324519456855e-6
6.480405482779662e-6
0.00001162740298221701
9.664243790001711e-6
-0.00009072269172649802
0.000016866211477331216
0.00019358057863520084
0.000051629053960767234
-0.00006556424001502322
-0.00005496447718697405
-6.972800941957543e-6
-0.000013270732969837469
0.00017031625242613032
-0.00017994784581732448
0.000013795234315866959
-0.000042623124969859685
-0.00037689545662056794
0.00042771024018294096
0.00004439447153779687
0.000028309134660461323
-0.0007554548134899111
-0.0000666418171267421
0.00007710253129535453
0.000012592322396206686
-0.000182845270394464
0.0000322325268307411
0.00003982224933499508
0.00003831931542632893
-0.00002630952698909992
-0.00003914577421728594
-0.00006877309928489126
-0.000055059671773928506
-0.00008595076403984387
-0.0002442611681737756
-0.0003106148399462252
-0.000011167896665663635
-0.00012031953648077884
-0.00006573410828753635
-0.0000185940094066096
0.0002462082008385922
0.00011670099795720626
-0.00007500520549297705
0.00003966350878337315
6.450556852820142e-6
-0.000024824400957913923
-0.00013972608415685334
0.00010346795131936277
-0.00011363146189326045
-0.000055196402274843595
-0.000023916396231893243
0.00012719483794153315
0.00011676159198872212
-0.00005284620940928001
0.0003515009502739738
-0.00009218389362931125
0.000015687864910164685
-0.000022353695225265548
8.977693924422957e-6
-9.609522155161522e-6
-1.3726044678453687e-6
-0.000020128727352509413
-0.0000682052705541284
-0.000013212397240269914
-0.000014156538001108003
-0.000012024534830014683
-0.00018421610936233216
-0.00003558184897121544
0.0000321112224074695
-0.00007219132369133461
0.00011462946156465863
-0.000044713016936033146
4.5584388407105595e-6
8.528780247564075e-6
-0.00011338236085323303
-7.760138995289308e-6
-0.0000438726432607372
-6.936368759435045e-6
-0.00001667117222806961
-4.514883762584482e-6
-0.000038858252124841
0.00004703857351685486
-0.00014612308316106995
-0.00005727032920007581
-0.0000255477970906325
-0.00003722998343859105
-0.0000468772966468113
-0.000040468080090248337
-0.00006525900479551912
-0.000044673504742987726
-0.00005220138384068496
0.000012561241674741733
0.000012104139406481352
0.00003887261117495217
0.000012023466118452097
7.458487140836298e-6
1.650003643951895e-6
0.00004577837893785555
0.00005139217331845591
-0.00007830429511763708
-0.00008139433892939704
0.000147971239971598
-0.000010593565542328327
-0.000017924330906093725
-0.00008149494831600134
8.851689381665928e-6
-0.000037974999466439216
-0.00003259274690476784
-0.000020187777843552188
-0.000018292464787442797
0.00001244815392856386
0.000015158435339154661
0.000023747717582717684
0.000030058346762567607
0.000041651230344339995
0.00006320533736658942
0.00005660052016776767
0.00006158608063782226
0.00001667949076267534
0.00012919615673464988
0.00012638577077676096
0.00009601540507461305
0.0001121772214256348
0.00005456449928046329
-0.000011646423263622542
0.00008928051750160926
0.000011782102908309358
0.0000182509011358332
0.000019632360426722513
0.000019024231752584367
0.00003312378252699459
0.000014362589378832418
3.3364780750305825e-6
2.3432720009555744e-6
0.000023810937137726392
0.00003863050120928763
0.000013016083757214625
0.00010118279438861333
0.00009593678920582897
0.00007424510141437204
0.00004902722688076829
0.000021095676480416162
-2.32478931007008e-6
-0.000016291061132081904
-0.00001945176481497694
-0.00003176017946570774
-0.00004677066310538509
-0.00007992337703235046
-0.00012856662152156798
0.0001156897863566026
0.00011708529801646275
0.00009902981412881068
0.00011037582080139193
0.00013141066578266567
0.00011559744574636787
0.00007395459589365775
0.00005136447542905781
0.000040545293278728314
0.0000329560298996274
8.093143883210952e-6
-0.000010528190466287653
-0.000029635289150600195
-0.00004421210032844867
-0.00006652517300687962
-0.00006892950051218448
-0.00009402889981148768
-0.00011509182719107436
-0.0001392346443110603
-0.00013288233781972466
-0.0001398960581813723
-0.00013074130606356504
-0.00010820727176765012
-0.00010560752405847059
-0.00008019672775499135
0.00009376921289994496
0.000015551958728335928
9.710203220010757e-6
-0.000023189142495870942
-0.00005051325061698758
-0.00007575575872199325
-0.00010134280816361947
-0.00008090280501305103
-0.00013604855378472977
-0.00013220928796171878
-0.00011204367991820403
-0.00011620945702058967
-0.00013095847182913815
-0.00010526344814140003
-0.00011179681038813111
-0.0000640736742046566
-0.000016671908778352755
-0.00004374056355125416
-0.000014033731383314603
0.000010946891262873542
0.00003334594177585325
0.00006425215551224836
0.00010980916628747746
0.00014784958263684518
0.0001731560397590598
-0.00018991454151079778
-0.00021529542993637177
-0.00018126622228284916
-0.00023184536906819444
-0.00015584779466014333
-0.00019182661808726448
-0.00016577643381617338
-0.00009020556437455243
-0.00005655702020967146
-0.000037334578802761266
-5.579580177028036e-7
0.000025946349765327963
0.00004687704885362558
0.00007075385737222121
0.00009081262050796865
0.00011545750010335436
0.00012234266394330577
0.00013871305716472082
0.0001800245700602228
0.0001825707866309364
0.0001556431034870817
0.00017967640692418047
0.00015015856666737221
0.00017936393297211768
0.0001340204496823199
-0.00011353917260703279
-0.00003221470244351714
7.893053709997023e-6
0.00005075677978956093
0.00008065910856222238
0.00010604737297028857
0.00012642069333329128
0.0001661737289868568
0.00019871270335615964
0.00022269130558976894
0.000245072653357333
0.00020363035304858776
0.00022433448142637757
0.00017664363509765598
0.00019740454103904615
0.00015384963460373735
0.00012811041877088333
0.00007752453512578602
0.000011541814033663282
-9.190438911809434e-6
-0.00005471203002967209
-0.00010431574527189875
-0.0001625197835625428
-0.00016966172541088204
-0.0002231594678476934
0.00032009539218374723
0.00033659539726926243
0.00026765461437234633
0.0002378783035410416
0.00020512019777971008
0.00022277276448861997
0.00018844921097325664
0.00013203415917328347
0.00007637491664878052
0.00007880202652090995
0.000024304483847193674
-0.000027304285380784588
-0.00007569867682631774
-0.00012197089739137372
-0.0001495357857891567
-0.00018202499046347087
-0.0001968356714751885
-0.00020293249070754015
-0.0002142476822502796
-0.00025189218123783375
-0.00031011907945794725
-0.000269614868288937
-0.0002420612405745849
-0.00023956007956288933
-0.00021888697595961982
0.00016043677178489957
0.00007093834457138406
-0.000011558889907318739
-0.00008126474201413167
-0.00012837647959558572
-0.00018707938413019395
-0.00021033988937933912
-0.00024006042378307545
-0.00026064723920904377
-0.00028445958976727206
-0.0002741453034409415
-0.00023441890957171592
-0.0002325872688640401
-0.00021529713412431282
-0.00015760537416906138
-0.0001279334303936668
-0.00011969512712111469
-0.00006449881536173796
1.963100065459795e-6
0.00003480323462404348
0.00009541749900188472
0.00016448718595128453
0.00021352971607959033
0.00031216282261908564
0.00035485667491079106
-0.0003754707722374726
-0.00042353737729294264
-0.0003493114678118048
-0.0003208533309853139
-0.0003175039565180373
-0.00020333262517205158
-0.00021259888780188595
-0.0001852310669232774
-0.0001331548295767523
-0.000047396227220080016
0.000019576542414255215
0.000058943063386964265
0.00011859588645542446
0.00017043020130642705
0.00020124482164723988
0.0002374089018469192
0.0003090422008100739
0.0003252026157314313
0.00033893404067929364
0.0003558699858208545
0.00035069223796959086
0.0003493510686326627
0.0002952007094735406
0.00022340276065213182
0.00018255752439278667
-0.0001778741743673089
-0.00002026907058466979
0.00003183293111492614
0.00011993525851695095
0.0002004659134364647
0.0002517354812544252
0.00028081237728202904
0.00028959549184695294
0.000322625355689466
0.0003655277442372512
0.00031593474827554176
0.00033959609888954223
0.00025256140624271937
0.00024056791669368801
0.0002211013986336246
0.00014311729712298483
0.0001505969024295746
0.00006300875113528876
0.00001676137483118627
-0.00006414745752408948
-0.00015076048151791953
-0.00024083502777502198
-0.00032144468774955576
-0.00038433013876592475
-0.0004967366382101605
0.0005386590191485056
0.00047967293111273726
0.0005006840397735469
0.00039193529975592434
0.0003839742022059781
0.00036997881068923165
0.0003076246759224182
0.0002120720669922149
0.00014699600247938517
0.00007159779198567981
-0.000015916419888477142
-0.00010009810869809564
-0.00017890457711867898
-0.0002507169715249239
-0.0003135097718533577
-0.0003768880167152208
-0.00042310782358333373
-0.0004621848038659562
-0.0004328638140402485
-0.0004997043262802644
-0.0004497644300994588
-0.00042576135192499563
-0.00042482947081005847
-0.00036928918160970874
-0.0002716155535371077
0.0001568477114447531
0.00003107958249729625
-0.00009037471669397203
-0.0001993859664537711
-0.00028554647775242244
-0.0003582719122989116
-0.00040823203247715125
-0.0004519179922213335
-0.0004814203729627751
-0.000474055706393731
-0.00045888254193232484
-0.00044748508776786455
-0.00041762880903195847
-0.0003774789544491932
-0.00031108816104163093
-0.0002319797821542168
-0.00016048614984084028
-0.00007793700485580156
0.00001746730334910174
0.00012839183622117894
0.00023443152475702094
0.00035440019152844723
0.00047172037737642223
0.0005649967409687892
0.0006871641232000661
-0.0007600770581453395
-0.0007288320962807667
-0.0006530446798511924
-0.0005777918102760998
-0.0004988364638927478
-0.0004019949581250109
-0.0003330496971731593
-0.00024149791111809958
-0.00014251377963178687
-0.000027606564921523755
0.00007349398070814205
0.00017379192976640174
0.0002721799198183865
0.00035854867854234523
0.0004279048619137579
0.0004999013033219319
0.0005635471955881382
0.0005988674315654309
0.000530775136945154
0.000500285512216535
0.0005077238685243022
0.0004642202830959512
0.0004302656424962662
0.000296175819716855
0.00016081419394611235
-0.000031806761559173044
0.00009749139507295758
0.00024917850747929266
0.00035046125475152754
0.0004291330178468606
0.0005168830468273624
0.0005680465098756247
0.0006026883153468346
0.0005678670807583992
0.0006191012448931109
0.0006110478544741575
0.0005813264405140897
0.0005301242658778432
0.0004695943890689094
0.00034950501642102487
0.00026435212470968115
0.00014093786952871804
0.000011510022785822626
-0.00012776634861298778
-0.0002449785123579278
-0.00038852655026683686
-0.0005296520661104855
-0.0006706926170869685
-0.0007913672641433054
-0.0008969894066061784
0.0010035894513877174
0.0009146551118115508
0.0008529298565479226
0.0006442967058750058
0.0005818728977233012
0.00046885342080540303
0.0003662201193123284
0.00018412174587016222
0.00003743322271699782
-0.0000834357015505909
-0.00018520222703385976
-0.00032542477835058797
-0.0004386114031176786
-0.0005445163012319848
-0.0006100258032107737
-0.0006862927402013486
-0.0007134645648564969
-0.0007587785103886753
-0.0007235638228665159
-0.0007196022859792563
-0.0007181072523037659
-0.0005749833074313942
-0.0004967100890700464
-0.0003455614156145955
-0.00021014803740133963
-0.000023206903741979376
-0.0002410019653790733
-0.0004328582322940961
-0.0005745522507883951
-0.0006894495905982078
-0.0007655802997590471
-0.0008312895037692968
-0.0008622322628070404
-0.0008411890175218698
-0.0008540712481805194
-0.000770090184108091
-0.0007184363564748267
-0.0005649699741940347
-0.000519669355065808
-0.000357213189815861
-0.00019802315583104755
-0.000041294712360787025
0.00007262840911087487
0.00028508073395652045
0.0004561007712652434
0.0006425720411396079
0.000825931077349091
0.0010024725532161295
0.0011438157401996234
0.001369782434194772
-0.001524638853364268
-0.0013875289467764576
-0.0012231420354674829
-0.000961894973371179
-0.0007171538917258601
-0.0005221882200814868
-0.00033351573767118314
-0.00016319193333054382
0.00007238348494982719
0.0002483764716485087
0.0004107138082678066
0.0005860867368261365
0.0007414004893868818
0.000855755494823468
0.0009444737109353386
0.0010421013587675809
0.0010785873831560507
0.0011152032139181039
0.0010764800879928854
0.0010029896020223134
0.0009093456648795386
0.0008185613351242344
0.0005823045800657522
0.0003336106835534004
0.0000765373075472158
0.00022335534500710324
0.0005538537956455108
0.0008324477718741532
0.001029209718953651
0.0011778503353530062
0.001278746003921511
0.0013466521376366632
0.0013521369123879348
0.0013273361390087881
0.0012575279615623203
0.0011462976027220794
0.001057187355403298
0.0008800012174988138
0.0007001876566293897
0.0003997418642292083
0.0002230126374995857
-0.0000440199486148695
-0.00037211925187816163
-0.0006075121469723993
-0.0008787791828251764
-0.001147502131090658
-0.0014189710592559545
-0.001689083262751107
-0.0018925968491988307
-0.0020865910245894755
0.002280950534287029
0.002015658320749853
0.0016653134261233966
0.0013859500557419108
0.001112252176558637
0.000719030502232223
0.00036168425033738594
0.00009336206415979607
-0.00026089867006700673
-0.0005913268227642689
-0.000856403301601395
-0.0011365559176426407
-0.0013558087283890006
-0.001534481140440666
-0.0016877284253193976
-0.0017937917940159527
-0.0018458312397701758
-0.0018236589999476643
-0.001746088266991542
-0.0016745794217507182
-0.0014669768187372749
-0.0011507956891463585
-0.000837679026268034
-0.0004008328439181246
0.0001255162386529812
-0.000825667364199044
-0.0013172647608148224
-0.0017202267329196163
-0.002047886610092348
-0.0022798077066256937
-0.002432313512615651
-0.002478106211645084
-0.002450134104508924
-0.002343171764880102
-0.0022167105374846455
-0.001980492189475275
-0.0017398436363014129
-0.0014055754266976807
-0.000998449087542729
-0.0006048760396552993
-0.00012582539028350287
0.00032501685264966156
0.0008392342506841015
0.0013504024203342142
0.0018311507300076994
0.0023201683666692285
0.0027730401485984717
0.0032157445612798403
0.0036595664731999644
0.004000174808220215
-0.004583432096020802
-0.003994330109705812
-0.0032809333083158756
-0.002614828131329883
-0.0019338490566009445
-0.0012289475048045397
-0.0004976510177173911
0.00017137617116880043
0.0008252421292222337
0.0014302293619350153
0.001992038188057918
0.002501358228728103
0.002932638242475314
0.003257554963676303
0.003517477733332521
0.0036370875417298075
0.0037365043527790576
0.003606837090020538
0.0034952920118222087
0.0031924999313268235
0.002652941791338482
0.00211844655343549
0.001246897627014727
0.0002246845079320883
-0.0006982936627573128
0.0023775288745096724
0.0034775372901732697
0.004309395425116325
0.005009465702665453
0.005495081904016332
0.005764839386783129
0.0058480062271126934
0.005733568500962928
0.005464481803409709
0.0050409299171268835
0.004356299620143294
0.0036528112831452782
0.002897502744096621
0.001935465483055543
0.0008592231053003933
-0.0002931067714509015
-0.0014415536598997864
-0.0026672000735039674
-0.0038335185575499643
-0.0050211597352868
-0.006140494010943409
-0.007173983833050523
-0.008109316979781504
-0.008939014286332127
-0.00956191863923864
0.012838866465789899
0.010911572804874358
0.009077703612236839
0.006963927384816483
0.004854614644428184
0.002728954614113992
0.0005976784044927755
-0.0014238863265323056
-0.003387517819296693
-0.005225298214692933
-0.00687334143656994
-0.008280792000777545
-0.009450232449826644
-0.010353248162826997
-0.010964228718390112
-0.011224468173041525
-0.011142733512266944
-0.010771911744207047
-0.010010685587885006
-0.008820580658674287
-0.007173125201650981
-0.005111934144860269
-0.0025430127786408804
0.0005269394534163483
0.0038258403421510493
-0.013969394289326718
-0.01870742935310254
-0.0222053018617685
-0.024724212466772817
-0.02613297101915371
-0.02669676925712912
-0.0262877522238099
-0.025196758628681044
-0.02343748047840757
-0.021025787703777235
-0.01817770114659268
-0.014794390908515162
-0.010892045194291633
-0.006682898417952659
-0.0020341878646411536
0.0028965830625821407
0.008010925378774738
0.013489750255638753
0.018976968379339335
0.024564458575224143
0.03014636385071914
0.03570456367433947
0.04110924287618309
0.046300326534811885
0.0512921555441896
-0.11865942491691528
-0.09562872894386323
-0.07455435133075132
-0.05472415433736967
-0.0359006650248165
-0.01798298395990099
-0.0003810353006829996
0.0165577934249475
0.0333686488242288
0.04987025266331991
0.06622461043554877
0.08230778035042678
0.09834204601329177
0.11418921615927519
0.13009608247398544
0.1461911388903802
0.1625531512199099
0.17918868682999808
0.19613348125330518
0.21353251840755716
0.23173708734649906
0.2502618183162668
0.26926117977917496
0.2883451906074415
0.30746397232288675
0.7762310408739524
0.8571882117157746
0.9519980497680347
1.0610593252656293
1.1860604492826687
1.3353562762476285
1.5074522482571342
1.7051409647821838
1.9219122711045569
2.134666979193445
2.288132335588848
2.2717132715343897
1.950635460084085
1.2966466504870304
0.52515464207536
-0.08521464456442178
-0.4571266409568052
-0.6373259631740246
-0.7006047896980949
-0.7027526362474061
-0.6730400643892076
-0.6308096240438122
-0.5783980512007756
-0.5265260273500219
-0.47417237062791945
0.11439119975276697
0.09139507084503704
0.067660111291157
0.04517183855868586
0.024820723837328737
0.006903016018521642
-0.008353139970871908
-0.021023940227986877
-0.030972064836423542
-0.03832480070858463
-0.043341081859994184
-0.046182683611128705
-0.04723467765545051
-0.04675114577546489
-0.04492768454109692
-0.04202688539664393
-0.03813095317446056
-0.03354872007195628
-0.02827937455246956
-0.022147065346652624
-0.01549951569694223
-0.008421215355401855
-0.0006814474167277165
0.007284464446087175
0.01569693431785508
-0.015028500312249523
-0.018303260813947016
-0.020123534879038413
-0.02117270045251774
-0.021222597613719786
-0.020664987081229533
-0.019550726987357804
-0.0178189153935705
-0.01582171185728671
-0.013573681990964242
-0.011160649317815723
-0.008564124661149858
-0.00592046664994524
-0.0031441100411845535
-0.0003632310568265203
0.0024082536701721317
0.004994430580723824
0.007497059449464922
0.009944248897947598
0.012093985317741746
0.01397018821027053
0.015690427536078154
0.017042539941596463
0.018125944946042583
0.018660734992808778
-0.012111228229400736
-0.009871802648085185
-0.007523849277923342
-0.005562614573222372
-0.0036142337449682595
-0.0018336940406585179
-0.000044414202181921973
0.0015484510071153235
0.002975936411187792
0.004222355493551049
0.005298667806758934
0.006121470682185533
0.006757972702367904
0.007202913440263877
0.00743438584826553
0.0074519611482990085
0.007238618607497081
0.006878002176429863
0.0061329037950080345
0.005355453725545431
0.004147475627916007
0.0028754637746683724
0.001310831119781928
-0.0004280690618413205
-0.002370849004497352
0.0027976737391043447
0.0037657374387704756
0.0044131887846109675
0.004931214754222232
0.0052001926467139005
0.005291738587278354
0.005207645753843221
0.004967967007927472
0.004626958635923822
0.004207922308947997
0.0035694825259741146
0.0029410120318983136
0.0023288596213404977
0.0014192024795899735
0.0006419205885105269
-0.00023056488826846464
-0.001069026856787239
-0.0018673497818606488
-0.002684707820393864
-0.0034321963000868557
-0.00411900485343766
-0.004739711504160201
-0.005254593288907553
-0.005714038599760159
-0.005987825187594648
0.0046726623225269775
0.004016034187397793
0.003341677283946294
0.0025406474689872007
0.0019159435488428492
0.0012072738110855221
0.00055993650912337
-0.00007649756133026855
-0.0006640164665219192
-0.0012673983779631012
-0.001691268116521003
-0.00213477013623428
-0.0024298925724181124
-0.0026783945445434036
-0.0028751454619238516
-0.002955107212905382
-0.0030023137416539457
-0.002925236813645667
-0.0027387148699527498
-0.0024966664442445897
-0.002141604934162631
-0.0017408348826730754
-0.0011855131798144433
-0.0005926478538787928
0.0001808179352960932
-0.0005883059037489155
-0.0011531449716175885
-0.0015998544883192884
-0.0018867777898407517
-0.0021544309652586783
-0.0022495534878623647
-0.002344772813918861
-0.0023462459195886295
-0.0022490111922922177
-0.00213449800905291
-0.0019541048996708898
-0.0017864853111810067
-0.0014132960182529737
-0.0010791051494271307
-0.0008104921358232414
-0.00040805271989301857
0.000057062638957207724
0.00032703474818857693
0.0007603527691474718
0.0011743208344802383
0.001585929636351298
0.001999789517924961
0.002402923097616635
0.002750232828279402
0.0030384086195702604
-0.0026299172224529366
-0.0023878581534447422
-0.0020928890460979285
-0.001833906201069832
-0.0015040092458779395
-0.0011831971258422305
-0.000798142746512339
-0.00046833013859316357
-0.00013706487933822482
0.00017217645398205316
0.0005193376815554551
0.0007491716609858564
0.0009972975835192254
0.0012210068209908313
0.0014155283824327594
0.0015479128392109636
0.0016777226482342024
0.001758524086856384
0.001782717206032943
0.0016967942869034619
0.0016562986178023365
0.0015035166000939542
0.0012564587135271638
0.0009621227592580496
0.0006448126322808423
-0.00041483019518019285
-0.000058092069619692754
0.0003178935232577747
0.0006358051847707435
0.0008809322357326251
0.0010804402733845737
0.0012287224045481663
0.0013267875311139875
0.0013629238177920696
0.001441029462738539
0.001440064415404093
0.0013193568538126849
0.0012123607834717593
0.0011253718360102033
0.0009623418777262976
0.0007366623490926091
0.0005113934288641647
0.0002934155710563636
0.000012947855294623741
-0.00026323526160392473
-0.0005611140725317161
-0.0008745932349236531
-0.0011702032866423924
-0.0015152875648419641
-0.0017698586076438517
0.001824904794615353
0.0017520279515563146
0.0016813423596777656
0.001531386813912277
0.0014600022967004227
0.0012241616501373319
0.0010923343230207023
0.0008732726150683124
0.0006414026468512956
0.00040657272333736007
0.00015480842780548736
-0.00008804385353552875
-0.00031090322205919185
-0.0005335536129316593
-0.000710864393906713
-0.00090794574967189
-0.0010866201665554844
-0.0012628184576423639
-0.0014215908656115828
-0.0014520726169428009
-0.0014129293117038737
-0.0014471032069056562
-0.0014047086364659496
-0.0013403755957497455
-0.0010952012125455973
0.0011154020774558002
0.0007770332758914809
0.0004098462157082615
0.0000801954768815818
-0.00018399365937659304
-0.0005462379180541166
-0.0006593302290998369
-0.000868718598383795
-0.0010305085700281747
-0.0011373848385947515
-0.001228396601850926
-0.00128027769325041
-0.0012221185339714364
-0.001236873553181562
-0.0011932262368843515
-0.0010347407773142548
-0.0009371536704969187
-0.0007356971847624728
-0.000495501418741231
-0.0003296058057307391
-0.00008109849135798169
0.00021560009876983092
0.0006115206329415669
0.0008878836252023372
0.0012038005473557793
-0.0013466005749448698
-0.0015003900803824792
-0.0015485203707658367
-0.0015761902067858464
-0.0015655087173110376
-0.0015305818539369642
-0.0013238343484209597
-0.001244139664912403
-0.001053040298758564
-0.0008267563678772658
-0.0006729411156032133
-0.0004269982928243306
-0.0001866512648591813
0.0000351939124344311
0.0002905632351968878
0.0005402096649643716
0.0007649280907432483
0.0009856521503470116
0.0011738991687113543
0.001353782026557927
0.0015943591359610335
0.0016291342012643365
0.0017194230567907486
0.0017865110051989352
0.0017998293500763778
-0.001665812773465349
-0.0013246769767588356
-0.0009602666502240786
-0.0006640427851249775
-0.0003484184857570224
-0.000043709388509534275
0.00025467447282972495
0.0004944334164916082
0.0007280986036315531
0.0009011997642766409
0.0010641451810410524
0.0012047612036917223
0.0013500787330548432
0.0013928057484336393
0.0014617602447462318
0.0013878693884874034
0.0013476916715914858
0.0012267506738663338
0.0010643676960366917
0.0008158142982470801
0.0006345321294433779
0.0002916377791545284
0.00001723022046086773
-0.00038983862581429507
-0.0007220736558804972
0.001021088472678869
0.001335843298125128
0.0014472717761142898
0.0016520569730954704
0.001627681181050812
0.0017060528027853506
0.0016815223236865298
0.0016603891293424846
0.0014979906566987816
0.0013605035773000746
0.0011164476734743455
0.0008964420548188277
0.0006015669485254871
0.0003524146834669591
0.000025119978431128786
-0.00024900009664838177
-0.000509305751317219
-0.0008774082197260652
-0.001134811877125181
-0.0013713524387479674
-0.0016221120194536988
-0.001879041773343349
-0.002103603878829445
-0.0021848754342827406
-0.0023072153979554044
0.002350363843842434
0.0019482438217751313
0.0016413027890534028
0.0012293509887939585
0.0008536147095763513
0.00047575323230463417
0.00012403437950657856
-0.00024010891488977413
-0.0005174772328558994
-0.0007881681508061213
-0.0011322929976891858
-0.001289032603456986
-0.001585382442102665
-0.001597137328642708
-0.0017591563650109913
-0.0016997114654580736
-0.0018019897474469257
-0.0016515555991339045
-0.0015050433678005055
-0.001393504916634125
-0.0010821767128109702
-0.0008419219608557872
-0.0004433996983244829
-0.000059535615456061045
0.0004247948775104986
-0.0009093964260176045
-0.001211449102172922
-0.0016134507231948547
-0.0017179663712473534
-0.001973936440223818
-0.002068462222383264
-0.0020599390010979045
-0.0019396033319174027
-0.0019757198503524897
-0.0018516417756653115
-0.0016198669034282684
-0.0013709811611660539
-0.001090800589525616
-0.0007617263591647849
-0.0004089996638219264
-0.00008324711456495388
0.00032964439425403906
0.0007148041746097085
0.0011179427504902507
0.0014557819168139366
0.0019430654246315254
0.0022068768573788424
0.0024933715515537366
0.0027971075874168943
0.0031443528465809768
-0.003057460966184989
-0.002766047149328931
-0.0023848627282611503
-0.001919199736337271
-0.001446875844724306
-0.000997143961735823
-0.00047451901993232284
-0.00002667261709799129
0.00032979573202830974
0.0006833592572075223
0.0010852143469730676
0.0014889347604223272
0.001767262279208626
0.00201798328916362
0.002177819229523208
0.0021954192091151585
0.0023461697253080553
0.0023177729949727085
0.0022278031025800065
0.0020016360064032354
0.0018249384129873174
0.0014048661807230759
0.0010407751968492783
0.0004964220607806444
0.00006601110326674666
0.0006509610598952946
0.0011579511501541068
0.0016686071917755999
0.0020637800384110594
0.0023413529264053783
0.002581446137283226
0.002657567619004316
0.0027109487672791633
0.002618566982944297
0.0025244448326634905
0.00225948840402014
0.0020137383593219183
0.0016334145572589076
0.0013328735087607502
0.0008974870326408051
0.00042907734288268534
-0.00005656531394036457
-0.000498157143679198
-0.0010994174962374093
-0.0017071487085085042
-0.00220499251335452
-0.0026976364763816123
-0.0031371589390408574
-0.003594050442726283
-0.0038973922237692075
0.004328465112899937
0.0038204315246771737
0.0033354170671157524
0.0028768935212067854
0.002302425203046951
0.0016576667105208636
0.0010677021662148217
0.00043018763556976273
-0.00006035378193204317
-0.0007240384833115012
-0.0012090652896964394
-0.0016062103751247492
-0.0019935968805134215
-0.0024961484870373372
-0.0028243870199450697
-0.002951159989371567
-0.003054793098957393
-0.0031905195086335803
-0.00308421990475109
-0.002876781042895936
-0.0026633278225411845
-0.002272676508386857
-0.001806652092301805
-0.001322288919641458
-0.0004475498883525747
-0.000408085163681963
-0.0011759668317590207
-0.0017532080001679256
-0.0024502208415899183
-0.0029613517414792553
-0.0032483723331081875
-0.0034190909227088642
-0.003587894829875644
-0.0035714264733790893
-0.0034245204956958888
-0.003187294452764646
-0.0029052893698050257
-0.00250435947824945
-0.002053275671425736
-0.0014788015321107269
-0.0009179526680481707
-0.0004011346442586347
0.000369183731016911
0.001066131724561574
0.0018302890376029537
0.002649897677510272
0.00337769105907294
0.0040133022113205
0.004682662643087456
0.0053962299657273624
-0.005997114062005437
-0.005462200074653246
-0.00475034157833086
-0.004144945941783689
-0.0034056706303934505
-0.0026236373284530294
-0.0017880317574438657
-0.000974086702533712
-0.0001585355389733334
0.0005867360330066755
0.001298577406214961
0.001983101945319262
0.002522393305824122
0.0031608837330126065
0.003696510237983299
0.003944714023494345
0.00425530554170434
0.0042683455127863566
0.004227511336254653
0.004211710511990912
0.003948153530479122
0.003510407934312646
0.002900845266941799
0.002241202178193113
0.0011627450997890804
-0.000014375571605517315
0.0011425505248432567
0.002180485979673597
0.0030806898296765464
0.0037267149601223877
0.004083178837387713
0.0046913119156540475
0.004879268629631061
0.004977449172679602
0.004928507791406687
0.0047401678558930795
0.004380305576299243
0.003931297003798129
0.0032455343796739303
0.002529294975307369
0.0016843532019061986
0.0008010203668942428
-0.000178287611295857
-0.0012120306993807226
-0.0022290711989713234
-0.0033440417960471746
-0.004299640096321999
-0.0054347322659725385
-0.006304857500197494
-0.007264754237378844
0.00855174923477128
0.007961093716122677
0.007042974409029193
0.0062664119192488476
0.005276767372625382
0.004231296891571979
0.003098690805560884
0.00193320474344858
0.0007624734771429115
-0.000343333071635699
-0.0015212874684555197
-0.002460483647774023
-0.0033166763734903686
-0.004255620044983173
-0.005009320830204631
-0.005492231211619788
-0.005882467334436671
-0.0062124424096743685
-0.006142845817520552
-0.006143195987100337
-0.005734577884347403
-0.005231707875421364
-0.004511447965009541
-0.0034665320074449848
-0.0021655266042979256
0.0009918985946675302
-0.000973630819481678
-0.0026014881319099876
-0.004088530523925467
-0.005188830378035479
-0.0058896992739478175
-0.006663875864139319
-0.006988038855458198
-0.007307039694537779
-0.0072413046187109345
-0.006857920581504729
-0.006448194440503789
-0.005758049368025968
-0.0049792296593052935
-0.003952165776803492
-0.002785946519731333
-0.0015213829329188636
-0.0002626844576512447
0.001168186389654303
0.0025697695397270083
0.0042100070908802495
0.0057985232543730945
0.007311783038906288
0.008884357849024584
0.010256593984659756
-0.013162305761724096
-0.012377237634876697
-0.011107681926725305
-0.009769153990763252
-0.008318616419614086
-0.0066844591959623135
-0.005029998061373377
-0.0033453170339797812
-0.001628783882035632
0.00001905780155955677
0.0017116379945041936
0.0031768026607013906
0.004566884140787501
0.005764103647469677
0.007048486772914337
0.008034028543171886
0.008728916071207505
0.009177871934147203
0.009515852743011267
0.009531633071375636
0.009198421155685274
0.008490140208644094
0.007508071291738604
0.006241410167449884
0.004380290671980619
-0.002231024570786313
0.0005586223976233544
0.0032549705175947477
0.005399922467689596
0.007305441809932024
0.008755173419750576
0.010061825033449922
0.010820677601723545
0.011239510955315998
0.011463247764032672
0.011151798110997584
0.01057901994450749
0.00970721493522059
0.008516089009678632
0.0071193501279702585
0.005252403964234426
0.0033217173304259983
0.0012245058156419325
-0.0009378528638105443
-0.003465780633877213
-0.005834399470754069
-0.008402290275817414
-0.010753164039745402
-0.01292412955160059
-0.015092396464305284
0.022904296639152964
0.021820986433596073
0.02037196594470931
0.018460101598819247
0.016055734418601798
0.013141842991752356
0.010371682032271883
0.007119389052585136
0.004163019071027774
0.000981162360756837
-0.002041996234723049
-0.004596481346821248