3.976206696492109e-23
-2.520913667589296e-19
-6.379890556217042e-18
-4.472290809648683e-17
-1.80989523299814e-16
-5.390089422936422e-16
-1.3195315280902741e-15
-2.818950546431337e-15
-5.448165732786076e-15
-9.751368999824047e-15
-1.6424899207893692e-14
-2.633612588132044e-14
-4.054235769650452e-14
-6.030975183738798e-14
-8.713236574869615e-14
-1.2275113459198679e-13
-1.6917287586189564e-13
-2.286896236101367e-13
-3.0389758572645314e-13
-3.977164390074105e-13
-5.134086550080443e-13
-6.545989402595155e-13
-8.252934290725515e-13
-1.0298994570114e-12
-1.2732448940790631e-12
-1.5605979584409895e-12
-1.8976868894515246e-12
-2.2907197773005997e-12
-2.7464045182855604e-12
-3.27196869446134e-12
-3.875179888399048e-12
-4.56436571813388e-12
-5.348434107805274e-12
-6.236893992684556e-12
-7.239875559607005e-12
-8.368150945837958e-12
-9.633155302461632e-12
-1.104700720097575e-11
-1.2622530140815152e-11
-1.4373273435389009e-11
-1.631353346272001e-11
-1.8458375418139737e-11
-2.082365460424432e-11
-2.342603828971925e-11
-2.6283027553345425e-11
-2.941297942600393e-11
-3.283512898538953e-11
-3.6569611754563174e-11
-4.0637486325597415e-11
-4.506075714418725e-11
-4.986239694322693e-11
-5.506637060867266e-11
-6.069765779729854e-11
-6.678227678272098e-11
-7.334730774409082e-11
-8.042091717451873e-11
-8.803238147786377e-11
-9.621211141843578e-11
-1.0499167676078051e-10
-1.1440383065705774e-10
-1.2448253515484251e-10
-1.3526298564178154e-10
-1.4678163704087184e-10
-1.5907622852259483e-10
-1.721858106922668e-10
-1.8615077040425357e-10
-2.0101285804634837e-10
-2.1681521409468772e-10
-2.3360239546291335e-10
-2.514204036327207e-10
-2.7031671142893396e-10
-2.90340290976465e-10
-3.1154164191401245e-10
-3.339728194260894e-10
-3.576874633495352e-10
-3.8274082707618634e-10
-4.091898059343704e-10
-4.370929680883034e-10
-4.665105835653134e-10
-4.975046547801055e-10
-5.301389471280703e-10
-5.644790197552235e-10
-6.005922569517319e-10
-6.385478995916409e-10
-6.784170774513414e-10
-7.202728412585177e-10
-7.641901954199146e-10
-8.102461310746512e-10
-8.585196598227843e-10
-9.090918474406622e-10
-9.62045848024269e-10
-1.0174669388906822e-9
-1.0754425557143493e-9
-1.1360623272667917e-9
-1.1994181130948551e-9
-1.2656040378477073e-9
-1.3347165293194348e-9
-1.4068543557833725e-9
-1.4821186630582026e-9
-1.5606130131611373e-9
-1.6424434230361277e-9
-1.7277184031278183e-9
-1.8165489981637796e-9
-1.9090488259347296e-9
-2.005334118993714e-9
-2.1055237656365396e-9
-2.209739350713739e-9
-2.3181051995863647e-9
-2.430748419113196e-9
-2.5477989420684893e-9
-2.6693895707830025e-9
-2.7956560213226327e-9
-2.9267369691724055e-9
-3.0627740941779958e-9
-3.203912127054751e-9
-3.3502988962058565e-9
-3.5020853754473633e-9
-3.659425731495854e-9
-3.822477373284768e-9
-3.991401001188426e-9
-4.166360656708969e-9
-4.347523773477083e-9
-4.535061228890513e-9
-4.729147395869868e-9
-4.929960195407049e-9
-5.1376811502730436e-9
-5.352495440305615e-9
-5.574591955297038e-9
-5.804163352273632e-9
-6.041406111932819e-9
-6.286520594888341e-9
-6.539711100703316e-9
-6.801185926831745e-9
-7.071157426910787e-9
-7.349842073237548e-9
-7.637460516420512e-9
-7.934237648891158e-9
-8.240402666669744e-9
-8.556189134542212e-9
-8.881835050169882e-9
-9.217582909815039e-9
-9.563679776141199e-9
-9.920377344014555e-9
-1.0287932010586298e-8
-1.066660494381044e-8
-1.1056662154130879e-8
-1.145837456574155e-8
-1.187201808745551e-8
-1.2297873689111022e-8
-1.2736227474170303e-8
-1.3187370756298855e-8
-1.3651600135820759e-8
-1.412921757841489e-8
-1.4620530492915112e-8
-1.5125851813168307e-8
-1.5645500077464163e-8
-1.617979951304056e-8
-1.6729080117772195e-8
-1.7293677747314632e-8
-1.787393420006736e-8
-1.8470197303949103e-8
-1.9082821007628457e-8
-1.971216546683808e-8
-2.0358597139907513e-8
-2.1022488876818594e-8
-2.170422001654374e-8
-2.2404176479204757e-8
-2.3122750865917207e-8
-2.3860342555004114e-8
-2.461735780273418e-8
-2.5394209844608298e-8
-2.6191318998167678e-8
-2.7009112766101642e-8
-2.7848025943371818e-8
-2.8708500725501307e-8
-2.9590986814523428e-8
-3.049594153228991e-8
-3.1423829932479115e-8
-3.237512491306299e-8
-3.335030733425277e-8
-3.4349866134137306e-8
-3.537429844887982e-8
-3.642410973332596e-8
-3.7499813884146465e-8
-3.860193336448126e-8
-3.973099933053171e-8
-4.088755176075828e-8
-4.207213958537606e-8
-4.3285320818868496e-8
-4.452766269598929e-8
-4.5799741806639336e-8
-4.710214423565858e-8
-4.843546570285041e-8
-4.980031170704012e-8
-5.119729767051274e-8
-5.262704908554679e-8
-5.4090201665714935e-8
-5.558740149832003e-8
-5.7119305195454644e-8
-5.868658005457637e-8
-6.028990421573286e-8
-6.192996682288145e-8
-6.360746818978633e-8
-6.532311996417851e-8
-6.707764530079794e-8
-6.887177902844281e-8
-7.070626782971556e-8
-7.25818704137101e-8
-7.44993577010087e-8
-7.645951300177679e-8
-7.846313220550134e-8
-8.05110239679504e-8
-8.260400990254069e-8
-8.474292477782731e-8
-8.692861671134035e-8
-8.916194737417242e-8
-9.144379219421266e-8
-9.377504056188148e-8
-9.615659604275517e-8
-9.85893765923314e-8
-1.0107431477074353e-7
-1.036123579673371e-7
-1.0620446862238948e-7
-1.0885162445544633e-7
-1.1155481869913926e-7
-1.1431506033430378e-7
-1.171333743269231e-7
-1.2001080187364275e-7
-1.2294840064907814e-7
-1.2594724505423284e-7
-1.2900842647500948e-7
-1.3213305354031609e-7
-1.3532225238394983e-7
-1.3857716691412768e-7
-1.418989590865489e-7
-1.4528880917752878e-7
-1.4874791606940227e-7
-1.5227749753279625e-7
-1.5587879051895268e-7
-1.5955305145407917e-7
-1.633015565395298e-7
-1.6712560205652033e-7
-1.7102650467717647e-7
-1.7500560177723016e-7
-1.7906425175906112e-7
-1.8320383437581638e-7
-1.874257510619109e-7
-1.9173142527092928e-7
-1.961223028158877e-7
-2.005998522180512e-7
-2.0516556506148383e-7
-2.0982095635008873e-7
-2.145675648751811e-7
-2.1940695358531786e-7
-2.2434070996433964e-7
-2.2937044641798431e-7
-2.3449780066094418e-7
-2.397244361168897e-7
-2.450520423205877e-7
-2.5048233532811796e-7
-2.5601705813709367e-7
-2.616579811086305e-7
-2.674069024016717e-7
-2.7326564840971995e-7
-2.792360742100707e-7
-2.853200640164358e-7
-2.915195316427225e-7
-2.9783642097010483e-7
-3.042727064285353e-7
-3.1083039348288754e-7
-3.1751151912305646e-7
-3.243181523737722e-7
-3.312523948015782e-7
-3.3831638103784064e-7
-3.4551227930730174e-7
-3.528422919668436e-7
-3.6030865605649013e-7
-3.679136438527226e-7
-3.7565956344157397e-7
-3.8354875928925245e-7
-3.91583612835397e-7
-3.9976654308949506e-7
-4.0810000723579124e-7
-4.1658650125784155e-7
-4.2522856056324586e-7
-4.340287606272656e-7
-4.4298971764621303e-7
-4.521140891970197e-7
-4.614045749169097e-7
-4.708639171889809e-7
-4.80494901842884e-7
-4.903003588672675e-7
-5.002831631308245e-7
-5.104462351264265e-7
-5.20792541717758e-7
-5.313250969057866e-7
-5.420469626074834e-7
-5.529612494422017e-7
-5.640711175489868e-7
-5.753797773980079e-7
-5.868904906318756e-7
-5.986065709145723e-7
-6.105313847982371e-7
-6.226683526048795e-7
-6.350209493285048e-7
-6.475927055436787e-7
-6.603872083421503e-7
-6.734081022794515e-7
-6.866590903398767e-7
-7.001439349221886e-7
-7.138664588399253e-7
-7.278305463424941e-7
-7.420401441543796e-7
-7.564992625318987e-7
-7.71211976344809e-7
-7.861824261701319e-7
-8.014148194134607e-7
-8.169134314459057e-7
-8.326826067699102e-7
-8.487267601947471e-7
-8.65050378045562e-7
-8.816580193896707e-7
-8.985543172867844e-7
-9.157439800628389e-7
-9.332317926078401e-7
-9.510226176980708e-7
-9.691213973457334e-7
-9.875331541692298e-7
-1.0062629927965432e-6
-1.0253161012866718e-6
-1.0446977525890551e-6
-1.0644133060181755e-6
-1.0844682087686407e-6
-1.1048679974513975e-6
-1.1256182996642187e-6
-1.146724835588524e-6
-1.1681934196196612e-6
-1.1900299620289369e-6
-1.2122404706568176e-6
-1.2348310526388918e-6
-1.2578079161692507e-6
-1.2811773722902712e-6
-1.3049458367296058e-6
-1.3291198317551067e-6
-1.3537059880901872e-6
-1.3787110468449915e-6
-1.4041418614986885e-6
-1.4300053999146658e-6
-1.4563087464015494e-6
-1.4830591038075881e-6
-1.5102637956649442e-6
-1.5379302683704416e-6
-1.5660660934137282e-6
-1.5946789696462535e-6
-1.62377672560043e-6
-1.6533673218549528e-6
-1.6834588534414697e-6
-1.7140595523100736e-6
-1.745177789834344e-6
-1.776822079379283e-6
-1.8090010789049296e-6
-1.841723593642082e-6
-1.874998578807299e-6
-1.9088351423839626e-6
-1.9432425479513596e-6
-1.978230217583887e-6
-2.013807734792046e-6
-2.0499848475492675e-6
-2.086771471356217e-6
-2.1241776923820105e-6
-2.1622137706728034e-6
-2.2008901434224724e-6
-2.240217428306257e-6
-2.2802064269000246e-6
-2.3208681281541957e-6
-2.3622137119512242e-6
-2.4042545527370596e-6
-2.447002223224043e-6
-2.4904684981811338e-6
-2.534665358293262e-6
-2.5796049941185795e-6
-2.6252998101072297e-6
-2.671762428734296e-6
-2.7190056946980325e-6
-2.767042679217408e-6
-2.8158866844316645e-6
-2.865551247870595e-6
-2.9160501470490233e-6
-2.967397404144088e-6
-3.019607290776264e-6
-3.0726943329053783e-6
-3.1266733158117633e-6
-3.181559289218372e-6
-3.237367572491678e-6
-3.2941137599853805e-6
-3.3518137264846264e-6
-3.41048363276908e-6
-3.4701399313242876e-6
-3.530799372144996e-6
-3.592479008696215e-6
-3.65519620399511e-6
-3.7189686368247878e-6
-3.783814308103313e-6
-3.849751547382529e-6
-3.916799019497105e-6
-3.984975731371068e-6
-4.054301038964696e-6
-4.124794654399686e-6
-4.196476653227284e-6
-4.269367481873513e-6
-4.343487965254337e-6
-4.418859314565508e-6
-4.495503135250498e-6
-4.573441435153379e-6
-4.652696632865327e-6
-4.733291566255636e-6
-4.815249501214746e-6
-4.898594140587001e-6
-4.983349633327586e-6
-5.069540583866835e-6
-5.157192061687869e-6
-5.246329611153044e-6
-5.336979261537002e-6
-5.429167537326547e-6
-5.522921468732449e-6
-5.618268602478562e-6
-5.715237012853174e-6
-5.813855312991393e-6
-5.9141526664745545e-6
-6.016158799178429e-6
-6.119904011420864e-6
-6.22541919040148e-6
-6.332735822944773e-6
-6.44188600857145e-6
-6.552902472844084e-6
-6.665818581110846e-6
-6.780668352517192e-6
-6.897486474416294e-6
-7.016308317113841e-6
-7.137169948976518e-6
-7.260108151935007e-6
-7.385160437358236e-6
-7.512365062340837e-6
-7.641761046383885e-6
-7.773388188508253e-6
-7.907287084817562e-6
-8.043499146455394e-6
-8.182066618090354e-6
-8.323032596814206e-6
-8.46644105156405e-6
-8.612336843023924e-6
-8.760765744031962e-6
-8.911774460560178e-6
-9.065410653173035e-6
-9.221722959107224e-6
-9.380761014892806e-6
-9.542575479567667e-6
-9.707218058524939e-6
-9.87474152796523e-6
-0.000010045199760018034
-0.000010218647748502213
-0.000010395141635402198
-0.00001057473873804697
-0.000010757497576974707
-0.00001094347790462032
-0.000011132740734734668
-0.00001132534837256758
-0.000011521364445959075
-0.000011720853937180085
-0.000011923883215728087
-0.000012130520071969753
-0.000012340833751706969
-0.000012554894991755973
-0.000012772776056436887
-0.00001299455077512802
-0.000013220294580856599
-0.000013450084549967288
-0.000013683999442888622
-0.000013922119746093104
-0.00001416452771520487
-0.000014411307419325175
-0.000014662544786679066
-0.000014918327651486968
-0.000015178745802252373
-0.00001544389103140175
-0.0000157138571863409
-0.00001598874022207757
-0.000016268638255241523
-0.000016553651619813733
-0.00001684388292442139
-0.000017139437111308703
-0.00001744042151709995
-0.00001774694593532012
-0.00001805912268079142
-0.000018377066655963308
-0.00001870089541920649
-0.00001903072925518417
-0.000019366691247330955
-0.00001970890735255537
-0.000020057506478186567
-0.000020412620561270837
-0.000020774384650329405
-0.000021142936989631993
-0.000021518419106012166
-0.000021900975898464148
-0.00002229075573046134
-0.000022687910525217257
-0.00002309259586386237
-0.000023504971086812586
-0.00002392519939826965
-0.000024353447974043367
-0.000024789888072863595
-0.00002523469515122552
-0.000025688048981910727
-0.00002615013377637047
-0.000026621138311057016
-0.000027101256057866767
-0.00002759068531883686
-0.000028089629365300152
-0.000028598296581621813
-0.00002911690061360077
-0.000029645660521966642
-0.00003018480094081525
-0.000030734552241582976
-0.00003129515070228649
-0.00003186683868265985
-0.00003244986480519859
-0.00003304448414237548
-0.00003365095841021095
-0.00003426955616862387
-0.00003490055302858693
-0.00003554423186652094
-0.00003620088304624555
-0.000036870804648525054
-0.00003755430270885451
-0.000038251691463576945
-0.00003896329360471973
-0.000039689440543992026
-0.00004043047268616008
-0.0000411867397123612
-0.000041958600873523444
-0.00004274642529460095
-0.00004355059228982191
-0.00004437149168948664
-0.000045209524178889056
-0.00004606510164973662
-0.00004693864756464087
-0.000047830597335276485
-0.00004874139871473333
-0.0000496715122045153
-0.00005062141147739977
-0.00005159158381599721
-0.000052582530568265726
-0.00005359476762063123
-0.00005462882588939859
-0.00005568525183110949
-0.000056764607973166075
-0.000057867473465128235
-0.00005899444465157389
-0.00006014613566818159
-0.000061323179061366
-0.00006252622643248865
-0.00006375594910858434
-0.00006501303884003582
-0.00006629820852648428
-0.00006761219297284972
-0.00006895574967636705
-0.00007032965964611628
-0.00007173472825685443
-0.00007317178613851711
-0.00007464169010320745
-0.00007614532411151616
-0.00007768360027982901
-0.00007925745993095464
-0.00008086787468997142
-0.00008251584762745719
-0.0000842024144525523
-0.00008592864475842679
-0.00008769564332253491
-0.00008950455146444488
-0.00009135654846449559
-0.0000932528530456968
-0.00009519472492296977
-0.00009718346642216492
-0.00009922042417378055
-0.0001013069908836528
-0.0001034446071861365
-0.00010563476358340955
-0.0001078790024752937
-0.00011017892028490547
-0.00011253616968486054
-0.00011495246193024473
-0.00011742956930273403
-0.00011996932767329307
-0.00012257363918968635
-0.00012524447509518048
-0.00012798387868593857
-0.00013079396841580396
-0.00013367694115540656
-0.00013663507561534018
-0.00013967073594259622
-0.00014278637550018278
-0.00014598454084069817
-0.00014926787588468907
-0.00015263912631699946
-0.00015610114421332297
-0.00015965689290984507
-0.0001633094521328889
-0.00016706202340230757
-0.00017091793572559586
-0.0001748806516026113
-0.00017895377335674491
-0.00018314104981719253
-0.00018744638336895368
-0.00019187383740065385
-0.00019642764416885237
-0.00020111221311157194
-0.00020593213963463107
-0.000210892214407473
-0.00021599743319644229
-0.0002212530072770438
-0.0002266643744580264
-0.00023223721076231908
-0.00023797744281103461
-0.0002438912609530197
-0.00024998513319812645
-0.0002562658200054498
-0.00026274038998877095
-0.0002694162366059983
-0.0002763010958992208
-0.0002834030653633878
-0.00029073062402821474
-0.00029829265383691665
-0.0003060984624231517
-0.00031415780738961726
-0.00032248092219831076
-0.0003310785438005035
-0.0003399619421375048
-0.0003491429516559414
-0.00035863400499885916
-0.00036844816904495686
-0.00037859918347770105
-0.000389101502096248
-0.00039997033708758715
-0.00041122170650261306
-0.000422872485203801
-0.00043494045957821195
-0.0004474443863317879
-0.0004604040557137558
-0.0004738403595629939
-0.00048777536458144427
-0.000502232391323209
-0.0005172360993776075
-0.0005328125793388975
-0.0005489894521573664
-0.0005657959765670618
-0.000583263165343768
-0.0006014239112199189
-0.000620313123397055
-0.0006399678756564177
-0.0006604275672302348
-0.0006817340976720571
-0.0007039320571531135
-0.0007270689337358934
-0.0007511953393712516
-0.0007763652565743227
-0.0008026363079596311
-0.0008300700510622406
-0.0008587323011986702
-0.0008886934854396962
-0.0009200290311316084
-0.0009528197928884986
-0.0009871525224174915
-0.001023120386171562
-0.0010608235364227088
-0.001100369742120497
-0.001141875086797902
-0.0011854647417179514
-0.0012312738236450703
-0.0012794483479834902
-0.0013301462894732615
-0.0013835387645808484
-0.0014398113515958998
-0.0014991655671874086
-0.0015618205206589916
-0.0016280147709098532
-0.001698008414655089
-0.0017720854394429972
-0.0018505563803138667
-0.0019337613255372592
-0.00202207332469278
-0.0021159022615847853
-0.0022156992655012336
-0.0023219617479177243
-0.002435239167532477
-0.002556139646137231
-0.002685337581394531
-0.0028235824312879527
-0.002971708880156683
-0.0031306486395465643
-0.0033014441901477393
-0.0034852648371592933
-0.003683425533591272
-0.003897409028669755
-0.0041288920272781375
-0.0043797762100436346
-0.004652225170455532
-0.004948708590464365
-0.005272055316506307
-0.005625517439190249
-0.006012848053707117
-0.00643839613234242
-0.006907222937777938
-0.007425245732992252
-0.007999416332134855
-0.00863794445606545
-0.009350579175197543
-0.010148966307346794
-0.011047106053272176
-0.012061944220468497
-0.01321414337916903
-0.014529099135181212
-0.0160382944611044
-0.017781126491321894
-0.019807403269191504
-0.022180805538543093
-0.024983762892020492
-0.028324442447102995
-0.032346959678571915
-0.037246619516164044
-0.04329321693496449
-0.05086763238702455
-0.060521093054183635
-0.07307455432079729
-0.08979222520014929
-0.11269913220902729
-0.14519533024684889
-0.19332460779589963
-0.2686100333591896
-0.3950191511074956
-0.6280526290492447
-1.112779003500007
-2.2490951936220607
-4.45967673991798
-4.308356144203977
-2.1554868387004853
-1.0899803153083791
-0.6271515270634415
-0.39911560702166177
-0.2717486815943811
-0.19257716854264353
-0.13797110308755825
-0.09515955248841303
-0.05455908037271656
-0.0037460524194733186
0.08274374112112658
0.24137250286678458
0.30876190838288947
0.13672850372105305
0.03254648376548876
0.006686072700197368
-0.002789823251207979
-0.0077328358630372965
-0.010329106999147311
-0.011596241878784223
-0.012102816955523723
-0.012171837608658755
-0.01198972373835458
-0.01166610933114653
-0.011266573131476026
-0.010830823305207835
-0.01038303603035455
-0.009937881088764937
-0.009504118203060206
-0.009086790148663018
-0.008688585581872995
-0.008310699572364128
-0.007953384161601492
-0.007616304217856609
-0.007298769092971975
-0.0069998840001823815
-0.006718648913688547
-0.0064540228565659755
-0.0062049651995129025
-0.005970461621248378
-0.005749539814180798
-0.005541278341052644
-0.005344810939829916
-0.005159327830640026
-0.004984075085972909
-0.004818352780677971
-0.004661512412986227
-0.004512953926296568
-0.004372122554390416
-0.004238505636837513
-0.004111629499674783
-0.00399105646110496
-0.0038763819969793428
-0.003767232084127879
-0.003663260729154585
-0.0035641476813376947
-0.003469596325092917
-0.003379331743241681
-0.0032930989412982043
-0.003210661222013645
-0.0031317986988596176
-0.00305630693778806
-0.0029839957167176047
-0.0029146878925618777
-0.002848218366716113
-0.002784433140094409
-0.0027231884498990122
-0.0026643499805929427
-0.002607792142418305
-0.002553397411356503
-0.002501055724894435
-0.002450663928544801
-0.0024021252684806875
-0.0023553489261704044
-0.0023102495912308662
-0.002266747068975514
-0.002224765919679177
-0.00218423512671313
-0.002145087790942222
-0.0021072608492089437
-0.002070694814671259
-0.002035333537242975
-0.002001123982294761
-0.0019680160261816987
-0.0019359622670622621
-0.0019049178498299038
-0.0018748403039136423
-0.001845689392944053
-0.0018174269752750688
-0.0017900168745138354
-0.0017634247592322185
-0.0017376180311334118
-0.0017125657210403115
-0.0016882383920462437
-0.0016646080492806244
-0.0016416480558338914
-0.0016193330542972457
-0.0015976388935357458
-0.0015765425603078888
-0.0015560221153381206
-0.0015360566335537126
-0.001516626148144631
-0.0014977115982006803
-0.0014792947796502458
-0.0014613582992630166
-0.0014438855315233908
-0.0014268605781431647
-0.001410268230052084
-0.0013940939316796335
-0.0013783237473964783
-0.0013629443299296154
-0.0013479428906580518
-0.001333307171642116
-0.001319025419268232
-0.0013050863594237395
-0.0012914791740765966
-0.0012781934791906452
-0.001265219303878374
-0.0012525470707083072
-0.0012401675771219873
-0.0012280719778431295
-0.0012162517682685022
-0.001204698768739503
-0.0011934051096677764
-0.0011823632174438956
-0.0011715658010981473
-0.0011610058396530462
-0.0011506765701386026
-0.00114057147622043
-0.0011306842774201798
-0.001121008918873498
-0.0011115395616132643
-0.0011022705733372672
-0.0010931965196300376
-0.0010843121556312282
-0.0010756124180987124
-0.0010670924178677473
-0.001058747432670345
-0.0010505729003022915
-0.0010425644121147945
-0.0010347177068135618
-0.0010270286645515504
-0.0010194933012993373
-0.0010121077634687632
-0.001004868322796667
-0.0009977713714533316
-0.0009908134173766338
-0.0009839910798177176
-0.0009773010850850396
-0.0009707402624833188
-0.0009643055404230248
-0.0009579939427104984
-0.0009518025849959251
-0.0009457286713748903
-0.000939769491140215
-0.0009339224156709985
-0.0009281848954538582
-0.0009225544572310244
-0.0009170287012720542
-0.0009116052987522495
-0.0009062819892477252
-0.0009010565783306077
-0.0008959269352625705
-0.0008908909907837035
-0.000885946734992881
-0.0008810922153102049
-0.000876325534523029
-0.0008716448489124261
-0.0008670483664476163
-0.0008625343450603639
-0.0008581010909785189
-0.0008537469571306454
-0.0008494703416089193
-0.000845269686194245
-0.0008411434749349386
-0.000837090232781691
-0.0008331085242731881
-0.0008291969522728557
-0.0008253541567510539
-0.0008215788136129947
-0.0008178696335722298
-0.000814225361062367
-0.0008106447731918591
-0.000807126678734938
-0.0008036699171609888
-0.0008002733576955267
-0.0007969358984189136
-0.0007936564653959038
-0.000790434011834312
-0.0007872675172759703
-0.0007841559868154788
-0.0007810984503446149
-0.0007780939618254399
-0.0007751415985871417
-0.000772240460647977
-0.0007693896700592867
-0.0007665883702731349
-0.0007638357255307425
-0.0007611309202722653
-0.0007584731585647251
-0.0007558616635513541
-0.0007532956769185771
-0.0007507744583790001
-0.0007482972851731119
-0.0007458634515884643
-0.0007434722684911817
-0.0007411230628753186
-0.0007388151774265277
-0.000736547970099161
-0.000734320813706346
-0.0007321330955260901
-0.0007299842169144117
-0.0007278735929377314
-0.0007258006520103785
-0.0007237648355480245
-0.0007217655976291624
-0.0007198024046686458
-0.0007178747351004593
-0.0007159820790710506
-0.0007141239381417293
-0.0007122998249987743
-0.0007105092631758029
-0.0007087517867805704
-0.0007070269402327615
-0.0007053342780087492
-0.000703673364393019
-0.0007020437732396121
-0.0007004450877374623
-0.0006988769001854274
-0.0006973388117715174
-0.0006958304323608121
-0.000694351380288234
-0.0006929012821574596
-0.0006914797726462243
-0.0006900864943163627
-0.0006887210974306969
-0.0006873832397741224
-0.0006860725864787494
-0.0006847888098570647
-0.0006835315892371138
-0.0006823006108037579
-0.0006810955674427153
-0.0006799161585916267
-0.00067876209009312
-0.0006776330740526625
-0.0006765288287005547
-0.0006754490782573797
-0.0006743935528033109
-0.0006733619881511051
-0.0006723541257228891
-0.0006713697124290875
-0.0006704085005520924
-0.0006694702476328172
-0.0006685547163586448
-0.0006676616744576108
-0.000666790894591845
-0.0006659421542567151
-0.0006651152356810463
-0.0006643099257307599
-0.0006635260158145013
-0.0006627633017924033
-0.0006620215838871092
-0.0006613006665962749
-0.0006606003586088589
-0.0006599204727226674
-0.0006592608257639116
-0.0006586212385094049
-0.0006580015356109453
-0.0006574015455208585
-0.0006568211004199032
-0.0006562600361477667
-0.0006557181921336967
-0.0006551954113308027
-0.000654691540150319
-0.0006542064283993367
-0.0006537399292187168
-0.0006532918990228845
-0.0006528621974419838
-0.0006524506872643878
-0.000652057234381318
-0.0006516817077333318
-0.0006513239792567804
-0.0006509839238331022
-0.000650661419238472
-0.0006503563460956774
-0.0006500685878255417
-0.0006497980306015297
-0.0006495445633048428
-0.0006493080774792081
-0.0006490884672894151
-0.000648885629479227
-0.0006486994633301396
-0.0006485298706227176
-0.0006483767555969842
-0.0006482400249160223
-0.0006481195876279815
-0.0006480153551317323
-0.0006479272411408865
-0.0006478551616511166
-0.0006477990349060025
-0.0006477587813658045
-0.0006477343236757651
-0.0006477255866355041
-0.000647732497169869
-0.0006477549842996565
-0.0006477929791132743
-0.0006478464147396788
-0.0006479152263219484
-0.0006479993509907967
-0.0006480987278395968
-0.0006482132978998378
-0.000648343004117032
-0.0006484877913278881
-0.0006486476062371639
-0.0006488223973961355
-0.0006490121151808
-0.0006492167117715675
-0.0006494361411325269
-0.0006496703589926934
-0.0006499193228258151
-0.0006501829918328392
-0.0006504613269235892
-0.0006507542906991256
-0.0006510618474351173
-0.0006513839630656228
-0.0006517206051667508
-0.0006520717429416273
-0.0006524373472051365
-0.0006528173903697311
-0.0006532118464315464
-0.0006536206909564501
-0.0006540439010677051
-0.0006544814554322735
-0.0006549333342495737
-0.0006553995192393172
-0.0006558799936302672
-0.0006563747421491388
-0.0006568837510100641
-0.0006574070079048007
-0.0006579445019925343
-0.0006584962238908816
-0.0006590621656668305
-0.0006596423208278423
-0.0006602366843143054
-0.000660845252491019
-0.0006614680231400188
-0.000662104995453507
-0.0006627561700268487
-0.0006634215488524345
-0.0006641011353131165
-0.0006647949341771461
-0.0006655029515919128
-0.0006662251950798728
-0.0006669616735330535
-0.0006677123972085522
-0.0006684773777250901
-0.0006692566280587166
-0.0006700501625394071
-0.0006708579968482317
-0.0006716801480140005
-0.0006725166344108503
-0.0006733674757566802
-0.000674232693110144
-0.0006751123088698264
-0.0006760063467725314
-0.0006769148318925812
-0.0006778377906404987
-0.0006787752507631694
-0.0006797272413432799
-0.0006806937927998846
-0.0006816749368880451
-0.0006826707067006051
-0.0006836811366682902
-0.0006847062625612798
-0.0006857461214910927
-0.0006868007519118175
-0.0006878701936230095
-0.0006889544877712939
-0.000690053676853709
-0.0006911678047204277
-0.0006922969165778522
-0.0006934410589926063
-0.0006946002798948405
-0.0006957746285828927
-0.0006969641557271703
-0.0006981689133749692
-0.0006993889549558177
-0.0007006243352860606
-0.0007018751105748303
-0.000703141338429932
-0.0007044230778635439
-0.0007057203892988186
-0.0007070333345765377
-0.0007083619769622549
-0.0007097063811531477
-0.0007110666132856912
-0.0007124427409439136
-0.0007138348331669647
-0.0007152429604576015
-0.0007166671947912636
-0.0007181076096248876
-0.0007195642799060484
-0.0007210372820829969
-0.0007225266941142857
-0.0007240325954789688
-0.0007255550671874488
-0.000727094191791903
-0.0007286500533982108
-0.0007302227376765217
-0.0007318123318736115
-0.0007334189248253506
-0.0007350426069684158
-0.000736683470353383
-0.0007383416086582812
-0.0007400171172018329
-0.0007417100929569132
-0.000743420634565145
-0.0007451488423512549
-0.0007468948183381122
-0.0007486586662619266
-0.0007504404915874277
-0.0007522404015245684
-0.0007540585050441221
-0.0007558949128948804
-0.000757749737620628
-0.0007596230935776168
-0.0007615150969523849
-0.0007634258657797707
-0.0007653555199623781
-0.000767304181288752
-0.0007692719734532227
-0.0007712590220760057
-0.0007732654547231169
-0.0007752914009277481
-0.0007773369922107077
-0.0007794023621024987
-0.0007814876461654995
-0.0007835929820163374
-0.0007857185093487222
-0.000787864369957347
-0.0007900307077616901
-0.0007922176688301359
-0.0007944254014053844
-0.0007966540559296674
-0.0007989037850709181
-0.0008011747437487885
-0.0008034670891622511
-0.0008057809808165065
-0.0008081165805517438
-0.0008104740525712714
-0.0008128535634709872
-0.0008152552822689296
-0.0008176793804358698
-0.0008201260319263956
-0.0008225954132098304
-0.0008250877033032185
-0.0008276030838036435
-0.0008301417389218386
-0.0008327038555161133
-0.0008352896231275207
-0.0008378992340148216
-0.0008405328831907527
-0.0008431907684590021
-0.0008458730904515595
-0.0008485800526669664
-0.0008513118615096229
-0.0008540687263289873
-0.000856850859460499
-0.0008596584762668655
-0.0008624917951797789
-0.0008653510377433602
-0.000868236428657414
-0.0008711481958223168
-0.0008740865703843887
-0.0008770517867820668
-0.0008800440827931841
-0.0008830636995831961
-0.0008861108817541588
-0.0008891858773948093
-0.0008922889381312864
-0.0008954203191794275
-0.0008985802793975051
-0.0009017690813404375
-0.0009049869913146469
-0.0009082342794342775
-0.0009115112196783973
-0.000914818089949349
-0.0009181551721321136
-0.0009215227521554176
-0.0009249211200528552
-0.0009283505700263612
-0.0009318114005105567
-0.0009353039142380114
-0.0009388284183066451
-0.0009423852242469107
-0.000945974648092431
-0.0009495970104500914
-0.000953252636572733
-0.0009569418564328482
-0.0009606650047976574
-0.0009644224213058373
-0.0009682144505461105
-0.0009720414421364173
-0.0009759037508060778
-0.0009798017364782813
-0.0009837357643551117
-0.0009877062050039933
-0.000991713434445863
-0.0009957578342449562
-0.0009998397916010948
-0.0010039596994428977
-0.0010081179565237124
-0.001012314967519323
-0.001016551143126865
-0.0010208269001673789
-0.0010251426616887502
-0.0010294988570721665
-0.0010338959221397278
-0.0010383342992651362
-0.0010428144374861885
-0.0010473367926195415
-0.0010519018273784334
-0.0010565100114924937
-0.001061161821829737
-0.001065857742522002
-0.0010705982650923316
-0.0010753838885851456
-0.0010802151196997575
-0.0010850924729257833
-0.0010900164706824313
-0.0010949876434598607
-0.0011000065299644757
-0.0011050736772668331
-0.0011101896409525453
-0.0011153549852772557
-0.0011205702833237466
-0.0011258361171642202
-0.001131153078024027
-0.0011365217664511798
-0.0011419427924875122
-0.0011474167758455985
-0.001152944346087433
-0.0011585261428093763
-0.0011641628158296105
-0.0011698550253802038
-0.0011756034423037003
-0.001181408748253893
-0.001187271635901277
-0.0011931928091432654
-0.001199172983318632
-0.0012052128854272185
-0.001211313254355518
-0.0012174748411051199
-0.001223698409029004
-0.0012299847340715123
-0.0012363346050147793
-0.0012427488237307057
-0.0012492282054380975
-0.0012557735789668833
-0.0012623857870282488
-0.0012690656864898307
-0.001275814148659992
-0.0012826320595761198
-0.0012895203203013169
-0.0012964798472280457
-0.0013035115723886849
-0.0013106164437733344
-0.0013177954256558514
-0.001325049498927652
-0.00133237966143894
-0.0013397869283490274
-0.0013472723324851133
-0.0013548369247094326
-0.0013624817742952133
-0.0013702079693132664
-0.0013780166170260252
-0.0013859088442937965
-0.0013938857979888387
-0.0014019486454213423
-0.0014100985747756668
-0.0014183367955571673
-0.0014266645390507377
-0.0014350830587909213
-0.0014435936310443942
-0.0014521975553033644
-0.0014608961547938923
-0.0014696907769943804
-0.001478582794170847
-0.0014875736039230553
-0.0014966646297468295
-0.0015058573216096929
-0.0015151531565432653
-0.0015245536392493259
-0.001534060302723166
-0.0015436747088931244
-0.0015533984492775556
-0.0015632331456581167
-0.0015731804507732278
-0.0015832420490271496
-0.0015934196572221836
-0.0016037150253070222
-0.0016141299371476962
-0.0016246662113188423
-0.0016353257019171832
-0.0016461102993967115
-0.0016570219314275176
-0.0016680625637787933
-0.0016792342012258608
-0.0016905388884820678
-0.0017019787111591162
-0.0017135557967519692
-0.0017252723156532435
-0.0017371304821958272
-0.00174913255572625
-0.0017612808417071487
-0.0017735776928530028
-0.001786025510299023
-0.0017986267448020959
-0.0018113838979789227
-0.0018242995235796691
-0.00183737622879807
-0.001850616675622079
-0.0018640235822240893
-0.0018775997243914557
-0.0018913479370014012
-0.001905271115539634
-0.001919372217664741
-0.0019336542648204615
-0.0019481203438968249
-0.0019627736089420987
-0.0019776172829274
-0.0019926546595670012
-0.0020078891051926893
-0.0020233240606891056
-0.00203896304348777
-0.0020548096496251778
-0.0020708675558654198
-0.00208714052188909
-0.002103632392555229
-0.0021203471002316193
-0.00213728866720274
-0.0021544612081553813
-0.0021718689327436635
-0.002189516148240613
-0.002207407262271752
-0.0022255467856451884
-0.0022439393352691422
-0.002262589637172023
-0.002281502529619308
-0.0023006829663375313
-0.002320136019845513
-0.0023398668849014177
-0.0023598808820631573
-0.0023801834613741916
-0.002400780206174994