0.2000000014158916
0.2000001713230369
0.20000062441022576
0.20000136068146152
0.20000238014325022
0.20000368280460049
0.20000526867702348
0.2000071377745341
0.2000092901136507
0.20001172571339626
0.20001444459529855
0.2000174467833911
0.2000207323042141
0.20002430118681513
0.20002815346275032
0.20003228916608534
0.20003670833339635
0.20004141100377193
0.2000463972188136
0.20005166702263794
0.2000572204618775
0.2000630575856829
0.2000691784457244
0.20007558309619342
0.20008227159380465
0.20008924399779798
0.2000965003699406
0.20010404077452892
0.2001118652783909
0.2001199739508884
0.20012836686391972
0.2001370440919216
0.2001460057118723
0.20015525180329397
0.20016478244825556
0.20017459773137558
0.2001846977398251
0.2001950825633306
0.20020575229417725
0.20021670702721212
0.2002279468598475
0.2002394718920639
0.20025128222641422
0.20026337796802665
0.20027575922460875
0.20028842610645115
0.20030137872643108
0.20031461720001678
0.2003281416452712
0.20034195218285622
0.20035604893603712
0.2003704320306863
0.20038510159528827
0.20040005776094405
0.2004153006613755
0.20043083043293028
0.2004466472145865
0.2004627511479578
0.20047914237729814
0.20049582104950694
0.20051278731413452
0.20053004132338692
0.20054758323213182
0.20056541319790347
0.2005835313809088
0.20060193794403272
0.20062063305284417
0.200639616875602
0.20065888958326067
0.2006784513494768
0.20069830235061498
0.20071844276575435
0.20073887277669478
0.2007595925679636
0.20078060232682227
0.2008019022432729
0.200823492510065
0.20084537332270289
0.2008675448794523
0.2008900073813478
0.20091276103219993
0.20093580603860284
0.2009591426099413
0.20098277095839887
0.20100669129896517
0.20103090384944416
0.2010554088304616
0.2010802064654736
0.20110529698077442
0.2011306806055049
0.2011563575716611
0.20118232811410247
0.20120859247056064
0.20123515088164842
0.20126200359086838
0.20128915084462207
0.201316592892219
0.20134432998588603
0.20137236238077683
0.2014006903349812
0.20142931410953474
0.2014582339684287
0.20148745017862002
0.20151696301004104
0.20154677273560984
0.20157687963124027
0.20160728397585306
0.20163798605138555
0.20166898614280285
0.20170028453810843
0.2017318815283552
0.2017637774076568
0.20179597247319833
0.20182846702524823
0.20186126136716942
0.20189435580543125
0.20192775064962104
0.20196144621245626
0.2019954428097965
0.20202974076065544
0.20206434038721402
0.20209924201483187
0.2021344459720612
0.2021699525906584
0.20220576220559808
0.20224187515508552
0.20227829178057055
0.2023150124267603
0.20235203744163338
0.2023893671764537
0.20242700198578364
0.2024649422274992
0.20250318826280364
0.20254174045624188
0.20258059917571536
0.20261976479249666
0.20265923768124466
0.20269901822001915
0.20273910679029675
0.20277950377698575
0.20282020956844238
0.20286122455648609
0.20290254913641584
0.20294418370702616
0.20298612867062366
0.20302838443304327
0.20307095140366546
0.20311382999543262
0.2031570206248668
0.2032005237120864
0.20324433968082406
0.2032884689584441
0.20333291197596093
0.20337766916805666
0.20342274097309934
0.20346812783316212
0.20351383019404132
0.2035598485052756
0.20360618322016513
0.20365283479579102
0.20369980369303464
0.20374709037659786
0.20379469531502234
0.20384261898071065
0.20389086184994595
0.20393942440291335
0.20398830712372015
0.20403751050041757
0.20408703502502198
0.20413688119353623
0.20418704950597194
0.20423754046637135
0.2042883545828297
0.20433949236751792
0.20439095433670545
0.20444274101078333
0.2044948529142876
0.20454729057592283
0.2046000545285861
0.2046531453093911
0.2047065634596927
0.20476030952511143
0.2048143840555583
0.2048687876052606
0.20492352073278688
0.2049785840010731
0.20503397797744846
0.20508970323366202
0.20514576034590892
0.20520214989485813
0.20525887246567906
0.20531592864806927
0.20537331903628245
0.2054310442291569
0.2054891048301433
0.20554750144733397
0.20560623469349243
0.2056653051860821
0.2057247135472964
0.20578446040408907
0.20584454638820462
0.20590497213620856
0.20596573828951945
0.20602684549443964
0.20608829440218798
0.20615008566893084
0.20621221995581568
0.2062746979290038
0.20633752025970326
0.20640068762420302
0.20646420070390673
0.2065280601853674
0.20659226676032208
0.20665682112572714
0.20672172398379374
0.20678697604202434
0.20685257801324888
0.20691853061566146
0.20698483457285782
0.2070514906138731
0.20711849947321992
0.20718586189092678
0.20725357861257768
0.20732165038935055
0.20739007797805808
0.207458862141188
0.20752800364694327
0.20759750326928414
0.2076673617879694
0.207737579988599
0.20780815866265664
0.20787909860755296
0.20795040062666934
0.2080220655294024
0.20809409413120822
0.20816648725364847
0.2082392457244353
0.20831237037747824
0.208385862052931
0.20845972159723894
0.20853394986318705
0.2086085477099484
0.2086835160031335
0.20875885561483976
0.2088345674237019
0.20891065231494316
0.20898711118042615
0.2090639449187056
0.20914115443508072
0.2092187406416484
0.209296704457358
0.2093750468080649
0.20945376862658657
0.20953287085275837
0.20961235443348986
0.2096922203228226
0.2097724694819876
0.20985310287946446
0.20993412149104074
0.21001552629987155
0.21009731829654132
0.21017949847912448
0.21026206785324852
0.2103450274321565
0.2104283782367714
0.21051212129576055
0.2105962576456012
0.2106807883306465
0.21076571440319292
0.21085103692354817
0.21093675696009942
0.2110228755893835
0.21110939389615715
0.2111963129734681
0.2112836339227279
0.21137135785378414
0.21145948588499533
0.21154801914330545
0.21163695876432037
0.21172630589238353
0.21181606168065534
0.2119062272911907
0.2119968038950198
0.21208779267222808
0.21217919481203876
0.2122710115128955
0.21236324398254647
0.21245589343812926
0.21254896110625687
0.21264244822310563
0.21273635603450272
0.2128306857960163
0.21292543877304582
0.213020616240914
0.21311621948496012
0.21321224980063402
0.21330870849359135
0.21340559687979083
0.213502916285592
0.21360066804785452
0.21369885351403886
0.21379747404230812
0.21389653100163147
0.21399602577188867
0.21409595974397636
0.21419633431991525
0.21429715091295914
0.21439841094770548
0.21450011586020692
0.21460226709808486
0.21470486612064424
0.2148079143989901
0.2149114134161455
0.21501536466717128
0.21511976965928722
0.21522462991199473
0.21532994695720198
0.2154357223393498
0.21554195761553993
0.21564865435566472
0.21575581414253855
0.21586343857203194
0.21597152925320612
0.21608008780845053
0.21618911587362188
0.21629861509818496
0.2164085871453564
0.21651903369224854
0.2166299564300175
0.21674135706401204
0.21685323731392459
0.2169655989139449
0.2170784436129157
0.21719177317449018
0.21730558937729264
0.2174198940150805
0.21753468889690902
0.2176499758472986
0.217765756706404
0.21788203333018688
0.21799880759058976
0.21811608137571314
0.21823385658999556
0.21835213515439517
0.2184709190065752
0.2185902101010913
0.2187100104095825
0.21883032192096377
0.21895114664162235
0.21907248659561737
0.21919434382488112
0.21931672038942443
0.2194396183675451
0.21956303985603834
0.2196869869704123
0.21981146184510486
0.2199364666337051
0.22006200350917773
0.22018807466409054
0.22031468231084622
0.2204418286819164
0.22056951603008101
0.22069774662866956
0.2208265227718081
0.22095584677466765
0.2210857209737187
0.22121614772698842
0.2213471294143223
0.22147866843764985
0.22161076722125433
0.2217434282120469
0.2218766538798456
0.2220104467176572
0.2221448092419658
0.22227974399302355
0.2224152535351486
0.22255134045702532
0.22268800737201153
0.2228252569184491
0.22296309175998047
0.2231015145858702
0.2232405281113309
0.22338013507785634
0.22352033825355777
0.22366114043350757
0.2238025444400877
0.2239445531233438
0.22408716936134582
0.2242303960605541
0.22437423615619156
0.22451869261262292
0.2246637684237385
0.22480946661334697
0.22495579023557224
0.22510274237525899
0.225250326148384
0.22539854470247458
0.22554740121703504
0.2256968989039791
0.22584704100807074
0.22599783080737246
0.22614927161370108
0.22630136677309118
0.2264541196662678
0.22660753370912576
0.22676161235321873
0.2269163590862561
0.22707177743260876
0.22722787095382427
0.22738464324915017
0.2275420979560682
0.227700238750836
0.2278590693490407
0.22801859350616022
0.22817881501813686
0.22833973772195917
0.22850136549625674
0.2286637022619029
0.22882675198263125
0.22899051866566203
0.22915500636233885
0.2293202191687806
0.2294861612265416
0.22965283672328693
0.22982024989347793
0.22998840501907203
0.23015730643023646
0.23032695850607182
0.230497365675354
0.23066853241728685
0.23084046326227
0.23101316279268128
0.23118663564367448
0.2313608865039928
0.23153592011679525
0.23171174128050415
0.2318883548496624
0.23206576573581342
0.232243978908395
0.2324229993956513
0.23260283228556217
0.23278348272679283
0.23296495592966018
0.2331472571671184
0.2333303917757657
0.2335143651568705
0.23369918277741608
0.23388485017117025
0.23407137293977312
0.2342587567538491
0.23444700735413979
0.2346361305526606
0.23482613223388274
0.2350170183559359
0.2352087949518397
0.23540146813075757
0.23559504407927787
0.2357895290627223
0.23598492942648028
0.23618125159737272
0.2363785020850427
0.23657668748337846
0.23677581447196336
0.2369758898175583
0.23717692037561625
0.23737891309182957
0.23758187500370737
0.23778581324219136
0.23799073503330395
0.23819664769983373
0.23840355866305676
0.2386114754444949
0.2388204056677166
0.23903035706017212
0.23924133745507345
0.23945335479331487
0.23966641712543696
0.23988053261363151
0.24009570953379877
0.24031195627764257
0.24052928135481896
0.24074769339513244
0.24096720115078066
0.24118781349865398
0.2414095394426846
0.24163238811625123
0.24185636878464395
0.24208149084757621
0.2423077638417686
0.24253519744358348
0.24276380147172621
0.24299358589001
0.24322456081018634
0.24345673649484287
0.2436901233603705
0.24392473198000392
0.24416057308693317
0.24439765757749224
0.24463599651442625
0.24487560113023718
0.2451164828306119
0.24535865319793626
0.24560212399489734
0.24584690716817073
0.246093014852206
0.24634045937310253
0.24658925325258785
0.24683940921209155
0.24709094017692793
0.2473438592805824
0.24759817986910904
0.2478539155056412
0.24811107997502055
0.2483696872885439
0.2486297516888371
0.24889128765485466
0.2491543099070117
0.2494188334124531
0.24968487339046047
0.24995244531800861
0.2502215649354629
0.2504922482524398
0.25076451155381635
0.2510383714059159
0.25131384466284923
0.25159094847303815
0.2518697002859189
0.25215011785882974
0.25243221926408754
0.2527160228962707
0.25300154747969744
0.2532888120761205
0.2535778360926447
0.2538686392898574
0.25416124179020694
0.25445566408661224
0.2547519270513253
0.2550500519450528
0.2553500604263406
0.2556519745612404
0.2559558168332515
0.25626161015357074
0.25656937787163603
0.2568791437859916
0.2571909321554824
0.2575047677107831
0.2578206756662813
0.2581386817323207
0.2584588121278274
0.2587810935933112
0.25910555340429464
0.2594322193851422
0.2597611199233274
0.2600922839841544
0.26042574112594774
0.2607615215157167
0.2610996559453354
0.26144017584823853
0.26178311331664744
0.26212850111937996
0.26247637272023133
0.2628267622969494
0.26317970476086244
0.2635352357771504
0.26389339178578125
0.2642542100231783
0.2646177285446067
0.26498398624732
0.26535302289451257
0.2657248791400859
0.26609959655427873
0.26647721765019533
0.2668577859112538
0.2672413458196107
0.2676279428855968
0.268017623678197
0.2684104358566261
0.2688064282030487
0.2692056506564934
0.26960815434799207
0.270013991637032
0.2704232161493407
0.2708358828160931
0.2712520479145705
0.2716717691103829
0.2720951055012596
0.2725221176625376
0.27295286769439536
0.2733874192709053
0.2738258376910097
0.27426818993147567
0.2747145447019774
0.2751649725023221
0.2756195456819902
0.27607833850207936
0.2765414271997437
0.277008890055256
0.2774808074618552
0.2779572619984586
0.2784383385054096
0.2789241241634061
0.2794147085757647
0.279910183854187
0.28041064470817606
0.28091618853835476
0.28142691553381943
0.2819429287737339
0.282464334333446
0.2829912413953016
0.2835237623643921
0.2840620129895833
0.28460611248997525
0.285156183687235
0.2857123531439186
0.28627475130835717
0.2868435126662238
0.287418775899347
0.28800068405198875
0.28858938470520157
0.28918503015952507
0.2897877776266869
0.2903977894306432
0.2910152332185984
0.2916402821826473
0.2922731152924729
0.2929139175399669
0.2935628801963266
0.29422020108243935
0.2948860848534422
0.29556074329816096
0.2962443956544454
0.2969372689414747
0.29763959830988773
0.2983516274110693
0.2990736087867606
0.2998058042802306
0.3005484854705277
0.301301934131304
0.302066442715766
0.30284231486961394
0.30362986597388025
0.30442942371954174
0.3052413287163158
0.30606593513793084
0.3069036114064154
0.3077547409182177
0.3086197228152351
0.30949897280392424
0.3103929240260153
0.31130202798485507
0.3122267555311432
0.3131675979132275
0.3141250678960883
0.31509970095516326
0.31609205655022066
0.31710271948604657
0.318132301366727
0.3191814421510793
0.32025081181785175
0.3213411121492579
0.3224530786434159
0.3235874825660738
0.32474513315412434
0.3259268799838181
0.3271336155182283
0.3283662778501745
0.3296258536582241
0.3309133813951012
0.3322299547304148
0.33357672627165974
0.334954911589563
0.3363657935779044
0.3378107271799661
0.33929114451877695
0.3408085604712717
0.3423645787320141
0.34396089841765703
0.345599321268686
0.34728175951239826
0.3490102444596657
0.35078693591526816
0.3526141324946345
0.3544942829480723
0.35642999861203145
0.3584240671167744
0.3604794675043957
0.3625993869257161
0.3647872391142489
0.367046684860074
0.36938165474057194
0.37179637440406255
0.3742953927463238
0.37688361337168724
0.3795663297961962
0.38234926491936405
0.3852386153806696
0.3882411015200486
0.39136402378405044
0.39461532656697235
0.3980036706553547
0.40153851565514775
0.4052302140412512
0.4090901187840979
0.4131307068916797
0.41736572167268454
0.4218103371132788
0.4264813484721047
0.4313973940939288
0.4365792145586992
0.44204995669282243
0.44783553174370794
0.4539650392881196
0.4604712713559498
0.4673913149864334
0.47476727633529914
0.48264715581900103
0.49108591225067205
0.5001467651666401
0.5099027997059411
0.5204389589708602
0.5318545370956629
0.5442663254594832
0.5578126197344955
0.5726583739484424
0.5890019013588835
0.6070836881270638
0.6271981338004945
0.6497094082943784
0.6750731958005854
0.703867011960527
0.7368332575753129
0.7749416110408718
0.8194814928378693
0.8722025203270406
0.9355336995838912
1.0129355467882601
1.1094827166183516
1.2328533266544457
1.3950242866623999
1.6150166097277023
1.9217414318167392
2.342719884439807
2.7485917755852163
1.8153346750221049
-1.4809178371985983
-2.231672857067293
-1.8254293547904161
-1.4249359205536356
-1.1348578243130247
-0.9284580804687436
-0.7790924268367482
-0.6696439639411598
-0.58998876178172
-0.5345782947832666
-0.5001066550075387
-0.4764983421108899
-0.3945189809058884
-0.1221833268518665
0.028794250817168507
0.012114301832381043
-0.0040283800205778665
-0.004184624033543746
0.0008519023511653342
0.00788722120552844
0.015791662950793123
0.024015396569820942
0.032255931553685245
0.04034226931048578
0.04817936006929331
0.055717488058950215
0.0629343723783323
0.06982437710562221
0.07639187936651369
0.08264713807009472
0.08860369822782231
0.09427675392100142
0.09968211800535041
0.10483557991504855
0.10975251371040717
0.11444764824152012
0.11893494243116959
0.12322752852191923
0.1273376988195211
0.13127691979205278
0.1350558628211262
0.13868444451293638
0.14217187189716232
0.14552668944619457
0.14875682596440026
0.15186964008701614
0.15487196367239797
0.15777014266263728
0.16057007523511832
0.16327724719605657
0.16589676466904316
0.16843338418779677
0.17089154033094964
0.17327537106054872
0.17558874093211035
0.17783526233270547
0.18001831491884868
0.18214106339550823
0.18420647378584096
0.1862173283215196
0.18817623907517905
0.19008566045089137
0.19194790063235143
0.19376513208231366
0.1955394011815727
0.19727263708142687
0.19896665984263726
0.20062318792184639
0.2022438450658432
0.2038301666644724
0.2053836056094586
0.2069055377025135
0.20839726665126895
0.20986002868913256
0.21129499684967767
0.2127032849249073
0.2140859511352372
0.21544400153313478
0.2167783931627236
0.21809003699636484
0.21937980066400925
0.220648510994241
0.2218969563795632
0.22312588898183316
0.2243360267879322
0.22552805552968083
0.22670263047609152
0.22786037810909046
0.2290018976904708
0.23012776272877655
0.2312385223528234
0.23233470259925137
0.2334168076200812
0.2344853208154046
0.2355407058972805
0.23658340788974894
0.23761385406802976
0.23863245484285645
0.23963960459262182
0.24063568244683584
0.24162105302484715
0.24259606713189347
0.24356106241613013
0.24451636398851884
0.2454622850083059
0.2463991272364048
0.24732718155820477
0.24824672847833937
0.24915803858876084
0.2500613730120409
0.2509569838209293
0.2518451144364174
0.25272600000481116
0.25359986775544063
0.254466937340346
0.2553274211564231
0.2561815246517017
0.25702944661619304
0.2578713794583897
0.2587075094684603
0.2595380170680781
0.2603630770489775
0.2611828587993869
0.2619975265202235
0.2628072394307722
0.26361215196498894
0.26441241395846604
0.26520817082704545
0.2659995637370284
0.26678672976793494
0.2675698020676166
0.26834891000076244
0.2691241792905848
0.26989573215433993
0.2706636874331034
0.271428160715513
0.2721892644566285
0.2729471080914112
0.2737017981435168
0.274453438329448
0.2752021296583721
0.27594797052780806
0.2766910568153245
0.2774314819664426
0.27816933707916064
0.2789047109847387
0.2796376903255149
0.28036835962951995
0.2810968013821048
0.28182309609484096
0.2825473223715194
0.2832695569719211
0.28398987487283134
0.2847083493268285
0.2854250519188979
0.28614005262079034
0.2868534198433735
0.2875652204871143
0.28827551999059453
0.2889843823771862
0.2896918703002404
0.2903980450863853
0.2911029667773943
0.29180669417052424
0.2925092848574507
0.29321079526169674
0.2939112806748944
0.2946107952917306
0.2953093922435817
0.29600712363117715
0.2967040405558909
0.29740019315022503
0.29809563060706185
0.2987904012080518
0.29948455235094745
0.30017813057613274
0.30087118159220555
0.30156375030076066
0.3022558808202834
0.30294761650938007
0.30363899998919636
0.30433007316509464
0.3050208772477162
0.305711452773287
0.3064018396233609
0.30709207704385316
0.3077822036636432
0.3084722575124289
0.3091622760380987
0.30985229612362897
0.31054235410339526
0.3112324857790034
0.3119227264346987
0.31261311085225385
0.31330367332545994
0.3139944476741524
0.31468546725788255
0.31537676498914147
0.3160683733462414
0.3167603243857758
0.3174526497548251
0.31814538070270715
0.3188385480924297
0.31953218241189507
0.32022631378472743
0.32092097198075337
0.3216161864263472
0.3223119862143677
0.3230084001138593
0.3237054565795028
0.32440318376086835
0.3251016095112641
0.3258007613966122
0.32650066670379413
0.32720135244904097
0.32790284538593195
0.3286051720133018
0.3293083585828835
0.3300124311067935
0.33071741536480886
0.3314233369114697
0.3321302210830653
0.33283809300432154
0.33354697759508367
0.33425689957671795
0.334967883478416
0.3356799536433871
0.336393134234787
0.3371074492416587
0.33782292248462026
0.3385395776215104
0.3392574381528411
0.33997652742715967
0.3406968686463072
0.3414184848705301
0.342141399023519
0.3428656338972875
0.34359121215698685
0.3443181563456721
0.3450464888888289
0.3457762320989337
0.34650740817985765
0.34724003923125585
0.34797414725275094
0.3487097541481394
0.34944688172947463
0.3501855517210663
0.3509257857634347
0.35166760541716074
0.352411032166684
0.35315608742400567
0.3539027925323746
0.35465116876987113
0.3554012373529024
0.3561530194397452
0.3569065361338659
0.3576618084873593
0.3584188575041945
0.3591777041434829
0.3599383693226674
0.36070087392067607
0.36146523878101366
0.36223148471479577
0.3629996325038009
0.36376970290338756
0.3645417166454247
0.3653156944411905
0.3660916569842035
0.3668696249530016
0.3676496190139388
0.3684316598239048
0.3692157680329995
0.37000196428723386
0.3707902692311199
0.3715807035103146
0.37237328777413303
0.3731680426781305
0.3739649888866033
0.37476414707507055
0.3755655379327408
0.3763691821649532
0.37717510049555614
0.3779833136693454
0.37879384245439573
0.3796067076444225
0.3804219300610797
0.3812395305563192
0.3820595300146341
0.3828819493553201
0.3837068095347904
0.38453413154874966
0.3853639364344245
0.3861962452728086
0.3870310791908073
0.387868459363462
0.3887084070160638
0.38955094342637225
0.3903960899266908
0.3912438679060691
0.3920942988123568
0.3929474041543828
0.39380320550401177
0.3946617244982661
0.39552298284141524
0.39638700230703927
0.39725380474012567
0.398123412059141
0.39899584625809714
0.39987112940858477
0.40074928366186946
0.40163033125092773
0.40251429449249887
0.40340119578914435
0.40429105763127016
0.40518390259920667
0.4060797533652249
0.4069786326956039
0.40788056345265694
0.4087855685968016
0.4096936711885593
0.41060489439067477
0.4115192614701033
0.412436795800091
0.41335752086224536
0.4142814602485749
0.41520863766354915
0.41613907692618574
0.41707280197210994
0.41800983685565235
0.4189502057519198
0.4198939329588749
0.4208410428994721
0.4217915601237067
0.422745509310802
0.42370291527127074
0.42466380294905953
0.4256281974236981
0.4265961239124462
0.4275676077724535
0.4285426745029116
0.4295213497472588
0.4305036592953522
0.43148962908567284
0.4324792852075575
0.43347265390339745
0.43446976157090095
0.43547063476534187
0.43647530020181297
0.4374837847575408
0.4384961154741323
0.43951231955994735
0.440532424392367
0.4415564575201918
0.442584446665943
0.44361641972828675
0.4446524047844242
0.4456924300924764
0.44673652409393844
0.44778471541612735
0.44883703287462795
0.44989350547581924
0.4509541624193712
0.45201903310073815
0.4530881471137662
0.45416153425322636
0.4552392245174313
0.45632124811082775
0.45740763544667934
0.45849841714968564
0.45959362405870074
0.460693287229419
0.46179743793716443
0.4629061076795845
0.4640193281795009
0.46513713138770096
0.466259549485773
0.46738661488900995
0.4685183602492619
0.46965481845792767
0.4707960226488562
0.4719420062013623
0.4730928027432634
0.47424844615388767
0.47540897056720144
0.4765744103748795
0.4777448002294993
0.47892017504770185
0.480100570013389
0.4812860205810067
0.48247656247882215
0.4836722317122199
0.48487306456710283
0.48607909761326384
0.48729036770782624
0.48850691199870994
0.48972876792815756
0.49095597323629087
0.49218856596466953
0.4934265844599743
0.4946700673776641
0.4959190536856902
0.49717358266826217
0.49843369392967823
0.49969942739814766
0.5009708233297137
0.5022479223122084
0.5035307652692166
0.5048193934641642
0.5061138485043545
0.5074141723451743
0.508720407294252
0.5100325960156908
0.511350781534414
0.5126750072404942
0.514005316893549
0.515341754627205
0.5166843649536553
0.5180331927682061
0.5193882833539152
0.5207496823862937
0.5221174359380494
0.5234915904839469
0.5248721929056244
0.5262592904965997
0.5276529309672424
0.5290531624498604
0.530460033503834
0.5318735931208378
0.5332938907301373
0.5347209762038797
0.5361548998625814
0.5375957124806025
0.5390434652916932
0.5404982099946738
0.5419599987591176
0.5434288842311907
0.5449049195395171
0.54638815830112
0.5478786546274844
0.5493764631306931
0.5508816389296068
0.5523942376561783
0.5539143154618621
0.5554419290240493
0.5569771355526631
0.5585199927967925
0.560070559051489
0.5616288931645684
0.5631950545436056
0.5647691031629344
0.5663510995708344
0.5679411048967601
0.5695391808587226
0.5711453897707272
0.5727597945503408
0.5743824587264229
0.5760134464468576
0.5776528224865026
0.5793006522552036
0.5809570018059479
0.5826219378430989
0.584295527730826
0.5859778395015978
0.5876689418648153
0.5893689042155917
0.5910777966436602
0.5927956899423844
0.5945226556179715
0.5962587658987526
0.5980040937446403
0.5997587128567547
0.6015226976871341
0.6032961234486508
0.6050790661250495
0.6068716024811599
0.6086738100732499
0.6104857672595662
0.6123075532109958
0.6141392479219274
0.6159809322212819
0.6178326877837249
0.6196945971410043
0.6215667436935416
0.6234492117221404
0.6253420863999316
0.6272454538044808
0.629159400930101
0.6310840157003539
0.6330193869807763
0.6349656045917504
0.6369227593216822
0.6388909429403176
0.6408702482122695
0.6428607689108404
0.6448625998319585
0.6468758368085096
0.648900576724695
0.6509369175308116
0.652984958258171
0.6550447990343018
0.6571165410984011
0.6592002868170723
0.6612961397002399
0.6634042044174676
0.6655245868144126
0.6676573939296666
0.6698027340118182
0.6719607165368374
0.6741314522257278
0.6763150530625375
0.6785116323126127
0.6807213045412026
0.6829441856324014
0.685180392808346
0.6874300446488831
0.6896932611114049
0.6919701635511917
0.6942608747420049
0.6965655188971064
0.6988842216906044
0.7012171102792037
0.7035643133243574
0.7059259610147554
0.7083021850892764
0.7106931188603371
0.713098897237617
0.7155196567522898
0.7179555355816274
0.7204066735740595
0.7228732122747474
0.7253552949515382
0.72785306662148
0.7303666740777538
0.7328962659171246
0.7354419925679607
0.7380040063186545
0.74058246134671
0.7431775137482234
0.7457893215680806
0.7484180448305622
0.7510638455706627
0.7537268878658867
0.7564073378687797
0.7591053638399226
0.761821136181667
0.7645548274725112
0.767306612502086
0.7700766683068507
0.7728651742064866
0.7756723118409393
0.7784982652082854
0.7813432207032587
0.7842073671565067
0.7870908958747646
0.7899940006816387
0.7929168779593377
0.795859726691147
0.7988227485047951
0.8018061477167018
0.8048101313770543
0.8078349093158216
0.810880694189783
0.8139477015303056
0.8170361497923384
0.8201462604042198
0.8232782578186085
0.8264323695643997
0.8296088262997808
0.8328078618663293
0.8360297133442258
0.8392746211087003
0.8425428288875801
0.8458345838200434
0.8491501365166626
0.8524897411207384
0.8558536553707865
0.859242140664591
0.862655462124368
0.8660938886635486
0.8695576930548707
0.8730471519999573
0.8765625462004738
0.8801041604307605
0.88367228361208
0.8872672088884488
0.8908892337042602
0.8945386598834397
0.8982157937105888
0.9019209460136386
0.9056544322486454
0.9094165725862694
0.9132076920003591
0.9170281203583699
0.9208781925139913
0.9247582484018018
0.9286686331341198
0.9326096970999742
0.936581796066552
0.9405852912827442
0.9446205495853831
0.948687943507632
0.9527878513901673
0.9569206574948617
0.9610867521211617
0.9652865317251678
0.9695203990416656
0.9737887632089688
0.9780920398967423
0.9824306514369386
0.9868050269579783
0.9912156025219551
0.9956628212654128
1.0001471335434295
1.004668997077309
1.0092288771057725
1.0138272465401237
1.018464586123081
1.0231413845915631
1.0278581388437231
1.0326153541099892
1.0374135441285166
1.042253231325161
1.0471349469978894
1.052059231505932
1.0570266344639538
1.0620377149410203
1.0670930416648816
1.0721931932314577
1.077338758319852
1.0825303359130498
1.0877685355243665
1.0930539774299224
1.0983872929072565
1.1037691244804266
1.1092001261715283
1.1146809637591872
1.1202123150438785
1.1257948701204998
1.131429331658591
1.1371164151898043
1.142856849403825
1.1486513764521773
1.1545007522604749
1.1604057468495896
1.1663671446655917
1.1723857449193744
1.1784623619354098
1.184597825511009
1.1907929812852778
1.1970486911192015
1.2033658334864172
1.2097453038754853
1.216188015203645
1.2226948982431602
1.2292669020598164
1.235904994464576