0.2000000012162706
0.20000014602751962
0.20000053776477006
0.20000121083587255
0.2000020971524487
0.20000335736860478
0.2000047963031731
0.2000066046509125
0.2000088578380898
0.20001159272483626
0.20001501204477173
0.20001821452823854
0.2000194228340798
0.20002446282311212
0.20002836672157398
0.20003295840830196
0.20003714320266522
0.20004322620075624
0.20005484378771263
0.2000904328024756
0.20005455030487063
0.19988450969555197
0.20001785877157793
0.2002451903891211
0.2003712604884487
0.20021990046053015
0.20004495912945833
0.2005166781531829
0.19980462996291123
0.20011968333396574
0.20008567391023524
0.19992513782423663
0.2002767167491958
0.20016289979147997
0.20015414343123375
0.20054109066132075
0.2002544202969651
0.2000955725962095
0.2002118696443356
0.20048441102418774
0.2000624971436774
0.20008711593941636
0.20046788556047337
0.20017978579491863
0.20020414487708504
0.20020555432668644
0.20025190973196194
0.20026474282005396
0.2002282941313819
0.20029305671922876
0.20035717229344882
0.200415146039949
0.2004171551926253
0.20042235651279694
0.20015195948363063
0.20018153966932642
0.2006311405229235
0.2002230876221515
0.19998984243813683
0.2002566156497654
0.2000809511981429
0.20074545395935378
0.20044518987310642
0.20052989887908906
0.20057621588002522
0.20062081872310542
0.20061416468579016
0.20063852084935138
0.20056675892820733
0.2007186867413645
0.20068140838524087
0.2007297472613247
0.2007161457533362
0.2007734286178517
0.20075257112319853
0.2009929037433692
0.20053132403983354
0.20082743618848364
0.20085516348688787
0.2008814601720417
0.20079291626931403
0.2009126053313742
0.20096420224836625
0.20098420183941534
0.20099252507192666
0.20105762939330324
0.20106352246664763
0.20108144320089125
0.20121057440233817
0.2011222155422246
0.20128771483621136
0.20119807266809236
0.2011342019595778
0.20124103248059205
0.20120905092215716
0.20135660338209765
0.20118391418260725
0.2013194532504743
0.20136908511986312
0.20140162416278462
0.20143809943476404
0.20147419711346748
0.20152592574843303
0.20155869018740694
0.20161457921680717
0.20157426599023268
0.20159933094327187
0.2016187140829201
0.20165278694769134
0.20167658451132187
0.20170044378696428
0.201821400150512
0.201843867675822
0.2017960115457197
0.20183828662331893
0.2019353465496965
0.20194064329224493
0.20197927798423243
0.20203115858175658
0.2020396330704651
0.20210656597263923
0.2021525784730451
0.2021908909626852
0.2022547888357803
0.20221640411721756
0.2022818155629723
0.20233124975505085
0.2023598451321169
0.2023942660013486
0.2024353630297191
0.20244989326358562
0.20247807638066556
0.20249459834141206
0.20253051507963707
0.2025425405453198
0.20256312007148503
0.2025636659494421
0.2026219604723096
0.202796449570002
0.2026374843848575
0.20279033976613986
0.2028894466549402
0.20287590290605423
0.20292885347146924
0.20300236309515304
0.20301947676324414
0.20305051403564772
0.2030899155421882
0.20314639158005993
0.2031883229354324
0.203226161575716
0.20324763527807882
0.20327145214793557
0.20330071883781548
0.2033459378680894
0.20339996113457953
0.20345868956760044
0.2035322175082851
0.20346990529887313
0.2035974390645453
0.20363793139782768
0.20365523856859094
0.20368248944997172
0.20388233367653102
0.20391237227246822
0.20393536308856605
0.20397191907393677
0.20399929367354383
0.20402676463411057
0.20407208732921864
0.2041167463683325
0.20416116502424517
0.20418808663407967
0.2042412273517968
0.20431300728424476
0.20434101044345665
0.20439732182657633
0.20445762837604883
0.20454296298032393
0.20459530103792956
0.2046581216051746
0.20472925436259756
0.2048118061946586
0.20489489114958095
0.20497560264082298
0.20505936486476684
0.20514450963814979
0.2052176619790678
0.20495807442058656
0.2050647351400356
0.20509212122900683
0.20514483663566488
0.20523391460965942
0.20531884900323336
0.20538427947971166
0.20550788300871475
0.20553045587626473
0.20562493322303732
0.20572134840574308
0.2057987395299106
0.2058807424124453
0.20596185424008012
0.20605204936087815
0.2061139418321054
0.2061583551600934
0.20628120853811763
0.2063428586736452
0.20640925556330814
0.20648570308684705
0.2065417738329153
0.2066410945794898
0.20668665092119692
0.20671179049192867
0.2065920859480887
0.2066727703300199
0.20679024005215868
0.20688189846851332
0.2069799449460062
0.20708565771526632
0.20718240743061136
0.20724480979447812
0.20731238067753233
0.20739928173618255
0.2074501981973083
0.20750598219583422
0.20760208466830884
0.20764737833504004
0.2076943198329364
0.2077611500244472
0.20779467644681543
0.2078450354901918
0.20790696429369868
0.20793382532126908
0.20797569033809063
0.20800741103202924
0.20804416517179164
0.20805150703462572
0.2080906417955259
0.20864796525028687
0.2086690432588285
0.2087469498808457
0.20879203381847644
0.20886328296017054
0.208894030411272
0.2089417733697951
0.20902781315247249
0.20908652614121595
0.209133240468932
0.20917244086660958
0.20919453129264176
0.2092326017326881
0.20928070465875534
0.20930877429058622
0.2093589422615846
0.2093987756100532
0.2094622755079452
0.20958734887662983
0.20960562773753844
0.2096524840669931
0.20981445153995376
0.20986092737689496
0.21004724219440093
0.21013584873021207
0.21046525140830796
0.210493933025682
0.21049693205734082
0.21053555908086846
0.2105795198557569
0.21062567930584603
0.21067338836833385
0.21073954746485116
0.21082796894235958
0.21084288741131002
0.21092929983546777
0.2110184013730507
0.2111023831382351
0.21121530853697065
0.2113836405284934
0.21149858856743048
0.21163210647700553
0.211763768043874
0.21189960614881173
0.2120240900396579
0.2121611266554236
0.2123164923790696
0.21246480502915674
0.21263081337583636
0.21280656273661722
0.21215956502641117
0.21226005456772448
0.21237334497146676
0.21255281406403206
0.21264585951251141
0.21275823518219744
0.21292202324680148
0.21305228049941813
0.21319887622899736
0.21333850661449966
0.21349658337206842
0.2136568083832971
0.21379503693749038
0.21393699249057319
0.21406422113021056
0.21419529290997727
0.21434852116941916
0.21446666147072113
0.21454665910678353
0.21472302651326075
0.21480993946199503
0.21492710604361273
0.21494770805853597
0.21509177742444988
0.2151173234469041
0.21493489562443782
0.21506121952431623
0.21526888672400527
0.215428890526487
0.215590855172825
0.21572374732815106
0.215884983587749
0.2160417804799603
0.21617389554383676
0.21626633156976613
0.2163406104603305
0.21650451669687348
0.21660431128212984
0.21669297628225861
0.21670826382223138
0.2167802384139941
0.21689209718002678
0.21692342591261513
0.2169790591353099
0.21702565610026356
0.21706367279410524
0.2171006150182208
0.21714166845341204
0.2172026955830855
0.2172426747455739
0.21829038011911267
0.21831503402610197
0.21848312461943867
0.2185694366435915
0.21864086398526258
0.21867679137194557
0.21868900119881424
0.21872486783072212
0.21880058146039297
0.218878963210455
0.21891641539903564
0.21898745761480717
0.21905124202075274
0.2191208665947692
0.21918415746920436
0.21929179990512845
0.21933257222889405
0.21944998916355685
0.2195097330016735
0.21962041771122282
0.21975440446272437
0.21988577218353972
0.22007080060980064
0.2203046055161164
0.2204487829837603
0.22092586755045235
0.2209403124342155
0.2210085890514555
0.22105449097577448
0.2211076398835936
0.22118012321897226
0.22125423428712293
0.22136590079421253
0.2214564643490846
0.22156320446306088
0.22170706889797526
0.22184876044113797
0.22201181518054783
0.22219198906539622
0.2223793843804615
0.22257438943786043
0.22279048983278532
0.22300380888906868
0.22326240140715595
0.22347003999511258
0.22371874144864073
0.2239597178308942
0.22420868399084362
0.2244616013663552
0.22469390028186617
0.22354505288554144
0.2237135898745162
0.22390145225707575
0.22411082452889766
0.22432782351813393
0.22455913795088972
0.22478847833985505
0.2250197767722184
0.22526188081299503
0.2255061091718322
0.2257561517565342
0.2259870202739028
0.22621591954068548
0.22644719739325295
0.22667012267664144
0.22687630712683354
0.22709017888551297
0.22727695533725556
0.22747237936512466
0.2276197256014938
0.22776293632151948
0.22788360396828164
0.22800992914110454
0.22805049362968532
0.22814502735427555
0.2279119659131409
0.22820192577631968
0.2284913730534427
0.22876114273789588
0.22900761094094696
0.22924252309094958
0.229471322821443
0.22966783476278324
0.22987061178973534
0.23003544403073675
0.23020696867743995
0.23033901658429246
0.23046663030869743
0.23058373086702552
0.23065825836705003
0.2307693138580893
0.2308497230343007
0.23091249822647458
0.23091992300138683
0.23097045626343057
0.23104406111556774
0.23110522433694586
0.2311586747542759
0.23124007570334074
0.2313457006806349
0.23305066064755298
0.23320877858004635
0.23325189504009378
0.2333429624869404
0.23340530041907057
0.23360293827570833
0.2336592502299664
0.23372322660534428
0.23374307311170073
0.233854709309467
0.23393435637197535
0.23402232372155246
0.23410621838078366
0.2341838743246503
0.23429919774398006
0.23442162430891805
0.23455641005533806
0.23472194400175095
0.23489464031537466
0.23507898430429097
0.23533016905388265
0.23557751490171155
0.23583856580858836
0.2361969265799204
0.23654340531068233
0.23699196039440232
0.2370128444130049
0.237077051998674
0.23713609869226854
0.23724593705275676
0.23737373166597345
0.2375241227545299
0.2377066730197138
0.23791939265257947
0.23812231336428508
0.23830963935926489
0.23861736728671123
0.23890931042986027
0.23921696961352323
0.2395460355127891
0.2398610655498607
0.24023249906217295
0.24056952542789684
0.24095534021876663
0.24131808505869026
0.24168969619686
0.24206755860137177
0.242447046275222
0.2428067025271595
0.2431808163403838
0.2411036392662376
0.24141528225744674
0.24182261163299817
0.24219606994586906
0.24253877510700614
0.24296026945527657
0.24334113565407
0.2437334010122412
0.24416156164258176
0.24452286058456058
0.24493344318700436
0.24530736607799147
0.24567054052874288
0.24602760416432873
0.2463617096530897
0.2466577473429003
0.24694922146320825
0.24729707541265875
0.24748457321401784
0.24770873254753425
0.24783168587103177
0.24803299107243384
0.24816225942619966
0.24822986651119533
0.24836285557034837
0.2484525911213821
0.24897194342424558
0.2494426892320377
0.24989854164106198
0.250295688610985
0.25063943997336346
0.25096930218025904
0.2512814417992531
0.251499811693407
0.2517423026912004
0.2519691845801955
0.2521258796308668
0.2522533411726394
0.25237779168683366
0.25248821614220107
0.25265035194665925
0.2527255628360723
0.2528166250295285
0.252869816716898
0.2529319095288603
0.2529954369220208
0.25306921190479714
0.2531624451557621
0.253278463860349
0.2534072364953328
0.2572029509483422
0.2573022638440294
0.2573317897361366
0.2573815817010481
0.25753074411001226
0.25757036574200265
0.2575975648143889
0.25763667350866676
0.2576932110028766
0.25777091670824676
0.2578646964409171
0.2579801490730103
0.2581138241955115
0.2582751998862548
0.25851746898720157
0.25873453412311453
0.2590189612658974
0.25941728775072864
0.2597435599307149
0.2601738537237293
0.26063350486266124
0.26113236419009744
0.26172027360986583
0.2624266497746586
0.2631537839281689
0.2629637931794815
0.2629701897118179
0.2630405289796214
0.26320401063332854
0.2633869137318391
0.2636600027810758
0.26397841071327244
0.26428442547693887
0.2647463829697731
0.2652425221727167
0.2657515923653179
0.2663602632139775
0.2669305964998855
0.2676193942854881
0.2682669133423716
0.2689949395604578
0.2697510371594531
0.27053113258593464
0.2713159312454808
0.27207007174099096
0.2728690471753455
0.2736396525433767
0.2743918897843433
0.27511080540248944
0.2757443840798793
0.270207726714704
0.2710094945180333
0.27182989414552283
0.2727880849108259
0.27371010291379305
0.2746930527136481
0.2756430256428401
0.27656834786917894
0.27748809185649664
0.2783708353205687
0.279228803391618
0.2800603583643428
0.2808460655916693
0.28158118473251637
0.28228013680240527
0.2828855329046156
0.28345388423765916
0.28392859397688447
0.28427925227975176
0.28466878202968315
0.28491357404967527
0.28497301923041857
0.2851582278452925
0.28516428202260147
0.2850146000842712
0.2871005834305418
0.2883701781516686
0.28948675180460653
0.29046338498710805
0.29135533039148026
0.29212000291316453
0.2927661628701496
0.2933372992193999
0.29379771868246196
0.2942002038857852
0.2944879416898309
0.2946355394399469
0.2948100319312988
0.2949375792399509
0.2949514915228638
0.29487182941157336
0.2949270463506874
0.294815506886365
0.2948083620818348
0.2947468415719584
0.2947126364942908
0.29472864693432876
0.29485829373911393
0.29510706826042105
0.2953394141638564
0.3091905532104491
0.30906656099663726
0.3088228932647694
0.3085126178556056
0.30819901918061443
0.3078690986750843
0.307473230686435
0.3072648053497249
0.3070918144498239
0.30697519523221956
0.3069328794970539
0.3070750143661407
0.30733811605877337
0.3077439992700465
0.3083203816248508
0.3090930833120019
0.3100584344663799
0.31131125339043597
0.3127109823838263
0.3143966110647197
0.3162606314448243
0.3184378849532989
0.3207926750736725
0.32345614941478346
0.3264199362901481
0.32084136119883006
0.3201154933015517
0.3199210180980548
0.320041981658336
0.32055815568520857
0.32144264016533103
0.3227144959579758
0.3243216464723108
0.3263020083190276
0.3286309240124489
0.33130710443427674
0.33423011766625205
0.3374450096354366
0.3409806009601601
0.34446481933092016
0.3483293390162425
0.3522573948654197
0.356206476052746
0.36027447284955066
0.36436422642637045
0.3684413678344146
0.37235534355071176
0.3761703225981557
0.3797294385587466
0.3829866638383181
0.3361115816683018
0.3433947182961299
0.35100532524296146
0.3587403611999049
0.3669615081389541
0.37479365252061714
0.3829021972540265
0.39064224005389814
0.3980342920693338
0.4052789353694093
0.41205721673125223
0.4185744160476188
0.42466610078878686
0.43055536124099575
0.4358299931991239
0.4406550709212227
0.4448082134428405
0.44859136398074756
0.45165763192974934
0.45409934615586106
0.45593237205113385
0.4568424308196411
0.45692849532627994
0.45583133612446136
0.45326072455339245
0.5603492585724452
0.5766018327610596
0.5905099398936842
0.603358158344371
0.6150876603218488
0.6258083576267836
0.6359676354329685
0.6453926872865802
0.6544052568115182
0.6631450911120352
0.6715993226883943
0.6799129095783383
0.688240289210636
0.6967510459541864
0.7055807023048188
0.7148427479857299
0.7247354856431679
0.7352620016442899
0.7465658063154155
0.7588363202673527
0.7721228885697823
0.7865742659582955
0.8024903530783584
0.8201291639838009
0.8399808292032234
0.9932478445067794
0.983240467132044
0.9694754583729398
0.9482539368051801
0.9149015855442474
0.8624474954340609
0.7795166590488997
0.6484127484819344
0.443683695553414
0.1335829883579523
-0.3239473807653319
-0.9260770926906081
-1.577988976731305
-2.0343545291741045
-2.1010725505079932
-1.8483966100209792
-1.4653535173697279
-1.0942896342715227
-0.7823847008419399
-0.5329360773405367
-0.3354665208021379
-0.1819409909846757
-0.05020916039809834
0.05515030196169611
0.14478257948349754
-0.04611849719265906
-0.054150864643192395
-0.055377996952557296
-0.05119192986598977
-0.04273318975624288
-0.031046020839481454
-0.01717722182150242
-0.00148836495024898
0.014990763644245049
0.03184074308735554
0.048573206095031685
0.06500628560136498
0.08058451622390457
0.09533752712044238
0.10904437123577493
0.12173340710030543
0.13357839366646573
0.14412046432179224
0.15386012349429487
0.16253805120476972
0.17016838319235425
0.1765744183164591
0.1822644221690199
0.18660970242640224
0.1898130752890637
0.1206521203794549
0.1295841086285639
0.13798909844058557
0.14613453156947678
0.15375364260850286
0.16060438397436425
0.1669580737439974
0.17295196628717088
0.17823842046801897
0.1829673039689681
0.18714180212841083
0.19083800607013435
0.19407546073188484
0.19676114159325142
0.19901296264890314
0.20076703593500497
0.20203897445164154
0.2029203280435393
0.20329604624098394
0.20325806851058015
0.20289568058607693
0.2021737138861425
0.20106281002848816
0.19954254855116052
0.197519938237086
0.20972022099187373
0.2126635880790871
0.21525731507158385
0.21731423589646098
0.21901102356581034
0.22041731555311325
0.22159931052734932
0.22246361426302264
0.2231236090106703
0.22350034165381474
0.22380611746048562
0.22393550082006078
0.2239239595022738
0.22394072259290002
0.22377569131148234
0.2235727617705224
0.22335333043926106
0.22312065836980902
0.22296075501395304
0.22295148275409424
0.22291015358427665
0.22307497843169877
0.2233452635362475
0.22387613313208699
0.22464521497844794
0.242526510191034
0.24242327967809352
0.24237109755297673
0.24215866164578012
0.2421823201304751
0.24196827617934777
0.24194473173238756
0.24196051859753626
0.24206561013288339
0.24228234896392972
0.2425401460414561
0.24291245355383795
0.2433808542006795
0.2439850908111315
0.24468712630025388
0.2455942150909138
0.24654281889545923
0.24765430075151906
0.2489123078938354
0.25020844937441217
0.2516729365528048
0.253271458968764
0.25495473545595937
0.2567693540664017
0.25877573711681523
0.25722431188747913
0.2574051254410864
0.2577200468177269
0.258166086525456
0.25874195409813694
0.25945103737930075
0.2602008062559183
0.2610710686081053
0.26206606440762154
0.26313531580693217
0.26423529166649196
0.26535229047398773
0.26663426841797083
0.2678785009197664
0.2691384233360033
0.27043304603635143
0.27177212627718644
0.2731086795521985
0.2744304378896053
0.2757313808443255
0.2769942947958672
0.2782305374224488
0.27939948418692573
0.2805213670946426
0.28154456871800637
0.2747491513684859
0.275878425511773
0.27703664886593155
0.2782217583655729
0.2794707355797815
0.2807017071352323
0.2818584915906079
0.28300201834772126
0.28416899517898964
0.2852874395271652
0.2863838165832429
0.28739548093171774
0.28840265323814934
0.289335500029465
0.2902370366600785
0.2910772661168145
0.29180991064945827
0.2925927436814603
0.29325277483908685
0.2938563079926022
0.29441986254055774
0.29473860666066876
0.2951199845292204
0.2954728708851633
0.29565232170810835
0.29604255877619073
0.29720272858462443
0.29824912806499304
0.29922254257022685
0.3001547479940663
0.3010341048566029
0.30182527275935506
0.30257473392165735
0.30327515896831436
0.3039297632504142
0.3044536440592114
0.30508402793243045
0.305628108401085
0.30616219406586653
0.3066044023284331
0.3069396064888625
0.30740775234275103
0.3077469779555171
0.3081591456832148
0.3084784179340655
0.30883924916583033
0.30916386697490816
0.30952215968357205
0.3099218390294954
0.3102318300536164
0.31543858802963315
0.316026646815367
0.3165568660785932
0.31700303376774414
0.3175884165322869
0.31797781619040094
0.31831203895920757
0.31880908587620904
0.31921227968324956
0.3196772350059949
0.32012000925220346
0.32052314107977836
0.3210028435544349
0.32147050493889534
0.32194726962867326
0.3225106878620865
0.32304467639572576
0.32363097575521743
0.3243071551277483
0.32496138089279175
0.32561734318818064
0.32641679642097365
0.32726174489213233
0.3280127014182059
0.32908012585964697
0.3314959322223464
0.3317970594423773
0.3321393672527047
0.3325855598578411
0.33304632338384244
0.33348795589722474
0.3340507593740658
0.3346079918366559
0.3352131560819798
0.335850817809688
0.33653933553478266
0.3372777542908145
0.33799102923013175
0.33880161223839383
0.3396188104415573
0.3405348423520538
0.3413647676011145
0.34227366521202823
0.34322334422881473
0.3442444670279706
0.3452327002339756
0.34627133105588126
0.34731524761983923
0.3483767104493422
0.3493840028883267
0.3470821623301998
0.3477713927629161
0.34855367914433427
0.3493118847466624
0.350192257244611
0.3509651751518054
0.3518415658447585
0.35276089356491114
0.3537132311350344
0.3547120676285281
0.35567657454811147
0.35670926116408685
0.3576855247883495
0.3587018814160076
0.3596911170447362
0.3606335691739581
0.3616186225402992
0.3625103341568973
0.36341106020601804
0.3643636447704082
0.3652531270356732
0.3661444873772476
0.366795022151283
0.367699238824484
0.3683482976077255
0.3662922836021735
0.36743395897757497
0.3685157887732654
0.36961453644224757
0.3707032072110368
0.37177058515391714
0.37279468308589225
0.37381905169004687
0.374809411072652
0.37574086469280304
0.37676975024147824
0.37761629677467884
0.37844952417219313
0.3792458590637671
0.3800323061944666
0.3808420112024406
0.38152991567215566
0.38221326360465135
0.3828332246726158
0.3834698889865795
0.3840122690122525
0.3846190797129582
0.38510705196911676
0.3855748048392017
0.3859705878849055
0.3890121569791812
0.39005243850042737
0.3909715981049949
0.3919982690711686
0.3929002719671156
0.39361193463828653
0.39444279331273624
0.39517608434338886
0.39589185773734814
0.3965224933965287
0.39719809117841964
0.3978513957582269
0.3985163092239593
0.39912920940194546
0.39972829030748114
0.40032956171813494
0.40095611305041917
0.40158601632692736
0.40218387852167364
0.4029000216378038
0.40359048115794627
0.40432271376101164
0.40511345062547277
0.40586824870258054
0.40680269006918407
0.4116325932734162
0.4122163629076488
0.4127836168699834
0.41335939818805584
0.4139496519681179
0.41453225819045525
0.41512629879047847
0.41570544810546933
0.4163683509498147
0.41705056470161034
0.41785910583164765
0.4186154130689112
0.41945844738895344
0.42027979935201737
0.4210978896721879
0.422140150240393
0.4231343033309568
0.4241596050375258
0.4252610286612928
0.4264286072267061
0.4276940474588406
0.42892176904821283
0.43029823361699515
0.43161958441781373
0.4331278310474475
0.43252514220818505
0.4331730162656744
0.43388954411194625
0.43467816356434685
0.43566048950682057
0.43663523558948697
0.4377267579080634
0.43869885793310687
0.4399120235484129
0.4410526314698819
0.44224140994504185
0.4435342178947429
0.44484704253425844
0.4461738751560075
0.44748562525208646
0.4488737664038977
0.4503060620498496
0.4516620775673276
0.4530872299105532
0.4545299872022383
0.45582499160696427
0.45720679716001544
0.45853267296752626
0.4598768196488014
0.4611536792306383
0.456881436348889
0.45836651943594564
0.45981871635969673
0.46135693909425346
0.4629063522981964
0.4644023323280258
0.46592716129266304
0.4673845128635818
0.4689855525329577
0.47050630534390075
0.4719255211469075
0.47331051271521446
0.47476447956728446
0.47606686358449607
0.4773438410609025
0.4785375966389449
0.4797790870543411
0.4808995225238898
0.48197261553730303
0.4829576274980821
0.4839331614143362
0.48472974428836757
0.485584043533168
0.4863742498972669
0.48689457452721374
0.48909135389768293
0.49089092790608685
0.4925874960205538
0.4941136033513958
0.4956029841553996
0.49692000250040824
0.4983456405031952
0.4994466518693051
0.5006106786752537
0.5017323041215281
0.5028625954496829
0.5039041448688931
0.5048703888473122
0.5058536606852638
0.5067069717861238
0.5076540679343877
0.5085676156401436
0.5093172428637833
0.5102299151998005
0.5110246741251427
0.5119303597226399
0.5128204973384254
0.5138201886129913
0.5147428924616049
0.515955802475638
0.5244046515485563
0.5252983076336912
0.5262392223366266
0.5271716515920143
0.5280680390551259
0.5288766711753762
0.5298092543045532
0.5307028466063395
0.531639469652232
0.5325301545754754
0.5335314518829193
0.5345770681572949
0.5355527805439755
0.536850298435181
0.5379873784159233
0.5393480968460025
0.5406752679573203
0.5422788150134278
0.543701752818225
0.5453709767940528
0.5471120992745505
0.5489999390709835
0.5509832982406585
0.5530709848346401
0.5552547063004732
0.5564855800981252
0.5574146218863271
0.5582522519830954
0.5593457823728015
0.5605343914826426
0.5619685165122379
0.5633331027055513
0.5648215324912463
0.5664879485550768
0.5682047873120992
0.570017396096304
0.5719445810410909
0.5739043704272764
0.5759900459430222
0.5781268983509393
0.5802762063598356
0.5824926929426174
0.5848347936997549
0.587116737235195
0.58932951617382
0.5916736460568324
0.5940796599524816
0.5963433371933936
0.598361341246627
0.6008138257848521
0.5929106748542851
0.5951340168831746
0.5974906312088363
0.5998323942686509
0.6022682139779179
0.6047479288035321
0.6072296784468586
0.6097781167339326
0.612284757162455
0.6147440619074377
0.6171409898106242
0.6196797566751691
0.6219625565448106
0.6243131837469429
0.6265876308842598
0.6286749069736315
0.6306579692288192
0.6327859453787047
0.6346279223867213
0.6365184782240085
0.6380351546520241
0.6395550814432671
0.6409861780577396
0.6420407121522671
0.6435084590325174
0.6449107571125964
0.6479652943681942
0.650778319555853
0.6535755606642679
0.6562694645165322
0.65868202762301
0.6610499565077802
0.66330430923104
0.6654686003298754
0.6674389774004155
0.669344314049505
0.6710974441810855
0.6728163656931101
0.6745028126077179
0.6760241861388492
0.6775476526373878
0.6789488362488197
0.6800892053208112
0.6817115892990145
0.6829929259922323
0.6844461668441383
0.6858192762207601
0.6872045413413651
0.688873566785604
0.6903240945405862
0.7059360086956036
0.7077046608066273
0.7093935859385124
0.7109591844643138
0.7124984465155908
0.7139324437809188
0.7154725275309756
0.7168826490557801
0.7183857613818584
0.7198567461221851
0.7214156473581106
0.7231181555032746
0.7248238116355656
0.7266831908065061
0.7286570511255721
0.730678386081626
0.7329283958609865
0.7352751205877738
0.7378095592276306
0.7406156122337263
0.743544198151277
0.7466255088915977
0.7500441554043403
0.7536952524462629
0.7575451038895514
0.7623688195299756
0.7635961476380887
0.7648959518296733
0.7665776504091711
0.7684603002236874
0.7704467050335139
0.7728690776910668
0.77541667090581
0.7781263784564866
0.7810651283636443
0.7843035178712624
0.7876149573094817
0.7911047062683094
0.7947836535749736
0.7986367488287852
0.8025344661561957
0.8066737891997862
0.8109067040969893
0.8150743043856676
0.8194413393532514
0.8238128563344318
0.8282785233204399
0.8325862913313449
0.8367726991354786
0.8410786735064075
0.8253711932380104
0.8292727277472671
0.8335291922403238
0.8379905279778358
0.8425221048368641
0.847057489685301
0.8518406544978551
0.85660431692888
0.8615125944229807
0.8663889686705701
0.8710623370536997
0.875911552427436
0.8804195202000785
0.8849766326252305
0.8893283308768828
0.8938260658818189
0.8978252551646808
0.901808312323509
0.9058522504998713
0.9089606701079767
0.9128389932136693
0.915984512809256
0.9189123748084694
0.9215841265027515
0.9239961196508053
0.9231486036847769
0.9295658109984993
0.9355511907884131
0.9413119235125122
0.9467098658812834
0.9519237034600633
0.9567189515315754
0.9614576794734792
0.9656988565650321
0.9698699057494756
0.9738456623790195
0.9774328020097033
0.9810219255665669
0.9842506002877751
0.9875328745569724
0.990585218398269
0.993456915075055
0.9963414118625519
0.999077542770686
1.0016811548068505
1.0043263147798183
1.007011208890472
1.0097019209459694
1.0124627164646678
1.0153031988686156
1.0490546997531398
1.0527515903832
1.0565245812292736
1.0597724974174163
1.0630171641474755
1.06598817329128
1.0689552547795955
1.0719747212968018
1.0748088430827776
1.077877291290241
1.0809401764182296
1.0841332668339692
1.087524045223649
1.091088583632584
1.0948753132428428
1.0991107198903292
1.1035894039362548
1.1083630820573915
1.113687030667127
1.119331388614483
1.1253863366634007
1.132170412248147
1.1393645497550895
1.1470639670513794
1.155487697487989
1.1715292220041924
1.1732804340249432
1.175345735686891
1.1780481276230164
1.1812518763938646
1.1851226160115036
1.1896852358415517
1.1948246376007905
1.2007128689215871
1.2070140716408095
1.21425703549992
1.2217895439414301