8.705331090525805e-18
-9.091255965769491e-19
-4.754942300092178e-19
0.00005648772812524752
0.00020223592236392622
-0.00035707270325997906
0.00010127923480430946
9.31514617335916e-6
0.00007531218764055404
0.00017365763023662642
0.00043647249103060943
-0.0001204529326439026
-0.0006667297943624933
0.0004642137766440768
-0.0002581035610466888
-0.0004979906854703046
-0.00008629487748676613
0.000773879722055947
-0.0006295651401515361
0.0003068388773243608
0.0007016530280035014
0.00012383032591986953
-0.0009571130502423257
0.0007269487080880609
-0.00038260169241972767
-0.0009181847103432643
-0.00013248136089357308
0.0011512457879072075
-0.000794386428299781
0.00046768842125253135
0.0010043790811851674
0.0001527165074580965
-0.001312480701156274
0.000970744083073915
-0.0005998268763876416
-0.0010229938631635363
-0.00015239415457630939
0.0014831034965080668
-0.0010554064569533368
0.0006762397670977639
0.0013002926955336404
0.0001720036968035797
-0.0016369602086128456
0.0012172112008804
-0.0007362713755726173
-0.0016133565189597194
-0.0001550974579412654
0.0021648427193135997
-0.0014860569631113243
0.000941755041027595
0.001775468575870516
0.00016104325653903056
-0.0022751349088988076
0.0016643813040087946
-0.001148686646553032
-0.001998690469175964
-0.00019124015926422165
0.00272663927178258
-0.0017565722142293431
0.0012937814882018857
0.002202741379501775
0.00017029986954427415
-0.002911833965357141
0.002037332091874769
-0.0014304049065702303
-0.002512627331395438
-0.00009591353579773679
0.003325820808768964
-0.002181595579255071
0.0016947129223429547
0.0028058837217107436
0.00007922345224065439
-0.0037760603405260734
0.00254030998561858
-0.0018772732279483907
-0.0030658305580107
-0.000052292815063576866
0.00431435271512249
-0.0026196844800268973
0.0024063874517490287
0.003452866291542091
-0.0001108147721902855
-0.005094747542368911
0.0030522305239233144
-0.002569099257684657
-0.0036332596089575417
0.00018799041931823047
0.005779240570977599
-0.002937358366980755
0.0032280104587982545
0.0044941571797141025
-0.000360137477494373
-0.00658926606164044
0.0036919293097319077
-0.003714023485799685
-0.005148374807069679
0.0006512994815489574
0.007656188513249282
-0.003774002255953608
0.004523234107801646
0.005751411015062258
-0.0010036876365880827
-0.008971419233991071
0.004303226466100119
-0.005719032468256461
-0.006660720306951093
0.001396000776337678
0.01083298253003868
-0.004512810278043331
0.007131579051622237
0.007901445070583461
-0.002207058898189905
-0.012533557206383232
0.0051157799662504425
-0.009241091052641722
-0.009393610821446689
0.0031132833547355353
0.01567626323718407
-0.005668401331916203
0.011972784206211628
0.01206201389460473
-0.004923116502160058
-0.01964045674693277
0.006812820873362747
-0.016855953281977167
-0.01458276634161056
0.006692231305609519
0.02563674599707695
-0.0071798377973924885
0.023251575228678597
0.02087301416427897
-0.011866994937970402
-0.03273802695536877
0.011897280532499875
-0.04219512389873603
-0.024088483725189236
0.013845662062175183
0.04152261458571266
-0.0073384278897828505
0.047415736257692
0.07394362399080313
0.0803471039715813
0.061686106423223704
0.003165311819150775
-0.0703238421304341
-0.11334356225383495
0.17082366360294016
0.2787126862754856
-0.006647506881673345
0.2713810674546173
0.16843477572575616
-0.24720087608741947
-1.1607855171179349
-0.02829339818404358
-1.3663926954178942
-3.3981723688822796
18.49726681287673
18.877607180719792
0.878460108974453
5.383641560015012
2.08916126910516
-1.3805465116686757
-1.0696587915965066
-0.11633846043620535
-0.4365529246127337
-0.14018801923992083
0.18092889109260823
0.29538536558136974
0.026967074441319554
0.14179337811549847
0.0564777303488957
-0.08193557951407492
-0.1083733189092609
-0.019263662863789645
-0.06767570574105203
-0.024888670199942824
0.040478194616673464
0.06311498988342401
0.008608818425829872
0.040655587985407624
0.016024917985446013
-0.025317989651925724
-0.0364192928387509
-0.0060491256413748975
-0.024639191035039698
-0.010172223273429008
0.01556713078779836
0.025775290401904308
0.002035257955311684
0.016760084729335732
0.008079318916650991
-0.009847366013101327
-0.01689073815127583
-0.0007864084729031868
-0.010903458766319546
-0.006022183330106935
0.005413111826787253
0.013209055405749896
-0.0021858461438474426
0.007207079277307462
0.005763562539368746
-0.00239533839398658
-0.009125167238333605
0.004164888907514168
-0.00372896148088973
-0.005753438327001018
-0.0008976229844450157
0.007952350112180782
-0.006108104291301422
0.0011253216952171723
0.00597775189229589
0.0029988927811439776
-0.004811848291864266
0.009503942298735744
0.0009360310770445339
-0.005650732083371104
-0.005721158055062895
0.0040316292183115955
-0.010996008827037308
-0.0044841244151267185
0.00742319123078256
0.008540090253319161
-0.002236138006173138
0.015928411299328676
0.0055598639855517235
-0.00646667118299798
-0.013246826717993019
0.0001737742644159858
-0.018592282426656278
-0.01431432553783101
0.01200825714826777
0.01298628894257606
-0.00033107791839285096
0.03848622098095828
0.006863667634453359
-0.0046782450380445685
-0.010223732646495745
-0.011818885510168168
-0.010720882564011658
-0.0058036226746316965
0.006639101146061873
0.04307603506043315
0.12802317140079564
0.024424299599894502
0.03412878905867772
-0.03624466423732413
-0.04498311116807305
-0.004848254449587647
-0.059639208823208154
-0.029418612345586913
0.022514740122669238
0.07912506748257335
0.01397779799931627
0.0682381033926114
0.07130831175426841
-0.06880531437615424
-0.11175115561726974
-0.009846047993467102
-0.1638425166790001
-0.07933787870620282
0.0702820537176224
0.23212557221862656
0.01916389496479345
0.24264445207427332
0.28577109132860173
-0.3245078105457317
-0.49102858510649905
-0.0776728210477073
-1.0912585055291584
-0.566554964059173
0.5141840158478928
3.165035275716121
8.425359077617305
6.073220104998622
25.713817056213326
-6.839192914403495
-11.412080595102015
-6.779749702486248
-2.123612772941133
-1.4349882107111296
0.72181870375995
0.6911803477216938
-0.002456335758010449
0.5123028218637312
0.19252980545921808
-0.13901623737338853
-0.27579346887308276
-0.048329289320224296
-0.20702020382705505
-0.1019511174355692
0.06075145001754856
0.10626536222334647
0.004809128553882942
0.09258821679580106
0.0452443353140419
-0.03747472968857175
-0.07630426045878673
-0.015013371038776212
-0.0590592327284559
-0.03186091095895961
0.020137325681121216
0.03881614895243825
-0.000490126060383039
0.033999044296758534
0.01630324716352027
-0.01596472187642956
-0.027902189459060336
-0.003770060162451437
-0.026071636017606106
-0.014222253088584137
0.008176624893080848
0.015990498907830133
-0.0007677732059318969
0.016323164215457858
0.007773150532657045
-0.009051373734150447
-0.013134465952347586
-0.0022410906072462137
-0.012905927099284613
-0.007823730776951723
0.004161358809275114
0.007920902421786207
-0.001541082699660168
0.007934412967217933
0.004079823385173636
-0.005052247521258627
-0.007563100962272773
-0.0010908168464654946
-0.008160016320490016
-0.0035789438138402177
0.0020750939246713665
0.0039380151269806695
-0.001354669272917027
0.003936638766506751
0.0013756064627892895
-0.0034522597922354943
-0.0045901122104364134
-0.0007318606955346132
-0.003984788734662939
-0.0017928161311707102
0.0011283620670467143
0.0022670893028009687
-0.0006828608268841012
0.0017380141685399751
0.0004186947339442125
-0.0018253339233116677
-0.0022378330063232863
-0.00038586236135036353
-0.0017062022946142186
-0.0008433303100576358
0.0003520127740945664
0.0007563883862516757
-0.00046997738947799223
0.0004404408538495508
-0.000040616783314048227
-0.0008076543926556262
-0.0008317483699762391
-0.0001080232448038387
-0.0003952477161794012
-0.00011778110305075517
0.00007633682132262276
0.00009596530050234728
-0.0002808147718067117
-0.00022106993307036593
-0.00038315396048204373
-0.00018165894093424416
1.1166063972825118e-6
0.0000574853045866648
0.001150133838006359
0.00020381077020192954
-0.00002786011241324499
-0.00008565155877563387
-0.00007523885261941303
-0.000260766606795591
-0.00010319764299766678
0.00011598613631760679
0.0004466213904767182
0.0013930296167841204
0.0005450617480822357
0.000537654223258301
-0.00038286838527099937
-0.00033443454782155655
0.00019094690048503666
-0.0007369095005021316
-0.00011681842140613951
0.00046773677780800963
0.0006581464423752937
0.00009546662937909047
0.0010133795596597363
0.0006586451547792159
-0.00004133650773753306
0.00013030805307954154
0.0007290625872614635
-0.0002578016957701752
0.00041805109556152426
0.0011938228493326185
0.0009227086264370663
0.00022588710821884564
0.0013124121849202282
0.0007972495886866457
0.0006464718407444813
0.001389287448028351
0.0019957567767231923
-0.001773805800020624
0.0014811988834598313
0.002112793692243584
0.0007908758423129269
0.0007521615883333256
0.0017806040626340233
-0.0006739042750006636
0.0020856638126742514
0.002537117657889529
0.005082680387156864
0.004098732884692506
0.004774899319878536
0.0037794774080304257
-0.0011144779702457126
-0.00477956649346764
0.006128662474492563
0.0009884611296891073
0.00325323265410087
0.006147847612570449
0.014376498054943385
0.01257281882000422
0.015772741847856347
0.011695239189175638
0.003808139357639295
0.0004525923979110826
0.005400677410583493
-0.004749453526457776
0.023836600142897284
0.05898404779750413
0.06388774730298216
0.021536467504554267
0.09090093700178124
0.10500249257926374
0.008975850947130038
-0.011695519956129967
0.13250565857666435
-0.0033109265619312616
4.296838470909372
17.511244932695053
6.355448841223897
0.5778795533936811
0.5645228856044576
0.22612501591254322
0.022822129948964074
-0.09402569009590282
0.0632243916448523
0.0011274680605290657
0.020496352140031596
0.04276572970946719
0.051979628449782586
0.015184149942410005
0.028571142246546645
0.022002840489255812
0.004715013153737839
-0.018508102574519555
0.012260801810669512
0.00081963231983874
0.001654812772141784
0.007709983241172679
0.0138956495010162
-0.0012357934981133308
0.007085403123191761
0.009321054220636674
0.003311288681810885
-0.002620136568073359
0.008010401494540915
0.0004385278294101174
-0.0017905614895419562
0.002278388684142026
0.006690574155406305
-0.002551531868634456
0.003039678679897999
0.0052128721062169965
0.002875534515060325
-0.002764010394651282
0.006133197757694425
0.0006606038561814248
-0.002340774310499418
-0.0003030283905867744
0.0033976864364151887
-0.004019295517634974
0.0007678304470533285
0.0035140060933613834
0.002736801226168426
-0.002490795733299458
0.006156072727004616
0.0010017205563339457
-0.003267574611204245
-0.0010702635804995578
0.0014033736515360847
-0.0037335709386955144
-0.00004188948689434624
0.0013519262683502743
0.0018415738163801941
0.0017473124156622923
0.0014140643239801253
0.00038093852460804824
-0.0017233660891429216
-0.005553637931892902
0.00907757888336819
-0.0030759935169573207
-0.0011784416602113102
0.0031068017898391543
0.0027437156394461842
-0.0006578074068584849
0.003630426516401854
0.001295766700350989
-0.001826607389513007
-0.0033029507020288147
0.0013112438093590693
-0.0033253223921449328
-0.0014923899327185619
0.002367163631021925
0.0030128879713886346
-0.00022947190016682777
0.003726244471304644
0.0016197121292648314
-0.0018411325088213688
-0.0033095545651451366
0.0003827905366255005
-0.0036749063652047964
-0.0019617763970099546
0.001902020368778276
0.003012973057261634
-0.00024206519612691684
0.003662845278326934
0.0015777958493922546
-0.002222435866008227
-0.003896142622178979
-0.00035567929844507174
-0.00434268396662058
-0.0025762271681049787
0.0014783142507046243
0.002614875320002102
-0.0008816230152589756
0.0036682973840726557
0.0007168576100719159
-0.003416121980178803
-0.004899358899349004
-0.0008702771118664804
-0.006485442317448868
-0.0032103859569789146
0.0014805761184488097
0.0014343335277340625
-0.00445638772432012
0.003617505029636312
-0.002571082867257121
-0.008848711781879329
-0.008463397479448891
-0.00033393272323435603
-0.016242818837264358
-0.00606477802155435
0.0019227773388568504
-0.008381377811649613
-0.038590565304586044
0.009493503330888869
-0.062487905351386375
-0.11466116439106157
-0.07755005090398837
0.19399050619239627
-0.9693233557288409
24.648969815927984
0.1631654471810979
-0.07824564579155387
-0.13644777324999263
0.025328902407548287
-0.03614161621661482
-0.046828778755428506
-0.009995084384295411
0.02147667684722085
-0.0500278177921421
0.018237564678900756
0.010073342698828426
-0.0006507789649414322
-0.0047920796209871015
-0.007503186116807808
-0.007628426871747424
-0.0057722409890926946
-0.0016913634270532773
0.006775660745310012
-0.0045305886707450865
0.00047273867122888736
0.004749276043163109
0.0019137871219025672
-0.007899319365760651
0.003617676346855789
-0.0014029775664760053
-0.004550722038052334
-0.002832189403906047
0.0026553814774234958
-0.0042516993615184006
-0.0007324010973212431
0.0022133562949062167
0.0014310528449969701
-0.0031840577839114346
0.00294881315625999
0.000011905134827137102
-0.0030344758965293855
-0.0028225499698274776
0.0010432054747619927
-0.003727981951092127
-0.0012695379404261665
0.001724410066772642
0.0019732675682346064
-0.001487693970854635
0.0028241467164335453
0.0006653857744246031
-0.0022664947849315984
-0.0027451082697484766
0.0002599630324041853
-0.0034001666895041418
-0.001516655225027017
0.0013479557835795002
0.002138101967737033
-0.0008040507919126335
0.0027385255650827587
0.0009588324304556603
-0.0018763222722475335
-0.0027252378752367743
-0.000019837923437257755
-0.003168621568284951
-0.0016404858192554162
0.0012351831353320218
0.0021904358131306914
-0.0003261842576065712
0.002594061702145436
0.001188012693512524
-0.0016564463052132924
-0.0027177235152360956
-0.00031331943125832267
-0.003021118761444368
-0.0017376981600614415
0.001121405677316377
0.0022137326199558583
-0.00009592798307943943
0.002569416867460116
0.0013277940468265409
-0.0014781099808153157
-0.0026856947587578315
-0.0005841800931594554
-0.0028453952392708407
-0.0017539686497786834
0.0010190540032426485
0.00230586790963202
0.00004964382238737659
0.0025285357176534477
0.0014293132590846064
-0.001353702778275829
-0.0026568396219446458
-0.000587563090381032
-0.0028786096566145863
-0.0017722016755487887
0.001030907823854669
0.0023917263921195138
0.0002748307117890543
0.0025560237898724684
0.0016408898042160733
-0.0012827993195376013
-0.0027202944264898875
-0.0005747177861081542
-0.0028502586715372516
-0.0018605059581830996
0.0010317056407840902
0.002426922324300238
0.00032878327192057365
0.0026920299729722864
0.0016420700233946866
-0.0012101006537760383
-0.0026224530890625714
-0.0006652697734143213
-0.00268344486943686
-0.001817346099653907
0.0010269935380938272
0.0025119866994805073
0.0004955596859642805
0.002486634994794744
0.0017431060692984315
-0.001048191406220221
-0.0026337531827161946
-0.0006450135884049887
-0.002671567366570479
-0.0018783037154825404
0.0009603342112261435
0.0024845264972973022
0.0005947583604706364
0.0024315403950467256
0.0016722415585938974
-0.0010506267923040427
-0.002654027573291114
-0.0008245371168970945
-0.0026022983766607454
-0.001918676498620438
0.0008662763788413406
0.0026327197028941565
0.0006048851642322636
0.002507312711290574
0.001950918313099136
-0.00094457722067741
-0.002752655122377886
-0.0008456104960229677
-0.002637173935569839
-0.0019415549834069519
0.0008096001974817864
0.002703458090723958
0.0008602195536249409
0.0024175592182808345
0.0018339203991561697
-0.0008951803221074108
-0.0026841403601255607
-0.0008551885533370906
-0.002423430483874136
-0.0019704695047847633
0.0007773289762458392
0.0026093358107139057
0.0008205645655732665
0.002619829975191741
0.001989242968800302
-0.0008501327549113133
-0.0027747516415570547
-0.0009887322141890523
-0.0026197247924619584
-0.0019710629464879123
0.0008229243758067613
0.0027705680317400773
0.0009328287474008423
0.0024620949619241664
0.0020602381030939677
-0.0008027271198701215
-0.0027675586806966313
-0.0013042126466023382
-0.002623200091644034
-0.002049868345497093
0.0007018547481489807
0.0026858971941679556
0.0011130628853797152
0.0026550917735920117
0.002122191301273379
-0.000772208037691702
-0.002853542611656417
-0.0010917917157401635
-0.0025351223278243283
-0.002400280224067518
0.0006758638208834255
0.002591996655834757
0.0008918691360985897
0.0023039227822770052
0.0018875046227104246
-0.0008844834033178727
-0.0026690595428917213
-0.0010040534524430025
-0.0025220442810743866
-0.001975548638313602
0.0007572172584490734
0.002411335840703274
0.0009172711128704066
0.0024710281507719046
0.0021495084739361387
-0.000921110008651132
-0.0027115076167545083
-0.001161554803832839
-0.0023805568303153666
-0.002048858300806073
0.0007051744848233477
0.0025917153738423005
0.000996320230239997
0.00237901343276486
0.0020225591256483578
-0.0007963483131677662
-0.002744022353909103
-0.0011445851549840738
-0.0024430151806782464
-0.00196082872932316
0.0007689970177716977
0.002753666554545537
0.0010625884240923335
0.0025002361131412866
0.0019580038238500973
-0.0007076052704610204
-0.0025479022450080745
-0.0008917700836584429
-0.002518819885893291
-0.0018966439653808267
0.0007467113550644264
0.0027474208148216936
0.0010263164160615411
0.002390313887844479
0.0018530237991278569
-0.0008796744218612622
-0.00265204925096931
-0.0009131102448771737
-0.002509072650256824
-0.0021426642207535472
0.0008665428218328297
0.0025971250403932543
0.0008448882712059889
0.002509717293280683
0.001962955376285884
-0.0008576258631335691
-0.0028132086538908163
-0.000872065029825533
-0.0024600762353899886
-0.0020066245141417993
0.0008240764490961064
0.0024863521412032603
0.0010158406689599806
0.0024172602679178464
0.0021712621939823074
-0.0007777385207643188
-0.002693028386480698
-0.0011486288316007007
-0.0023779226370188753
-0.002045150004658016
0.0007131875296215824
0.002722786745471803
0.0011272949424720711
0.0024944209379425676
0.0018050810084598821
-0.0007199423740796118
-0.002428345944991752
-0.0011737623869420624
-0.002349195660398394
-0.001957960285575055
0.0007075658077748075
0.00271852640587014
0.0011067942876970777
0.0024685039191999327
0.0020481360789069577
-0.0006892490354161256
-0.0028368090213263695
-0.0011568576064653715
-0.0023634723038627463
-0.002124090699337409
0.0007389456889327811
0.0028704590388859497
0.00105815568199727
0.0024780532761432073
0.002288474894956906
-0.0006045743273083164
-0.0028020634143184095
-0.0011729141036786286
-0.0025512091511568275
-0.0019717639055087987
0.0006672367452074095
0.00272060926525572
0.0012031088445014226
0.0023869750732525633
0.0020019631595779483
-0.0006493899417338743
-0.0027323940620156122
-0.0011064163330109919
-0.002365701955096995
-0.0022565467764903042
0.0007047398344960554
0.0026629503943651107
0.0012963428832775121
0.0025568448046390012
0.0019862751446746672
-0.0006732842811550877
-0.002610474128765011
-0.0012418007600010787
-0.002459087018970606
-0.0020985403604410293
0.0007036266700534595
0.0025462736432177026
0.0011945018239773876
0.0023528441595906716
0.002308485005390365
-0.0006183689182191757
-0.0028712902519614472
-0.00119395470640001
-0.00244029268815903
-0.002389375215763913
0.0005930716496155572
0.002797699827818446
0.001272283360053803
0.002451854871369848
0.002115436841702131
-0.0006736334915607814
-0.0027864974593125825
-0.0012850696225276596
-0.002493879921601864
-0.0021425652990475796
0.0005977492946480234
0.002743910076837407
0.001100995578569913
0.0026246463167296616
0.0023155778380571646
-0.0006237937225363856
-0.0028087031437935847
-0.001199030955457817
-0.0024297334944087686
-0.0022174707833598714
0.0006411805792785773
0.0026188670507775254
0.0012472345869395907
0.0024959758400791535
0.002140352356693005
-0.0005769357120489948
-0.002644792552405706
-0.0012440551732104226
-0.002344805580737024
-0.002065932096260122
0.0006021154056630004
0.0027498844377141824
0.0010196958612559443
0.0023355774722276226
0.002233807020631218
-0.0005927159063604649
-0.0026769026374031976
-0.0013358556976485745
-0.00234674793067225
-0.0022361909535947456
0.000654920534821673
0.0023778020070159616
0.0013554495026316376
0.0022665818407315874
0.0022419643050132837
-0.0006256406210502385
-0.002578018374274457
-0.0012853601734297147
-0.002341746442849529
-0.002301313210815387
0.000594692174916127
0.002909316574004016
0.0012213616076258498
0.002417561714341956
0.0021671045408537203
-0.0006281223908059006
-0.0029241600539856947
-0.0013088998966539556
-0.0024458026279540923
-0.002073262614847448
0.0006015562549076735
0.0025586709013412437
0.0012590689461285769
0.0024163065129415386
0.0021430820221460807
-0.0006462321369638382
-0.002576084678611495
-0.001109341777326603
-0.002211251861303561
-0.0021786217885899468
0.0005982134356405295
0.0026092230012796044
0.0011981266645588642
0.0023355496856558074
0.0021182453353605192
-0.0006342938176811273
-0.00256844771072285
-0.0011714784412936818
-0.0023073611884341814
-0.0021514846596466003
0.0005921859931683301
0.0025894324072734862
0.0012824126185628
0.0023582504771095794
0.0021862216324264622
-0.0006077574154244351
-0.0025748828949930746
-0.0011499605642172179
-0.0022968168214935205
-0.002013216618833585
0.0005710624330246023
0.0026037873391127763
0.0011983260755939248
0.0022833861147811435
0.0021664286710631193
-0.000576855160200804
-0.0025636451413146065
-0.0012684058226291152
-0.0022595006585297522
-0.002001940929914748
0.000570296363453689
0.002558061193444105
0.0012133363239462834
0.002266943965674376
0.0019975563103661505
-0.0005824039110292062
-0.0025596342511708427
-0.0012407898162153364
-0.0022353387524159892
-0.0020054095319805175
0.000560319462482941
0.002590674102323658
0.0012478466232653373
0.00217166847655141
0.0020887186952103366
-0.0005706439095549354
-0.002553908454192283
-0.0012386690348310787
-0.0021661891976695194
-0.002135375779940189
0.0005307801660464626
0.002467457883297242
0.0011897020374369586
0.0022040703772780623
0.0021602770220260424