-1.0568678822772825e-14
-1.9017113014210273e-9
-6.70449084944273e-8
-9.333800136134758e-7
-0.000019593253094613532
-0.00010965251595327832
-0.000019464301789693627
-0.000011860297822556366
-9.70703235747597e-6
-8.930090139813385e-6
-8.691084388747736e-6
-8.716400034893082e-6
-8.891738309423357e-6
-9.161287043096085e-6
-9.49469271468459e-6
-9.874101712986111e-6
-0.000010288376478454311
-0.00001073025045225419
-0.00001119481784388567
-0.000011678681196882707
-0.000012179445288681729
-0.000012695403656605054
-0.000013225337332497838
-0.00001376838158022251
-0.00001432393528358736
-0.00001489159789910351
-0.00001547112470322997
-0.000016062394472100797
-0.00001666538579229407
-0.00001728015948038479
-0.00001790684540362237
-0.000018545632523903625
-0.000019196761339127268
-0.000019860518133965786
-0.000020537230615756767
-0.000021227264625558207
-0.000021931021695477172
-0.000022648937281613187
-0.000023381479544306003
-0.000024129148578671785
-0.00002489247602159117
-0.000025672024978905874
-0.00002646839022998177
-0.000027282198677041663
-0.00002811411001480816
-0.00002896481760234589
-0.000029835049524083305
-0.000030725569831192155
-0.00003163717995795017
-0.00003257072031062047
-0.00003352707202888996
-0.00003450715892215596
-0.000035511949584912844
-0.0000365424596974101
-0.00003759975451946181
-0.00003868495158701172
-0.00003979922362282877
-0.000040943801674330467
-0.00004211997849342826
-0.00004332911217500851
-0.00004457263007284246
-0.000045852033013566355
-0.0000471688998318808
-0.00004852489225241561
-0.00004992176014649454
-0.000051361347194916614
-0.00005284559699111222
-0.00005437655962265749
-0.00005595639877299114
-0.00005758739938960052
-0.000059271975969846866
-0.00006101268152089414
-0.00006281221725637956
-0.0000646734430990863
-0.0000665993890665024
-0.00006859326762455633
-0.00007065848710429914
-0.0000727986662870319
-0.00007501765027524858
-0.0000773195277804487
-0.00007970864997401603
-0.00008218965106472937
-0.00008476747078599698
-0.0000874473789981431
-0.00009023500263627654
-0.00009313635526307345
-0.00009615786951850182
-0.00009930643279598866
-0.0001025894265173947
-0.0001060147694282819
-0.00010959096539139465
-0.00011332715622127087
-0.00011723318017793566
-0.00012131963682409558
-0.00012559795905085628
-0.00013008049319337655
-0.00013478058829350387
-0.00013971269572465986
-0.00014489248057913102
-0.00015033694643473114
-0.0001560645753725501
-0.00016209548541766755
-0.00016845160792948398
-0.000175156887888554
-0.00018223751052639175
-0.00018972215834029687
-0.00019764230324723306
-0.00020603253948564546
-0.00021493096390258896
-0.00022437961150682307
-0.00023442495567567575
-0.0002451184842389006
-0.00025651736490488647
-0.00026868521624748
-0.00028169300386380995
-0.0002956200855140036
-0.0003105554342786673
-0.0003265990753020701
-0.0003438637798961071
-0.0003624770711497739
-0.0003825836083614755
-0.0004043480344484526
-0.00042795839213869677
-0.0004536302427784884
-0.0004816116581208311
-0.0005121893034253838
-0.0005456958936656242
-0.0005825193892963515
-0.000623114411944233
-0.0006680165150641058
-0.0007178601567086356
-0.0007734015154515117
-0.0008355477022808147
-0.0009053945051376613
-0.0009842756412992803
-0.0010738277137839342
-0.0011760768724863272
-0.0012935558910971477
-0.0014294645136960907
-0.0015878923796492064
-0.0017741341052918901
-0.001995142822227773
-0.0022601964018666987
-0.00258189859174173
-0.002977722434585557
-0.0034724599118650472
-0.004102241668183913
-0.004921392762743837
-0.006014666832789414
-0.007520286577840277
-0.009676262908281127
-0.01292135835708046
-0.018139086659103982
-0.027333916646796432
-0.045902352435993124
-0.09287928775556613
-0.28016063622847415
-4.143967058061294
-1.1935582533874245
-0.18440975231295142
-0.07107786382445727
-0.037229356035161164
-0.022783033187312843
-0.015320309797460513
-0.010973907242820458
-0.00822440041309379
-0.00637657110296625
-0.005075895108503996
-0.004126251367467103
-0.003412032196315944
-0.002861523850534101
-0.002428337077724875
-0.0020813934327853483
-0.0017992425291498998
-0.0015666950677309887
-0.0013727529643872715
-0.0012092955546984523
-0.0010702220502976322
-0.0009508778140641748
-0.0008476620010311695
-0.000757753906285001
-0.0006789186969205836
-0.0006093672709557411
-0.0005476536769263925
-0.000492599019339948
-0.0004432343165110506
-0.0003987571039918106
-0.0003584981318091371
-0.00032189555945860015
-0.0002884747798777056
-0.0002578325114148755
-0.0002296241558302991
-0.00020355367717721302
-0.00017936544212657888
-0.00015683759797423258
-0.00013577666464395735
-0.00011601309147731687
-0.00009739758550254215
-0.00007979806016625236
-0.00006309708574705413
-0.00004718974741546951
-0.00003198183602671115
-0.000017388311597600122
-3.331991048722622e-6
0.000010257579068865516
0.000023445096920074593
0.00003629035313453117
0.0000488489737238666
0.00006117307629323557
0.00007331185475902112
0.00008531210545636615
0.00009721870566210738
0.00010907505408352667
0.00012092348170455495
0.000132805640488371
0.00014476287676551663
0.00015683659566792085
0.00016906862267303607
0.00018150156819388133
0.00019417920117711097
0.00020714683785647182
0.0002204517521564402
0.00023414361476543574
0.00024827496861510955
0.000262901749443988
0.0002780838613226637
0.00029388581852505397
0.00031037746700720767
0.0003276348010814527
0.00034574089375591713
0.0003647869627753088
0.00038487359882284514
0.00040611218784461376
0.0004286265663176522
0.00045255495688256557
0.0004780522425710243
0.0005052926515365457
0.0005344729415751652
0.0005658161959422927
0.00059957637054841
0.0006360437696054145
0.0006755516750062157
0.0007184844180030966
0.0007652872654677989
0.0008164786046553906
0.0008726650605698974
0.0009345603838823581
0.001003009226800924
0.001079017311345485
0.0011637900365859663
0.0012587823397382865
0.001365763729010462
0.0014869040114435517
0.0016248876104643993
0.0017830679279277205
0.001965678644102767
0.002178127317843807
0.002427410115023533
0.0027227084034266193
0.003076264521837205
0.0035046968228808063
0.004031025382911483
0.004687884221746747
0.0055227870631359794
0.006607097989317026
0.00805201867406212
0.010038650777522333
0.012878320636878878
0.01714377490655994
0.023985335302812022
0.03600372734749885
0.06016557541150532
0.1208423886847933
0.3588382144373031
4.827913702350441
1.6910965850297717
0.25013911846600007
0.09534389677208521
0.049680602461820864
0.030314233139872457
0.020350290547244958
0.01456436290552169
0.010912981952236596
0.008464119847259512
0.006743640115387505
0.0054897586057983845
0.004548407605439067
0.0038241459942732763
0.003255309503554848
0.0028006300349774425
0.002431651753974241
0.002128242679064269
0.0018758381098925158
0.001663692516037476
0.0014837394231453384
0.0013298292025426
0.001197208167123258
0.0010821554973859712
0.000981725647397011
0.0008935626281872517
0.0008157641419324593
0.0007467808501328487
0.0006853407702869744
0.0006303918892247986
0.0005810581478099811
0.0005366053540937009
0.0004964145476222088
0.00045996101153322473
0.00042679760535872574
0.00039654143201951157
0.00036886309869139326
0.00034347801102386436
0.0003201392727732256
0.0002986318615584215
0.00027876782547265895
0.0002603823012795137
0.00024333019760150036
0.00022748341927527428
0.00021272853436998161
0.00019896480507009518
0.00018610251904124415
0.0001740615700414681
0.00016277024615112324
0.00015216419164575045
0.0001421855146570409
0.00013278201768727706
0.00012390653201540484
0.00011551634025754069
0.00010757267396992344
0.00010004027533094497
0.00009288701370297218
0.00008608354932878528
0.00007960303762120558
0.00007342086850202084
0.00006751443608064052
0.0000618629346552421
0.000056447177604751256
0.00005124943622850811
0.00004625329600347626
0.00004144352807936053
0.00003680597412639263
0.00003232744290347008
0.0000279956171276724
0.000023798969409281274
0.000019726686172702036
0.00001576859861783111
0.000011915119890860052
8.157187732693205e-6
4.4862119578569504e-6
8.940261898267505e-7
-2.627156658210729e-6
-6.084785614386201e-6
-9.486010001423408e-6
-0.00001283771528269315
-0.000016146556737946717
-0.00001941899127636031
-0.000022661307670147154
-0.00002587965547214727
-0.00002908007286348584
-0.00003226851366502632
-0.000035450873735493286
-0.000038633016972596256
-0.0000418208011290033
-0.00004502010365320626
-0.00004823684776740448
-0.000051477028997372214
-0.00005474674237741376
-0.00005805221056252071
-0.00006139981309364202
-0.0000647961170783296
-0.00006824790956980801
-0.00007176223195242697
-0.0000753464166710733
-0.00007900812667751132
-0.00008275539800814229
-0.00008659668595644647
-0.00009054091536057702
-0.00009459753559365554
-0.00009877658092200706
-0.00010308873698914158
-0.00010754541428998193
-0.00011215882962572782
-0.00011694209667809543
-0.00012190932701543024
-0.00012707574304842285
-0.00013245780469617617
-0.00013807335181068847
-0.00014394176474971657
-0.0001500841458951028
-0.0001565235254005656
-0.00016328509503599076
-0.00017039647469790296
-0.00017788801700175294
-0.00018579315639901845
-0.0001941488105082592
-0.00020299584287302374
-0.00021237959822450924
-0.00022235052362385699
-0.0002329648916972131
-0.0002442856457024452
-0.00025638339056537345
-0.00026933755954090637
-0.00028323779311188794
-0.0002981855755590084
-0.0003142961858843713
-0.0003317010342051731
-0.0003505504733742916
-0.0003710171998203883
-0.0003933003893362529
-0.0004176307554196271
-0.00044427677346384827
-0.0004735523887984945
-0.0005058266276841627
-0.000541535668513131
-0.0005811981211655561
-0.0006254345285810665
-0.0006749924802974218
-0.0007307792647664042
-0.0007939047653645912
-0.0008657384488128886
-0.0009479860026182085
-0.0010427937721256908
-0.001152893161259789
-0.0012818034981080635
-0.0014341220980004208
-0.001615947187770931
-0.0018355081490102872
-0.002104128026726526
-0.0024377348746342
-0.00285931139649869
-0.0034030134565281294
-0.004121396721985435
-0.0050987548975868794
-0.006477283230849785
-0.008512384882218355
-0.01170114983176875
-0.017119973121667492
-0.02747528132118619
-0.05130344970850302
-0.12859403876088368
-0.7506705547277425
-4.082760950860354
-0.2171793614878288
-0.06894405546781714
-0.0332857602885897
-0.019484888542916676
-0.012747264677251373
-0.008965897062508768
-0.00663590638558605
-0.005100600928661265
-0.0040364563337420035
-0.003269148237283896
-0.0026980304947921852
-0.0022617133170989554
-0.001921035899946349
-0.0016500691456270496
-0.0014310957633227976
-0.0012516786371157462
-0.0011028808153740214
-0.0009781478328857647
-0.0008725850647360667
-0.0007824782974863074
-0.0007049683062794747
-0.0006378254110791253
-0.0005792904033154944
-0.000527960426526933
-0.0004827058643680335
-0.00044260897321537427
-0.0004069179960695023
-0.00037501245256635763
-0.0003463766008936932
-0.00032057894590949566
-0.0002972562699096231
-0.0002761010809660888
-0.0002568516683523024
-0.0002392841644484559
-0.00022320616372191975
-0.00020845155945495517
-0.0001948763398139626
-0.00018235514489827346
-0.00017077843134225712
-0.00016005012495312956
-0.00015008566764841504
-0.00014081038470800642
-0.00013215811358661473
-0.0001240700473582969
-0.00011649375510341827
-0.00010938234880634776
-0.00010269377207081638
-0.00009639019051549934
-0.00009043746735299004
-0.00008480471057410231
-0.00007946388051317475
-0.00007438944847411076
-0.00006955809864461422
-0.0000649484667882989
-0.000060540910236330875
-0.00005631730454772552
-0.000052260862903748805
-0.000048355974875347115
-0.000044588061675159704
-0.000040943445394139746
-0.00003740923004302345
-0.00003397319247856341
-0.00003062368150647857
-0.000027349523619834702
-0.000024139933962830316
-0.000020984431205648016
-0.00001787275508117213
-0.000014794785370352866
-0.00001174046112897074
-8.699698926230623e-6
-5.6623088112709445e-6
-2.6179066363394344e-6
4.441787602811341e-7
3.535005177157817e-6
6.666125364152711e-6
9.849706194878865e-6
0.000013098661219032966
0.00001642679956223572
0.00001984899469971333
0.000023381377330773664
0.000027041557457591892
0.00003084888187678472
0.0000348247346842654
0.000038992890158305454
0.000043379929632692026
0.0000480157368470108
0.00005293408996299648
0.000058173373232343225
0.00006377743755514283
0.00006979664738562188
0.00007628916231540859
0.00008332251617550849
0.00009097557602651189
0.00009934098992994586
0.00010852826877036258
0.00011866769781050767
0.00012991534430493605
0.00014245952768056022
0.0001565292626922737
0.0001724053955287717
0.00019043546261756942
0.00021105376722101857
0.00023480888031921223
0.0002624018808613579
0.00029474041458994624
0.00033301652349634593
0.0003788209974076366
0.00043431524841180193
0.0005024963460654385
0.0005876177731077048
0.0006958800428543589
0.0008366088975981251
0.0010243584560745756
0.0012828733720026888
0.0016530570735512923
0.0022103477825988847
0.003106732367973069
0.004687252213519258
0.007881610614683425
0.015973016751311072
0.04830192058831475
0.718982468761756
0.20274480988294094
0.031614523870607474
0.012220725866980312
0.006414349085483527
0.003933011998134837
0.0026501077504502805
0.0019024848982803983
0.0014293566167783967
0.0011113156650754143
0.0008874359773687862
0.0007239970771083192
0.0006011131304316317
0.0005064437473281045
0.0004320034906979072
0.00037244076864723476
0.0003240607912740826
0.00028424650898523914
0.00025110253015468026
0.00022322904806375683
0.00019957424111443194
0.00017933550026737733
0.00016189186510546304
0.0001467568909411032
0.00013354518185609978
0.00012194824359313529
0.00011171680513930207
0.00010264770260960561
0.00009457402840828527
0.00008735764907520612
0.00008088346288821976
0.00007505495004732089
0.00006979069349278161
0.00006502163585898677
0.00006068889990360777
0.000056742043992798804
0.00005313765622145071
0.00004983821412848452
0.000046811154216189565
0.00004402810832283722
0.00004146427353752113
0.000039097889641502985
0.00003690980362323868
0.000034883105086713025
0.00003300281967635859
0.0000312556502130249
0.00002962975724880697
0.000028114572334292483
0.00002670063854778195
0.00002537947383614049
0.00002414345351728178
0.000022985708937938333
0.000021900039800379064
0.000020880838093771076
0.000019923021909781998
0.000019021977703541018
0.000018173509792248773
0.000017373796074462523
0.000016619349110924202
0.000015906981838863294
0.000015233777300993548
0.000014597061861745699
0.000013994381459917504
0.000013423480511354927
0.000012882283129673172
0.000012368876379050665
0.000011881495312149194
0.000011418509579441247
0.000010978411424549581
0.000010559804904416227
0.000010161396193879499
9.781984852069297e-6
9.42045594337782e-6
9.075772919013457e-6
8.746971176600654e-6
8.433152225219055e-6
8.133478391880815e-6
7.847168012956398e-6
7.573491060591135e-6
7.311765159850743e-6
7.061351957346689e-6
6.821653806445629e-6
6.592110738021428e-6
6.372197689083928e-6
6.161421964583637e-6
5.959320910327624e-6
5.765459777250212e-6
5.579429759336428e-6
5.400846189314908e-6
5.229346877844798e-6
5.064590583361993e-6
4.90625560101323e-6
4.754038460257228e-6
4.607652721712915e-6
4.466827864748666e-6
4.331308258109287e-6
4.200852206611932e-6
4.075231067583252e-6
3.9542284312989455e-6
3.837639360208948e-6
3.725269682208502e-6
3.6169353336302922e-6
3.5124617480274837e-6
3.41168328715569e-6
3.3144427108768067e-6
3.220590682990952e-6
3.12998531025674e-6
3.0424917120947234e-6
2.9579816186751707e-6
2.8763329952860738e-6
2.7974296910493667e-6
2.7211611102091227e-6
2.647421904362677e-6
2.5761116841336417e-6
2.5071347489062723e-6
2.4403998333496985e-6
2.3758198695592355e-6
2.3133117637332166e-6
2.252796186387747e-6
2.194197375185932e-6
2.137442949530762e-6
2.08246373613113e-6
2.0291936048137667e-6
1.977569313902079e-6
1.9275303645388927e-6
1.879018863368756e-6
1.8319793930439243e-6
1.786358890051283e-6
1.7421065293966531e-6
1.699173615713896e-6
1.657513480396952e-6
1.6170813843808486e-6
1.577834426223382e-6
1.5397314551634097e-6
1.5027329888528428e-6
1.466801135481005e-6
1.4318995200275529e-6
1.3979932143991039e-6
1.3650486712194782e-6
1.3330336610597673e-6
1.3019172129073196e-6
1.2716695576866882e-6
1.2422620746566314e-6
1.2136672405193378e-6
1.1858585810877426e-6
1.158810625366909e-6
1.1324988619144493e-6
1.106899697353015e-6
1.0819904169159579e-6
1.0577491469146321e-6
1.0341548190224664e-6
1.0111871362770444e-6
9.888265407082014e-7
9.670541825042201e-7
9.458518906350403e-7
9.252021448550195e-7
9.050880490127439e-7
8.854933055996615e-7
8.664021914731001e-7
8.477995346930792e-7
8.296706924157715e-7
8.120015297894801e-7
7.947783998026107e-7
7.779881240352188e-7
7.616179742690823e-7
7.456556549134588e-7
7.300892862058381e-7
7.149073881498132e-7
7.000988651536037e-7
6.856529913353476e-7
6.715593964624922e-7
6.578080524950617e-7
6.44389260703508e-7
6.312936393339678e-7
6.185121117947454e-7
6.060358953396122e-7
5.938564902244071e-7
5.819656693149581e-7
5.70355468125277e-7
5.590181752661981e-7
5.479463232855094e-7
5.371326798817499e-7
5.265702394745891e-7
5.16252215115639e-7
5.061720307244674e-7
4.963233136350449e-7
4.866998874389719e-7
4.772957651121114e-7
4.6810514241234684e-7
4.591223915362658e-7
4.5034205502365486e-7
4.4175883989897e-7
4.3336761203941344e-7
4.2516339075999575e-7
4.1714134360614365e-7
4.092967813450429e-7
4.016251531472871e-7
3.941220419507152e-7
3.867831599988281e-7
3.79604344546427e-7
3.725815537254732e-7
3.6571086256458146e-7
3.589884591557432e-7
3.524106409621693e-7
3.4597381126160234e-7
3.3967447571943183e-7
3.335092390864169e-7
3.274748020159475e-7
3.215679579960409e-7
3.157855903914622e-7
3.1012466959158933e-7
3.045822502597836e-7
2.9915546868028796e-7
2.938415401987951e-7
2.8863775675298294e-7
2.8354148448954284e-7
2.7855016146430245e-7
2.736612954222411e-7
2.688724616543031e-7
2.6418130092804374e-7
2.5958551748933453e-7
2.550828771323469e-7
2.50671205335273e-7
2.463483854592701e-7
2.4211235700827463e-7
2.3796111394736276e-7
2.3389270307751084e-7
2.2990522246462317e-7
2.259968199208397e-7
2.2216569153618194e-7
2.184100802586767e-7
2.1472827452120148e-7
2.1111860691332635e-7
2.0757945289653737e-7
2.0410922956124054e-7
2.007063944240732e-7
1.973694442640488e-7
1.9409691399614452e-7
1.9088737558101144e-7
1.8773943696953102e-7
1.8465174108093145e-7
1.8162296481333857e-7
1.7865181808560407e-7
1.7573704290929823e-7
1.7287741248982722e-7
1.7007173035566433e-7
1.6731882951472078e-7
1.6461757163690753e-7
1.6196684626200059e-7
1.5936557003194982e-7
1.5681268594675574e-7
1.5430716264317328e-7
1.5184799369540825e-7
1.494341969371118e-7
1.470648138039203e-7
1.4473890869586909e-7
1.4245556835901826e-7
1.4021390128563401e-7
1.3801303713231852e-7
1.358521261555035e-7
1.3373033866371263e-7
1.316468644860633e-7
1.2960091245646317e-7
1.2759170991298465e-7
1.2561850221194183e-7
1.23680552256172e-7
1.2177714003707487e-7
1.1990756218996478e-7
1.1807113156229595e-7
1.1626717679437284e-7
1.1449504191212152e-7
1.127540859315552e-7
1.1104368247455358e-7
1.0936321939560165e-7
1.0771209841915123e-7
1.060897347872479e-7
1.0449555691713051e-7
1.0292900606847634e-7
1.0138953601998623e-7
9.98766127550364e-8
9.838971415609916e-8
9.692832970768598e-8
9.549196020751103e-8
9.408011748567808e-8
9.269232413158825e-8
9.132811322838075e-8
8.99870280946463e-8
8.866862203320995e-8
8.737245808676253e-8
8.60981088001388e-8
8.484515598904327e-8
8.361319051501986e-8
8.24018120664964e-8
8.121062894571584e-8
8.003925786136977e-8
7.888732372678205e-8
7.775445946346998e-8
7.664030580992693e-8
7.554451113547054e-8
7.446673125901428e-8
7.340662927261187e-8
7.236387536964494e-8
7.133814667750832e-8
7.03291270946753e-8
6.933650713200368e-8
6.835998375817232e-8
6.739926024912117e-8
6.645404604138888e-8
6.552405658922914e-8
6.46090132254016e-8
6.370864302553355e-8
6.2822678675954e-8
6.195085834489465e-8
6.10929255569724e-8
6.02486290708555e-8
5.941772276002692e-8
5.859996549655501e-8
5.779512103779611e-8
5.700295791593463e-8
5.622324933029874e-8
5.545577304236055e-8
5.4700311273353947e-8
5.395665060443794e-8
5.3224581879335585e-8
5.2503900109378535e-8
5.1794404380896e-8
5.109589776488109e-8
5.040818722887421e-8
4.973108355100279e-8
4.906440123612318e-8
4.840795843400066e-8
4.77615768594802e-8
4.712508171459279e-8
4.649830161254117e-8
4.5881068503524513e-8
4.527321760234239e-8
4.4674587317738654e-8
4.4085019183437555e-8
4.350435779082432e-8
4.293245072323433e-8
4.236914849179709e-8
4.181430447280875e-8
4.1267774846581026e-8
4.07294185377343e-8
4.019909715689808e-8
3.967667494377792e-8
3.916201871155909e-8
3.865499779260531e-8
3.815548398543028e-8
3.766335150289707e-8
3.7178476921622354e-8
3.670073913255207e-8
3.623001929267875e-8
3.576620077787209e-8
3.53091691367936e-8
3.485881204586749e-8
3.441501926528645e-8
3.397768259601673e-8
3.354669583778642e-8
3.3121954748028595e-8
3.2703357001753394e-8
3.229080215233195e-8
3.188419159316175e-8
3.1483428520199305e-8
3.108841789533237e-8
3.069906641057555e-8
3.031528245306579e-8
2.993697607084e-8
2.9564058939376652e-8
2.919644432887785e-8
2.883404707228042e-8
2.8476783533973422e-8
2.8124571579207225e-8
2.7777330544174805e-8
2.743498120675544e-8
2.7097445757894225e-8
2.6764647773613476e-8
2.6436512187632476e-8
2.6112965264586152e-8
2.5793934573824248e-8
2.5479348963780664e-8
2.5169138536898414e-8
2.4863234625094646e-8
2.4561569765757393e-8
2.426407767825616e-8
2.397069324095962e-8
2.3681352468744243e-8
2.3395992490984862e-8
2.3114551530014116e-8
2.2836968880042094e-8
2.2563184886522054e-8
2.2293140925955826e-8
2.202677938612594e-8
2.1764043646744376e-8
2.1504878060510803e-8
2.1249227934568264e-8
2.0997039512349013e-8
2.074825995579933e-8
2.0502837327977708e-8
2.026072057601517e-8
2.0021859514430495e-8
1.9786204808792194e-8
1.95537079597199e-8
1.9324321287216373e-8
1.9097997915323184e-8
1.887469175709285e-8
1.8654357499870946e-8
1.843695059087861e-8
1.8222427223092722e-8
1.8010744321413434e-8
1.7801859529114338e-8
1.759573119456917e-8
1.7392318358248032e-8
1.7191580739977602e-8
1.6993478726459447e-8
1.67979733590409e-8
1.6605026321731387e-8
1.641459992946257e-8
1.6226657116582253e-8
1.6041161425579485e-8
1.585807699603656e-8
1.5677368553800676e-8
1.5499001400371804e-8
1.5322941402502257e-8
1.5149154982002123e-8
1.497760910574797e-8
1.4808271275888373e-8
1.46411095202436e-8
1.4476092382893809e-8
1.431318891495375e-8
1.4152368665527485e-8
1.3993601672841477e-8
1.38368584555504e-8
1.3682110004213491e-8
1.3529327772936922e-8
1.3378483671178335e-8
1.322955005571178e-8