0.20000014159722318
0.2000172569940104
0.20006439079733354
0.20014906631934828
0.20032645228791351
0.20009300093760815
0.2003653839770697
0.20055554216261684
0.20075531469066926
0.20097531691635784
0.20121844982987455
0.20148589254418797
0.20177827139265805
0.20209599757805335
0.2024393899051826
0.20280872687093804
0.20320427143846945
0.20362628392470136
0.2040750292291842
0.20455078117326148
0.20505382527939398
0.20558446067103966
0.20614300146019532
0.20672977782990845
0.20734513693359719
0.20798944368541172
0.20866308148840312
0.20936645293093326
0.2100999804717792
0.21086410712815998
0.21165929717695262
0.2124860368768061
0.21334483521720382
0.21423622469944023
0.21516076215377886
0.2161190295966258
0.2171116351312891
0.2181392138957709
0.2192024290610035
0.22030197288297437
0.2214385678122794
0.22261296766478061
0.22382595885721868
0.2250783617118445
0.2263710318343729
0.227704861569839
0.2290807815412399
0.23049976227618282
0.23196281592712625
0.23347099809120964
0.23502540973610136
0.2366271992387792
0.23827756454467905
0.2399777554552155
0.24172907605229918
0.243532887269152
0.2453906096174543
0.24730372608166315
0.24927378519221652
0.2513024042902921
0.2533912729978337
0.25554215690770726
0.2577569015100869
0.26003743637255367
0.26238577959288273
0.2648040425451471
0.2672944349415761
0.2698592702345964
0.2725009713856788
0.27522207703002527
0.2780252480687956
0.28091327472351707
0.28388908409056973
0.286955748237239
0.2901164928848174
0.2933747067286559
0.2967339514499845
0.30019797247977703
0.3037707105810268
0.3074563143225718
0.3112591535251886
0.3151838337691294
0.31923521206175537
0.3234184137745412
0.32773885097064687
0.33220224225766387
0.3368146343152425
0.3415824252643381
0.3465123900640562
0.35161170814385123
0.3568879935035237
0.36234932754149374
0.3680042949037222
0.37386202268201485
0.37993222333196686
0.3862252417283138
0.3927521068299645
0.39952458848958244
0.4065552600147138
0.413857567170682
0.42144590441177476
0.42933569923892
0.4375435057118898
0.4460871082954124
0.45498563739543935
0.464259698149089
0.47393151427541813
0.48402508908130215
0.49456638605624903
0.5055835318926969
0.5171070452476269
0.529170095133648
0.5418087935136787
0.5550625274984453
0.5689743375424808
0.5835913492425092
0.5989652678132732
0.615152946115191
0.6322170393191235
0.6502267620232007
0.6692587670242258
0.6893981691723416
0.7107397430399061
0.7333893298269821
0.7574654974231043
0.7831015084063515
0.8104476647401003
0.8396741160528254
0.8709742420691501
0.904568750961696
0.9407106768620416
0.9796915154019714
1.0218488115404596
1.0675756171793178
1.117332379113809
1.1716620185098954
1.2312092483273909
1.2967455864819841
1.3692021252517177
1.4497130157580145
1.5396739906708408
1.6408223636180834
1.755348299384322
1.8860526091762708
2.0365754665015845
2.2117362422178295
2.4180529915068982
2.664563098484697
2.964170547772961
3.3359613139050937
3.8094088998961344
4.4325536827516006
5.289355491752666
6.540980973259736
8.54103791025119
12.24500956448284
21.4389798487027
83.05158925965594
-44.99992757914658
-17.85253121348512
-11.186852430517911
-8.174129471466399
-6.458042661134437
-5.350214335016
-4.576285177374144
-4.005340461841267
-3.5670005366099535
-3.2200575300693948
-2.938780448488138
-2.706273076345215
-2.5109821371848944
-2.344740267736361
-2.201610476237962
-2.077173606392532
-1.9680725644242167
-1.871711479939795
-1.7860516501677453
-1.7094697909945094
-1.640657474435308
-1.578548436292478
-1.5222651409685433
-1.471078903847738
-1.4243797213957747
-1.3816531598463966
-1.3424624485744723
-1.3064344606461504
-1.2732486309313495
-1.2426281183902357
-1.2143327001358457
-1.1881530144012937
-1.1639058633635786
-1.1414303555076377
-1.1205847180949369
-1.1012436483384573
-1.0832961005844053
-1.0666434286415536
-1.0511978191555484
-1.036880964881399
-1.0236229367968748
-1.0113612219119714
-1.000039899875189
-0.9896089364390854
-0.9800235758123542
-0.9712438171139147
-0.9632339627215427
-0.9559622284039528
-0.9494004068392955
-0.9435235775335352
-0.938309857319308
-0.9337401865885014
-0.9297981472278508
-0.9264698089170798
-0.9237436010383048
-0.9216102079538699
-0.9200624858538218
-0.919095399768049
-0.9187059796933009
-0.9188932951121095
-0.9196584474882322
-0.921004580619699
-0.9229369090241665
-0.9254627648294523
-0.9285916639528156
-0.9323353926847345
-0.9367081161551469
-0.9417265105633627
-0.9474099215094035
-0.9537805512882607
-0.9608636786175586
-0.9686879149837411
-0.9772855026387404
-0.9866926602899848
-0.9969499837419302
-1.0081029102182955
-1.0202022568842326
-1.0333048462807808
-1.0474742340839895
-1.0627815579458686
-1.0793065303418372
-1.0971386035720605
-1.116378341650087
-1.1371390421707364
-1.1595486619277302
-1.1837521137905442
-1.2099140201568876
-1.2382220315579218
-1.2688908496301825
-1.3021671343754204
-1.3383355302278486
-1.377726119410165
-1.420723712332756
-1.46777952505829
-1.5194259905470318
-1.5762957299186664
-1.63914611296845
-1.7088914274027942
-1.7866455556150516
-1.873779392735131
-1.9719993084023182
-2.0834562345746175
-2.210900295378928
-2.3579048183751197
-2.529198980957534
-2.7311759584959696
-2.972695012480879
-3.2663970497026935
-3.630962943013852
-4.09520971965281
-4.7060433873083545
-5.54529306397921
-6.769643427161603
-8.721601792833816
-12.321027703406772
-21.1671102252226
-77.28863887538233
45.68415705077605
17.53931674602457
10.806196515212166
7.785656523114989
6.0713608271138595
4.967040723897055
4.1966019303816475
3.628725216198082
3.1929710578714494
2.8481643864270816
2.5686271586372693
2.3375147420857227
2.1433183776591247
1.9779074913495929
1.835374991830508
1.7113258876846986
1.602422597905915
1.5060850242105326
1.4202872290977595
1.3434162668352119
1.2741720760985553
1.2114951444577615
1.1545133534365233
1.1025023217189065
1.0548554099215592
1.011060747973872
0.9706834389869755
0.9333516280585453
0.8987454909706613
0.866588452914598
0.8366401275693834
0.8086905957781979
0.7825557364247382
0.7580733904827072
0.7351001898130702
0.7135089201031749
0.6931863158674948
0.6740312071336305
0.6559529540833242
0.6388701187844819
0.622709333165896
0.6074043302368212
0.5928951117465753
0.5791272303946261
0.5660511686259998
0.5536217991967677
0.5417979152366447
0.5305418195974492
0.5198189649562996
0.5095976375179927
0.49984867829208707
0.49054523685384244
0.4816625532725942
0.47317776453528154
0.4650697323310242
0.45731888951382255
0.4499071029397354
0.44281755069541695
0.43603461200553556
0.42954376833736047
0.42333151441632205
0.4173852780342721
0.41169334767541993
0.406244807108119
0.40102947619695883
0.39603785728103835
0.3912610865437264
0.3866908898680291
0.38231954273147467
0.3781398337467022
0.37414503149963885
0.3703288543769677
0.36668544310996537
0.3632093357926267
0.3598954451593681
0.35673903793191214
0.35373571606641324
0.3508813997511333
0.34817231202225324
0.34560496488071263
0.3431761468070176
0.3408829115836429
0.3387225683460885
0.3366926727944005
0.33479101950662327
0.33301563530498374
0.3313647736340287
0.32983690991824804
0.32843073787460053
0.3271451667628082
0.32597931956416376
0.3249325320866898
0.32400435300242103
0.3231945448301499
0.32250308588506815
0.3219301732252327
0.32147622663365105
0.3211418936845182
0.320928055952527
0.3208358364354938
0.3208666082733114
0.3210220048600009
0.3213039314613326
0.32171457846814827
0.3222564364350427
0.3229323130768615
0.32374535242099306
0.3246990563427928
0.3257973087453051
0.32704440268335244
0.32844507077701796
0.3300045193120171
0.3317284664851896
0.33362318532463964
0.3356955518974098
0.3379530995157607
0.34040407976885867
0.34305753134381994
0.3459233577627448
0.34901241535683475
0.3523366130304635
0.3559090256475838
0.35974402320874105
0.3638574183943823
0.36826663554500444
0.37299090475301566
0.3780514854824783
0.38347192504661626
0.3892783584043377
0.39549985714632185
0.4021688373055245
0.4093215378484697
0.41699858451891075
0.4252456572952658
0.43411428433165117
0.44366279121267665
0.4539574421171093
0.4650738196868947
0.47709850391177056
0.49013112841043677
0.5042869168852222
0.5196998358143778
0.5365265453698352
0.5549513946813778
0.575192798293472
0.5975114608324062
0.6222211065318142
0.6497026511517052
0.6804231775206052
0.7149617279279274
0.7540449523009798
0.798597304684137
0.8498132202384895
0.909263385829724
0.9790554980255224
1.0620851465700767
1.1624418460603012
1.2860950119094006
1.4421142902580537
1.6449822991131031
1.9193406789575975
2.310791243614336
2.914197940602334
3.964802728557764
6.250173212435561
15.02510872642302
-34.71047832029109
-8.028299205148585
-4.508685126689368
-3.122553721610201
-2.3815927996622936
-1.9205921310018033
-1.6062224100827023
-1.3782156390757327
-1.2053509493150567
-1.0698370348398356
-0.9607925283585155
-0.8711882937509899
-0.7962813663214166
-0.732755428109484
-0.6782219449806609
-0.6309169483271936
-0.5895094377794888
-0.5529762379492663
-0.5205178882773907
-0.49150068272916536
-0.46541584168070393
-0.44185018541393173
-0.42046469867030356
-0.4009786154468488
-0.38315743376840616
-0.3668037730433838
-0.3517503173928307
-0.3378543100680197
-0.3249932152840817
-0.31306126855869554
-0.30196671028796285
-0.29162954975957495
-0.2819797446498931
-0.27295570867032587
-0.26450308039913956
-0.2565737015121111
-0.24912476403982467
-0.24211809493933414
-0.23551955289318174
-0.22929851735663273
-0.2234274538414081
-0.2178815425268047
-0.2126383597321496
-0.20767760371950028
-0.20298085783766573
-0.1985313852547396
-0.19431395052186418
-0.190314664017935
-0.1865208459810871
-0.18292090737005134
-0.17950424523930744
-0.17626115067636602
-0.1731827276509716
-0.17026082137742257
-0.16748795500130684
-0.1648572735981378
-0.1623624946203253
-0.15999786405490624
-0.1577581176618101
-0.15563844675441352
-0.1536344680632104
-0.1517421972922718
-0.14995802603799327
-0.1482787017928609
-0.14670131080394933
-0.14522326359884577
-0.14384228303079688
-0.14255639473141937
-0.14136391989440977
-0.1402634703474807
-0.1392539459038
-0.13833453401881388
-0.13750471181456697
-0.1367642505725263
-0.1361132228384572
-0.13555201233027142
-0.1350813268937969
-0.13470221481334874
-0.13441608485652365
-0.1342247305182528
-0.13413035903074907
-0.1341356258290051
-0.13424367530942452
-0.13445818890042968
-0.13478344168633777
-0.13522436910046987
-0.13578664554563924
-0.13647677722827306
-0.13730221203192702
-0.1382714699407248
-0.13939429839706488
-0.14068185810300102
-0.1421469462320646
-0.14380426592247586
-0.14567075343086122
-0.14776597765874908
-0.15011263123537305
-0.15273713839908834
-0.15567041321722605
-0.1589488131808343
-0.16261534933615496
-0.1667212370394625
-0.1713279044855331
-0.17650962460523764
-0.18235700813609154
-0.18898170534197778
-0.19652283391010486
-0.2051559203292412
-0.2151055810591401
-0.22666390482842613
-0.24021776819079654
-0.25629059517821645
-0.27560833258500056
-0.2992077754310032
-0.3286227568421265
-0.3662223843136239
-0.4158689957777991
-0.4843143357026737
-0.5845224472272186
-0.744947348552311
-1.0425128478007224
-1.7822308602218444
-6.72725714359653
3.528630654670327
1.3730025282829001
0.8402966464824586
0.5993162504151646
0.46207313134564015
0.37353006433855496
0.31172898039810515
0.2661859124204329
0.23126244005000215
0.20365629493843354
0.18130505230355867
0.1628542136335774
0.1473774897794624
0.1342199958059547
0.12290564697410888
0.11308004800942198
0.10447395754460534
0.09687916963871272
0.09013215288863763
0.08410268421489932
0.07868578455764934
0.07379588909632956
0.06936256153725692
0.06532729552967384
0.061641094542401804
0.0582626177882974
0.05515674353759812
0.05229344416647154
0.049646896784840654
0.047194773832748546
0.044917672547692716
0.04279865259206734
0.04082285865385623
0.03897721034554531
0.0372501458066179
0.03563140846537249
0.03411186871718439
0.032683374027650966
0.03133862231261429
0.03007105448564955
0.028874762872296105
0.027744412824257894
0.02667517536698872
0.025662669111130496
0.024702909975318602
0.02379226752239992
0.02292742691653839
0.022105355675318
0.021323274526762623
0.02057863179238295
0.01986908080879874
0.019192459975983216
0.018546775082781675
0.01793018361244359
0.01734098077443682
0.01677758704528117
0.016238537031829276
0.015722469496317882
0.015228118404427927
0.01475430487621045
0.014299929935582023
0.013863967967635494
0.013445460804598202
0.01304351237122684
0.012657283828995685
0.012285989165824912
0.011928891184491976
0.011585297848413634
0.01125455894829978
0.010936063057378436
0.010629234746547776
0.010333532034013354
0.010048444046770825
0.009773488873756028
0.009508211592649593
0.009252182454226682
0.009004995209828401
0.008766265569017549
0.008535629775797979
0.0083127432929473
0.00809727958504827
0.007888928991728996
0.0076873976834455245
0.0074924066928727
0.007303691015627537
0.007120998774635184
0.006944090442974014
0.006772738120509029
0.006606724860045702
0.006445844039119931
0.006289898773880372
0.006138701371832857
0.005992072820493149
0.0058498423092493744
0.0057118467819622775
0.005577930518040802
0.005447944739916414
0.005321747245011337
0.005199202060450071
0.005080179118905859
0.004964553954099671
0.004852207414589021
0.0047430253945888266
0.004636898580663996
0.004533722213223614
0.004433395861826567
0.004335823213384213
0.004240911872412829
0.0041485731725523865
0.004058721998624839
0.003971276618558044
0.0038861585245501934
0.003803292282894157
0.003722605391922086
0.003644028147568766
0.003567493516086771
0.003492937013478993
0.0034202965912437386
0.0033495125280547794
0.003280527327024786
0.0032132856182232566
0.0031477340661427143
0.0030838212818259402
0.003021497739387206
0.0029607156966760546
0.0029014291198499057
0.0028435936116354157
0.0027871663430731972
0.002732105988553065
0.0026783726639589057
0.002625927867753778
0.002574734424845863
0.002524756433085921
0.0024759592122555515
0.002428309255414514
0.0023817741824826936
0.0023363226959399745
0.0022919245385341195
0.0022485504528930098
0.0022061721429437755
0.0021647622370468225
0.0021242942527581426
0.002084742563138101
0.0020460823645296186
0.0020082896457327836
0.001971341158507334
0.0019352143893378857
0.0018998875324005141
0.0018653394636727126
0.0018315497161318008
0.0017984984559898005
0.0017661664599156774
0.001734535093198344
0.0017035862888063857
0.0016733025273027566
0.0016436668175747733
0.001614662678341988
0.0015862741204062895
0.0015584856296104392
0.0015312821504730784
0.0015046490704696972
0.0014785722049307786
0.0014530377825295495
0.0014280324313333812
0.0014035431653940228
0.00137955737185307
0.0013560627985403063
0.0013330475420435773
0.0013105000362299564
0.0012884090411987965
0.0012667636326484238
0.0012455531916388343
0.0012247673947338408
0.0012043962045066334
0.0011844298603937628
0.0011648588698829898
0.0011456740000212937
0.0011268662692298437
0.0011084269394134882
0.001090347508352718
0.0010726197023667222
0.001055235469236641
0.0010381869713785763
0.0010214665792564594
0.0010050668650251984
0.0009889805963951156
0.0009732007307088985
0.0009577204092228536
0.000942532951584426
0.0009276318504984736
0.0009130107665749834
0.0008986635233512834
0.0008845841024821049
0.0008707666390910879
0.0008572054172776848
0.0008438948657735419
0.0008308295537428262
0.0008180041867210799
0.0008054136026875033
0.0007930527682656749
0.0007809167750480563
0.0007690008360396951
0.0007573002822167756
0.0007458105591958918
0.0007345272240099892
0.0007234459419871687
0.000712562483728639
0.0007018727221822991
0.000691372629808547
0.0006810582758350308
0.0006709258235972356
0.0006609715279618698
0.0006511917328301747
0.0006415828687183499
0.0006321414504124493
0.0006228640746951546
0.0006137474181419679
0.0006047882349844263
0.0005959833550380729
0.0005873296816929805
0.0005788241899646875
0.0005704639246035413
0.0005622459982604613
0.0005541675897072579
0.0005462259421096586
0.0005384183613513234
0.0005307422144071424
0.0005231949277642024
0.0005157739858888468
0.000508476929738336
0.0005013013553156488
0.0004942449122660133
0.0004873053025138454
0.00048048027893876215
0.00047376764408944426
0.00046716524893411086
0.00046067099164646123
0.0004542828164259443
0.0004479987123512888
0.0004418167122662093
0.0004357348916963164
0.0004297513677962417
0.00042386429832601816
0.00041807188065583477
0.00041237235079826233
0.00040676398246712624
0.00040124508616218036
0.0003958140082788126
0.0003904691302420148
0.00038520886766386486
0.0003800316695238223
0.00037493601737114264
0.0003699204245487443
0.0003649834354378811
0.0003601236247230039
0.00035533959667620533
0.0003506299844606661
0.00034599344945253655
0.00034142868058071875
0.00033693439368400857
0.00033250933088510516
0.00032815225998097377
0.0003238619738491065
0.0003196372898692054
0.0003154770493598423
0.0003113801170296717
0.00030734538044276664
0.00030337174949768135
0.00029945815591984307
0.0002956035527668928
0.00029180691394661194
0.0002880672337470749
0.00028438352637867625
0.0002807548255277135
0.00027718018392118533
0.0002736586729024987
0.0002701893820177835
0.0002667714186125102
0.0002634039074381368
0.0002600859902684944
0.00025681682552565634
0.00025359558791501915
0.0002504214680693528
0.00024729367220156193
0.00024421142176593715
0.00024117395312765397
0.00023818051724029655
0.0002352303793311977
0.0002323228185943756
0.00022945712789087088
0.0002266326134562761
0.000223848594615278
0.00022110440350301517
0.00021839938479307905
0.00021573289543197165
0.00021310430437986003
0.00021051299235746003
0.0002079583515988787
0.00020543978561027315
0.00020295670893416396
0.00020050854691926334
0.00019809473549566562
0.0001957147209552712
0.0001933679597373033
0.00019105391821878703
0.00018877207250986286
0.00018652190825381345
0.00018430292043168208
0.00018211461317136187
0.00017995649956104956
0.0001778281014669472
0.0001757289493551075
0.00017365858211731622
0.00017161654690091331
0.0001696023989424502
0.00016761570140509172
0.00016565602521966352
0.00016372294892925976
0.00016181605853732192
0.00015993494735909759
0.00015807921587640295
0.0001562484715956033
0.00015444232890873393
0.00015266040895768336
0.0001509023395013663
0.00014916775478581048
0.0001474562954170902
0.00014576760823703272
0.0001441013462016361
0.00014245716826212894
0.00014083473924860848
0.00013923372975619804
0.00013765381603366117
0.00013609467987441495
0.00013455600850988293
0.0001330374945051362
0.00013153883565676425
0.00013005973489292526
0.00012859990017552426
0.00012715904440446695
0.00012573688532394443
0.00012433314543069563
0.0001229475518842074
0.00012157983641880196
0.00012022973525757157
0.00011889698902811446
0.00011758134268003139
0.0001162825454041451
0.00011500035055339693
0.00011373451556538747
0.00011248480188652128
0.00011125097489771881
0.00011003280384165985
0.00010883006175152411
0.00010764252538119466
0.00010646997513689164
0.00010531219501020176
0.00010416897251247423
0.00010304009861055306
0.00010192536766381183
0.00010082457736246594
0.00009973752866713132
0.00009866402574960353
0.0000976038759348268
0.00009655688964403089
0.00009552288033900673
0.00009450166446749716
0.00009349306140967713
0.00009249689342569951
0.00009151298560428547
0.00009054116581233152
0.00008958126464551622
0.00008863311537988142
0.00008769655392436884
0.00008677141877428809
0.00008585755096570015
0.00008495479403069342
0.0000840629939535343
0.00008318199912767238
0.00008231166031358345
0.00008145183059743148
0.00008060236535053124
0.00007976312218959612
0.00007893396093775279
0.0000781147435863084
0.00007730533425725079
0.00007650559916647085
0.00007571540658768751
0.00007493462681706394
0.00007416313213849672
0.00007340079678956801
0.00007264749692814369
0.00007190311059960462
0.00007116751770469884
0.00007044059996800069
0.00006972224090696513
0.00006901232580156304
0.00006831074166448806
0.00006761737721192142
0.00006693212283484375
0.00006625487057088176
0.00006558551407668076
0.00006492394860079049
0.00006427007095705386
0.0000636237794984892
0.00006298497409165554
0.00006235355609149087
0.0000617294283166138
0.00006111249502507972
0.000060502661890581316
0.00005989983597908592
0.000059303925725899045
0.000058714840913147235
0.00005813249264767072
0.00005755679333931808
0.00005698765667963454
0.00005642499762093705
0.00005586873235576708
0.000055318778296714004
0.00005477505405660275
0.000054237479429036804
0.00005370597536929161
0.00005318046397554853
0.00005266086847046601
0.00005214711318307908
0.00005163912353102104
0.00005113682600306177
0.000050640148141955927
0.00005014901852759518
0.00004966336676045814
0.00004918312344535284
0.00004870822017544582
0.00004823858951657205
0.00004777416499182034
0.00004731488106638905
0.00004686067313270746