0.20000109879719136
0.20001792604930874
0.2008694093877474
0.2001862385066755
0.20038500323127534
0.20033449241732754
0.20033408334236752
0.20045170166670315
0.20080924185839305
0.20129908301482818
0.20114987470256404
0.2020889540150913
0.20135929039626627
0.20166749511878584
0.20194388548382639
0.20288476073352546
0.20378964718338688
0.20409416792985197
0.20464013603312792
0.20511055172941253
0.20494434804279787
0.2047878992699222
0.20560485033249845
0.20605113801154898
0.20662946158487414
0.2081311448289427
0.20960501641111318
0.2100064692116215
0.21086209270312906
0.21174363729623585
0.21149038700467745
0.21142166859271674
0.212665692007705
0.2132719973055624
0.21407106090243258
0.2163055141995951
0.21845447034715704
0.2189061115990458
0.22027373173686499
0.2215054239045286
0.22118816477677267
0.22121080690600792
0.2230001860403605
0.22383059979624298
0.22509997805623677
0.22803770800032339
0.2308041963967741
0.2315388372136241
0.23361848576627517
0.2350366128313284
0.23460853042998533
0.23481890109483533
0.23724807233073567
0.23813037187376587
0.23984408150276748
0.24400295193412436
0.24768505092517173
0.2484864068204702
0.2513498369588012
0.2533808334199843
0.25280731037366694
0.25309529661353897
0.2565275464668977
0.2575184220837853
0.26029792807121205
0.2655108250148069
0.2700550898929751
0.27115236299312057
0.275212202922137
0.2777128925275786
0.27722820347759686
0.27763694507623976
0.2824835533048014
0.2836586744617269
0.28753731185956877
0.29436502924991076
0.30027571947321835
0.30171594437174565
0.30738798810487994
0.31064045732298934
0.31009386009269296
0.31134216951502464
0.3175529248531569
0.3190108547625119
0.3245298828100125
0.3335904423208509
0.34151613495546734
0.34328134774051844
0.3511933018027566
0.3554489925201448
0.3550932707991811
0.3570813131191062
0.36622200448268
0.3677581749348918
0.3758977573098165
0.3884527201990829
0.39841674643337494
0.4013041677735248
0.4134122412165625
0.4185458110589099
0.4186597305553458
0.42246521887010846
0.4359205328897223
0.4375567751604122
0.44952876574498457
0.46783318087371595
0.48192048772209367
0.4858191783104221
0.5047463205270931
0.5119592003979376
0.5125212320047366
0.5195404841083413
0.5405929400541388
0.5419611243068049
0.5615789041674022
0.5897545514336571
0.6105081703123131
0.6162582772736944
0.6488612024755456
0.6593196767866297
0.6608474050834736
0.674404287268752
0.7108768567691449
0.7096970974683701
0.7468046940643601
0.7949922964435888
0.8290991231647533
0.8394814223592404
0.9029509476880044
0.9192442423487723
0.9234477742625372
0.9537383752808463
1.026416013343358
1.005978550814778
1.099497326451995
1.1979040454053964
1.262639279151958
1.2966484008461725
1.4876155433091207
1.520703738688773
1.5617557235403492
1.6079260888840388
1.6529762598425775
1.8315538957587152
1.9938323066857033
2.310765269282316
2.6059281583670852
2.496410813143743
3.2310907976899443
3.3796932193954476
3.537287949962994
4.00764641091906
5.2696682517884055
5.614121995876486
7.816568362520968
15.373468016417222
26.55176607682407
15.048844221546346
-20.4381205083551
-14.645730308475981
-13.840893290011996
-9.381910153204887
-5.844857936518825
-6.134810128541824
-4.634890571335451
-3.734080585107919
-3.357330229536264
-3.32819379169291
-2.749836362661654
-2.6799146594374292
-2.6191724906714255
-2.425244425989558
-2.145317149131065
-2.1710600831343134
-1.9758484073765032
-1.8198129890497277
-1.7448622666911495
-1.74036561996857
-1.590487474573792
-1.5721163722591025
-1.554538162445529
-1.4965306415188162
-1.406335410703232
-1.4145089810374831
-1.3463562205104203
-1.2870417096468243
-1.2563186542706337
-1.2539040919913278
-1.1931896345903066
-1.1844306530032473
-1.1773783921391077
-1.1531162733296094
-1.1147177671173756
-1.1162125447331057
-1.087244433947187
-1.0587586583110313
-1.0418833726066847
-1.0394048524867687
-1.013666903400267
-1.0068544187630912
-1.0051021382017808
-0.996680209787395
-0.9807972456091147
-0.9785140176184339
-0.968278511036969
-0.9546182012191342
-0.9429567087639871
-0.9388984331467195
-0.9349706642322386
-0.9272789575428413
-0.9289107984437842
-0.9319769471610627
-0.9296795929649414
-0.9238943793141108
-0.9274156738535829
-0.922548463247268
-0.9144269517518376
-0.9088137531600937
-0.92160285867544
-0.9114455145954743
-0.9167385054546097
-0.9313732949383823
-0.9402726829955635
-0.9300198991309903
-0.947037162068337
-0.9501320276970144
-0.9432802783713751
-0.9368812096851895
-0.9709397890958023
-0.9536550985506091
-0.9635554044942509
-0.9941207154872159
-1.0109784580908094
-1.0287017567668832
-1.0375082582683286
-1.045063730027645
-1.0522392938906573
-1.059442242312081
-1.0752150963845717
-1.0849611829330532
-1.0975189660929239
-1.1204057422348659
-1.5444047639360716
-1.1655092908091713
-1.2380853649292056
-1.2761204492651637
-1.2446115850549728
-1.240422454694925
-1.3488837822360467
-1.336866045663499
-1.3724885963189721
-1.470700866938917
-1.676608671510615
-1.5301505208351764
-1.7062942613824983
-1.7962879697915999
-1.7386691411840833
-1.7253711085722283
-2.0016795701412655
-1.9706556789208511
-2.0742621533422674
-2.36953880794732
-2.982148595009094
-2.5637640744972026
-3.22840425437805
-3.6148977523374617
-3.3935906515979886
-3.3537358233083845
-4.802820662694019
-4.647611306431333
-5.451419082257744
-8.019939371399548
-55.516398486832536
-10.619693897950897
16.43099517383162
14.651567032082344
11.071005093793609
28.942977017268745
6.199025928190727
7.297509923398816
5.875735502523875
3.965457307737304
2.9466722919323503
3.358675729750934
2.596536184938839
2.357622200375401
2.385220593491629
2.4640028956683544
1.9074528638761163
1.9525102339355807
1.8258781022127253
1.5757292956681983
1.3754234594573342
1.4633410415289263
1.2862719705223462
1.2208907629732677
1.2322201604724785
1.2459723968753642
1.0824707753947544
1.0937949282580546
1.0478562431629177
0.9619600522810327
0.8857510615756296
0.9159241520685851
0.8459158429253165
0.8150654591707659
0.8164297748351752
0.8163737364004284
0.750727167374648
0.7526484943628983
0.7319261147410611
0.6899118898077357
0.6512566919400714
0.6628621635500229
0.6287840754261239
0.6129040500145755
0.6120737621472448
0.6110896664463167
0.5766881678109226
0.5766027005801461
0.5625076269870883
0.5399782940664806
0.5188829872518556
0.5235167081980776
0.5037974014696986
0.4947946527702486
0.49339639200525337
0.4907480512709058
0.47269999783587446
0.4701818462119834
0.46237005976328577
0.44911701485064354
0.43684786624138255
0.4384537738500728
0.42697812733479473
0.421195297273128
0.4196246037815865
0.41710498585172995
0.40627187731335596
0.4038984084401505
0.3983625724733464
0.3903982557245204
0.383591679579749
0.38331367301896174
0.3769263997523287
0.3732202050165287
0.37151853785128935
0.3693034795725962
0.3636668859538377
0.36132851963402884
0.35783120822484477
0.3535738407382558
0.34945063790973163
0.34841166399409074
0.34521970477390035
0.34295724306378755
0.34145643155948513
0.33969179255023974
0.33715794975221947
0.3351807015184338
0.33322545514172536
0.33128415538823924
0.3294253185063431
0.32810007615814824
0.3271565500834901
0.3262193828617255
0.32509568046992277
0.32410111463056807
0.32296690319130156
0.3222181163072053
0.3217519927603704
0.3214005774094212
0.3211290841195474
0.3210278469430495
0.3210710466150454
0.3211340904063075
0.32117446274442923
0.3198196630076683
0.3219922759417494
0.32177679030602035
0.32240123235378054
0.32397240491560453
0.3250316061301843
0.32555403543866784
0.32743211859983157
0.32867881748885014
0.32969109855468914
0.3310022180677396
0.33364068118814166
0.3348943039922317
0.33734307155267107
0.3404113881822375
0.3429377895499373
0.3454903177162531
0.3491979514105013
0.35222624442208894
0.3549092971940956
0.359109514562469
0.3630200658431739
0.3670370788501905
0.3723700954511619
0.3775578590351726
0.38232126088385926
0.3896872523588882
0.39557759182092134
0.40048302050602563
0.40728139528617113
0.4167327725970774
0.4223680287479935
0.4301330088928092
0.4426967474394761
0.45508859852513284
0.46516666979410154
0.4757331921745861
0.48742692652458663
0.4981027079427228
0.511709989490447
0.5365508172661184
0.5438384532376147
0.5705486509233328
0.5969064511678939
0.6278328188720845
0.6384965415612491
0.6786463382271849
0.7023740311521476
0.7373756539161435
0.7801191112093385
0.8527080100909058
0.8790555879448156
0.9510186465475324
1.0604614695511958
1.142430730980106
1.2133167107756706
1.452616457338726
1.5927556696240657
1.8138002735001426
2.1464443221652796
2.9821287057122707
3.2976078486337324
5.4780688214165
13.915782525593604
-5.676122732986938
-9.01622744386788
-4.404639002931572
-3.3192768988867143
-2.672991282742514
-2.10950335802841
-1.6153733238837977
-1.4897030658115873
-1.270486559374024
-1.0714254439859345
-0.9627197546520129
-0.9039717820128845
-0.7947495353077049
-0.7426339518805843
-0.6976705522521475
-0.6533154295904109
-0.5958667782180614
-0.5724373692269613
-0.533316271254713
-0.4928357017224627
-0.4625724358085373
-0.44733580640489545
-0.4182848037874831
-0.39935875294789114
-0.38750713753981064
-0.37537717180501295
-0.35507114663644945
-0.3442634670357981
-0.3319793540364386
-0.31421844157402484
-0.2998333482782627
-0.29155354947561335
-0.28059512539584486
-0.27041501436357285
-0.265317937248935
-0.2610200832107821
-0.2527514770545383
-0.24465006222971303
-0.2405515878529636
-0.2303372868370228
-0.2213362302708367
-0.2159590408613663
-0.21101885864764386
-0.20459234916348215
-0.20224624124170465
-0.20159620236669304
-0.19761582260788502
-0.19045769373683635
-0.19187920748233314
-0.1837402203491713
-0.1774419117460191
-0.17428276513204724
-0.16850109972655908
-0.16730744598182654
-0.16588285115498302
-0.16454437259849428
-0.1633309727497851
-0.16088050009486668
-0.15960174125171686
-0.15770255210088036
-0.15204147528500705
-0.14293471231254562
-0.15071444165461523
-0.14504182941209082
-0.1450733379976663
-0.14747708488029343
-0.1481128306187423
-0.14266602358197944
-0.1440343386078803
-0.14250613907993062
-0.13774401670864045
-0.13333717836336742
-0.13849594236449764
-0.1339088558112702
-0.1339798705667313
-0.13708528793454808
-0.13917631632699595
-0.1341115231778792
-0.13706348752776915
-0.13656709409153986
-0.1329207650674154
-0.129307137637962
-0.13539445254504637
-0.13150372160408055
-0.1321431778897071
-0.13631751301068468
-0.13993929080132347
-0.13526005414953263
-0.1397385328873039
-0.14052818841939008
-0.13791575359621974
-0.13550482576883954
-0.14293147277439594
-0.14028529642551088
-0.14241087613389772
-0.14835783026088653
-0.15379029858151932
-0.15097652712231713
-0.15789531772367876
-0.16046757441425374
-0.15975691134756148
-0.1601963621853132
-0.17000988635084657
-0.17055184285694575
-0.17777350008027662
-0.18939208207409258
-0.19954148864531512
-0.2028671133612842
-0.2169047194282461
-0.2248005638380491
-0.23065545008794522
-0.2441150790071552
-0.2642396841178324
-0.280433134325712
-0.31770482017191853
-0.3680104388919161
-0.41083547563147244
-0.4923118570047697
-0.592502937215898
-0.6631260215489836
-0.8057285444839078
-1.3951473586217606
-1.4963794475027514
-4.556493635761384
1.3189452851129297
0.7207757469770601
0.5613279966977328
0.4050739683300282
0.34189459067659206
0.3200856612457436
0.3044130532318132
0.23836501950384875
0.22449390211571765
0.20610938880718727
0.1576515024844747
0.14048221297120586
0.13087742310861092
0.11782087849744223
0.1134890020093251
0.10952888311899887
0.1059999563176272
0.10365740821840375
0.08790384847849754
0.08369734758774611
0.07500009743067503
0.06331532274595258
0.06119738352075559
0.0601268466120593
0.05471761329371798
0.05509004103374878
0.05623522621571382
0.05396569458844457
0.048963773588025804
0.04847374000148305
0.044254024736923844
0.038523191941949475
0.0357391270598472
0.037392539572427504
0.03315230089561456
0.03328051181342657
0.03509417745637703
0.035349364432189855
0.03057428037376677
0.031883007110766415
0.02971917883186115
0.025277986332091353
0.02248989774655852
0.025359207796535436
0.021723893612402193
0.021590274068813444
0.02377727831734603
0.025115480085956675
0.020401055240915483
0.022492806529262582
0.021307775701660182
0.017618364486520974
0.014799743438935677
0.018335239699534978
0.01485258198668667
0.014707138010602269
0.017025392719001546
0.01885162565385954
0.01422614422368384
0.016649433367418975
0.016034555897401354
0.012822106508376608
0.00990866175883677
0.013814186898116015
0.010488025626772703
0.010180989646330563
0.012611150622376837
0.01472083372276823
0.010082993457731629
0.012782587358740547
0.01249399258418849
0.009441068395344393
0.006718331147800487
0.010788779542126325
0.0075027978683207906
0.007205409486153939
0.009590802053326936
0.012010352167049038
0.007396392011382714
0.010119900213460408
0.010045515196592482
0.007246425255593119
0.0044012154866740144
0.008673206335723238
0.0054347435903930475
0.005107278350561923
0.007436252831250635
0.010074731871750222
0.005361122843320356
0.008221843722914797
0.008338692828431837
0.005614227192414521
0.002773940106899672
0.007170088723503333
0.003905564972497405
0.0034679902461206393
0.00592745757436388
0.008529656166591484
0.0038504452118770537
0.006872660615894957
0.007061327207557548
0.004307706935588647
0.0014741334285987941
0.006031409427083409
0.002692761064717232
0.0022832187533500686
0.004799550954468726
0.00749210002594767
0.0028044387477040174
0.00580657265168173
0.006158669165572751
0.0035076927988944625
0.0006595192929127392
0.005083266220190634
0.002030476362208157
0.0013939962325137823
0.003863966940655621
0.00678255788140077
0.001951950377985325
0.00495194279920875
0.005258314809909689
0.002869682113184025
-0.00013167477216824083
0.004381079882349495
0.001226950042662039
0.0007546278435611668
0.003182038526249804
0.00608791688587514
0.0011252823624002463
0.004275782042274833
0.004791767448954892
0.002518621767193813
-0.0006244324031274554
0.003962936833877875
0.00082717673240607
0.00016259216677566463
0.0026045052115999767
0.005592680807962442
0.000718834561197971
0.0037715490683956246
0.004471619040606519
0.0019658165444570073
-0.0010693884971031205
0.0036559241149363205
0.00047338487766495393
-0.00034905159462463573
0.0021607529677560217
0.005133214136106869
0.00029862409909973037
0.0034237169973925685
0.0040129368219874615
0.0016361811100682447
-0.0015896923016351695
0.003391858397802736
0.00007575388934054515
-0.0006299160701006991
0.001730000177089934
0.0049327182499647754
-0.0001465094126417828
0.0032736329381747625
0.0038388331878825327
0.001396725349250792
-0.001923731521674461
0.003397826010842732
-0.00018756770933069585
-0.0009799813262363218
0.0014568089484359556
0.004576692866410955
-0.0004366478302836427
0.002917829633591734
0.0035339001142118825
0.00119113293022538
-0.002337996023057101
0.0028155800088397963
-0.0004053235107691065
-0.0012091392900261404
0.0011007082903856462
0.004416217017832682
-0.0007279664654821816
0.0027642653961118444
0.0034670741088676476
0.0008975285556229423
-0.00201529221645283
0.0028079207523476965
-0.000422548764840981
-0.0012821896268967
0.0009704760645183329
0.0040042285984148275
-0.0007087566108380738
0.0024281993293850624
0.003185194848813354
0.0008214299817614039
-0.0021763290506827816
0.0028080371719997896
-0.0007428998166624145
-0.0013257636925216468
0.000877300513636833
0.0041934984915114
-0.0009355787375601343
0.002359183011739284
0.003120743920618712
0.0007047346062067468
-0.0024670470986945634
0.0025162796916129095
-0.000750834380790245
-0.0017227186074190543
0.00080487741392538
0.004008172031792973
-0.0012092197132444625
0.0021657567852700304
0.002944266249760683
0.0007008662084100395
-0.0026674103689852944
0.0024176143944893273
-0.0008037127013328126
-0.0015578893620583774
0.0006115066053847018
0.0037612229795219248
-0.0011673162011626046
0.002118051788710121
0.0028398338756145582
0.0005868078188823278
-0.0027318150838111137
0.0021351360445128046
-0.0009864507479203158
-0.0016983795766217513
0.0006192119247757896
0.003749732080911071
-0.001126396338729799
0.0020831399596027184
0.002742034812846908
0.00041737904102326774
-0.0026045977394916937
0.0021766651316908288
-0.0010684800217750272
-0.0017212347020091343
0.0004971743029338365
0.0037222785647522245
-0.0012497068002351598
0.001976978337721868
0.0027088398223066856
0.00034607429203064926
-0.0027698738606503253
0.002123015433000597
-0.0011006119417561542
-0.001958707954513594
0.0004231210400785985
0.0038026924964383573
-0.0011802621585493027
0.0019391362274188374
0.002700584456182808
0.0005147842325528319
-0.0029340152073701136
0.002370296242703947
-0.0010575385026707212
-0.0019324109656178809
0.00042482607628563737
0.003506812831024391
-0.0014750549436155487
0.0017866638648506696
0.0028667728772725784
0.00037564128427281396
-0.0029269993070189476
0.0021227488138436
-0.0011503933047373159
-0.002139862706683925
0.00014558367588387983
0.0035747601752728593
-0.0015566242996582734
0.0017616649319948676
0.002740362523976671
0.00040080410637310595
-0.0027559838183202827
0.00229290225940464
-0.001183441095771458
-0.002267196592655736
0.00015611631646346522
0.0035935329201898817
-0.0017494156708172542
0.0017037057183159495
0.0028560944566663944
0.0002970970669895966
-0.0030402502898404485
0.0021617446816129364
-0.0011613084933014728
-0.002285936129106053
0.0002641732444720739
0.003329170109935668
-0.0015674183782006471
0.0016834916919857088
0.0025929898242877977
0.0003118496166138696
-0.003166987907950277
0.0023022185751207834
-0.0012123844128900277
-0.002171542193822978
0.00018356337028336992
0.003494545537158426
-0.0016128365655351158
0.001674063923937443
0.0027903033667225617
0.00026140932515064127
-0.0029483758465086206
0.002159439620694925
-0.0012170783491554924
-0.001986352557844365
0.00008659833990574286
0.0034744915834294715
-0.0019099273979333354
0.001625934570232284
0.0025725068079311955
0.0003062895153164284
-0.003132856712803212
0.0022011109342856593
-0.0012381670740248473
-0.002234261322316047
-0.000010066885818013093
0.0034002579595610732
-0.001971953412278048
0.00160851002438382
0.0025642411985341436
0.0003265956703025584
-0.0027644291890229875
0.0025570412322514103
-0.0013293224656646448
-0.0023631550582222747
-0.00008456795449306814
0.003297199891874882
-0.001817313890266411
0.0015737683869217517
0.0026064058831653833
0.0002553019361372359
-0.0029994346749094326
0.00231574781556474
-0.0011614141442686796
-0.002265498565422972
-0.00016433387363080687
0.0031803607551036213
-0.0019243528191609724
0.0015147761825583042
0.0024916236770252047
0.0004135045467277267
-0.0026991445534656567
0.0021836431869968823
-0.0012000579554645378
-0.002121478807215061
-0.0000737862924401306
0.0032641268021013207
-0.0017728320482498314
0.0014907628987995004
0.002360124327026926
0.00019990072977826292
-0.0030750712530085975
0.00201350764687303
-0.001327854384107197
-0.002313929723829924
-0.000049677637864514245
0.003308373209680157
-0.001926468094573237
0.001443549749256145
0.0026208283433561564
0.0003720802836443497
-0.0030007974659749595
0.0020970609400539422
-0.0012351989279470474
-0.0022886742180964798
-0.00013462013874203103
0.0033331133853827777
-0.001956946411721409
0.0014958175860451375
0.0025193049836238018
0.00028025872736629407
-0.0031171579816942486
0.00200164729619449
-0.0013231284639701128
-0.0023678950161338127
-0.00003961949604736302
0.003129135275358703
-0.0017517451532155603
0.0014736460961240858
0.002325717612761017
0.000248736325081898
-0.002986322933015983
0.0020308263911059136
-0.0012664263093944007
-0.0021330476157295237
-0.00004439145865103737
0.003162690222380172
-0.0018859087869607214
0.0013942289756922169
0.002371590331450993
0.00023017909211759397
-0.003090048082486819
0.002084101379028561
-0.0012697686942715267
-0.002191560743152529
-0.00007809605574740611
0.0030789380238688837
-0.0018463545388352426
0.0013907287576090522
0.0022484883249273622
0.00022544323211726093
-0.002982943451003663
0.0019981782998816015
-0.001263526570591202
-0.002231451647885246
-0.00011466063635692739
0.003204649177045985
-0.0017597634126068926
0.0013821409970193807
0.0023670069035998916
0.0002290306593812792
-0.0029481272403719064
0.001957875897305634
-0.0012133066782678919
-0.0022370129869052602
-0.00012363515578426342
0.0031144015048534587
-0.0018268608233810981
0.0013271768639231919
0.002297029508608103
0.0002834749095389836
-0.002990506314939714
0.001935096503880538
-0.0012286952593143475
-0.002242224234461176
-0.00011959394867916363
0.0031382564490327848
-0.0017947062804389848
0.0013635125458731595
0.0022941825861246914
0.0002299415057797493
-0.002890047460858225
0.001853885003944639
-0.001256044881109159