0.20000026908234422
0.200000567035301
0.20000111966551562
0.2000018683241207
0.20000291274643067
0.20000438562221762
0.20000700606105426
0.200008488091443
0.20000938073463234
0.20001313903163087
0.200018870451955
0.20002172035957563
0.2000278608359156
0.20001956965492806
0.20002837668727294
0.20004387521386308
0.20003153237969973
0.200047026115414
0.20004313961642645
0.20005770494242064
0.20006358461924598
0.20007200598008967
0.20007702434930066
0.20009584499866678
0.20035271386387535
0.20010872284439984
0.20012583364437478
0.2003222214477178
0.2002306733076151
0.19998619555069205
0.20014712450975014
0.20016467656675566
0.2001704544952961
0.2001688023705439
0.20018509685900318
0.2002153229727489
0.2001995899059323
0.20043290822490317
0.20016534446436746
0.2003008437094712
0.2001928854618355
0.2003041111015899
0.20018202441139266
0.20021949945730458
0.20005718156256738
0.20013636989726458
0.20012155159485476
0.20016314852741746
0.2002493804405329
0.200234201152384
0.2002551341347871
0.20023923287841328
0.20023566354304131
0.20023557290834773
0.20026407724970702
0.2002679734518174
0.1997777320163566
0.20070876214493427
0.20013834524531732
0.19972329207234116
0.20069351180798892
0.20030224291075718
0.20034730076422663
0.20024034474435767
0.200412597982771
0.20046168421601773
0.20044930722362775
0.2005071601107327
0.20057538826709082
0.20060577654814163
0.20064975271310403
0.2005286648399805
0.20074903419840848
0.20074316213876076
0.20080073920585345
0.20089378618173054
0.2008154570592922
0.20084743558351462
0.2008171231645961
0.20085692091355314
0.2007472640350621
0.20073150457248787
0.2008242711949097
0.20080602842318904
0.20081747351108703
0.20076309325468497
0.20070628230395807
0.20062306716763148
0.20118935154896778
0.2011982451536719
0.2012084552848476
0.20118675931389404
0.20137391998129883
0.2012377498564037
0.2012127603389102
0.20129649405209254
0.20127377465573035
0.2012199824832496
0.20122678744934125
0.2011973743170985
0.20118292677639948
0.20114317645779098
0.20113756933076396
0.20112953943607315
0.20112664198109137
0.2011475613868194
0.20115547487585592
0.20104089191594393
0.2011470924073342
0.20114496889923994
0.20123043895422082
0.20120520538778217
0.2015681253732191
0.20171895007058596
0.2016766276641509
0.20165869607318643
0.20164729135197848
0.2016106827578453
0.20162558268899367
0.2016265025290673
0.2015379933971571
0.20159823649081893
0.20163655443165934
0.20164264023435058
0.2016768622449825
0.20170479695855972
0.20174310614079566
0.20169633603987414
0.2017845118949306
0.20181526864430943
0.20188267113810937
0.2019839796627828
0.20206081050738428
0.20215819352137976
0.20226132637655836
0.2023442481821481
0.20257492048537573
0.2023337712955792
0.20204140286040778
0.2019764877557571
0.202065780813005
0.2020821643673295
0.20218324880977054
0.20224344021731885
0.20231693202814696
0.20237319167156698
0.20246434951445047
0.20252704587209364
0.20261178672764873
0.20269513237336015
0.20278848083571888
0.20288826289290735
0.20297060073829817
0.20308487695497737
0.2031238438069501
0.2032647254014497
0.2033752850679141
0.20333647567304797
0.2034467056795127
0.20346449316988902
0.2036041753065434
0.20355455826673702
0.2035655277305893
0.20305840876081468
0.20316954330260437
0.2032857517381197
0.20339226705422486
0.2035018230821681
0.2035947590695969
0.20371965537352552
0.20383292292104083
0.20388533863339178
0.2039418043413362
0.20406266305281873
0.20411978420260377
0.2041064494994387
0.20418532875299494
0.20418985162057274
0.2042167895547194
0.2042105708878305
0.2042384643049545
0.20423065089558293
0.2042016548147777
0.2041765665552909
0.2041313072582015
0.20407850823209622
0.20403863535250855
0.20389020502809121
0.20491810987075354
0.20493031857728947
0.20500314101433642
0.20498222583594342
0.20514698696469025
0.20509344882596606
0.20505907736480297
0.2050370663316395
0.20502818411490448
0.20504054578535044
0.20504759048076096
0.20500847487132076
0.2049862182384774
0.204961859774038
0.20493685689620567
0.20492372653056565
0.2048796986652777
0.20494113972931116
0.20491018253982943
0.2049256315677249
0.2049370192210058
0.2050183462915671
0.20498560865629972
0.20504786365057806
0.20520625614043977
0.20607571349064385
0.20598590971417247
0.20593075458351734
0.20589641328351826
0.2058615650523849
0.20582985521795183
0.2058281272078902
0.2058020375096349
0.20581590281266504
0.20582130722113406
0.20577721586008335
0.20587538885622486
0.20594279397667495
0.20602025606864593
0.2060673859329244
0.20618589892283445
0.20626933869648398
0.20639198468339506
0.20654261540250346
0.2066868079047462
0.20685659128753164
0.2070431157943075
0.2072351111828606
0.20742422380387873
0.2076348077133806
0.2065903676449964
0.2066032913842989
0.20662634472165398
0.20669420991019394
0.20678632341667408
0.2069021851427694
0.20703321977345038
0.2071919645197234
0.20730876281085397
0.2074795255307107
0.2076386630961938
0.207793397932437
0.207961728759274
0.20812895620643446
0.20827768153577605
0.20842778104767362
0.20856154679325972
0.20876172046458127
0.20889031553944268
0.2089748550308222
0.20912106644002731
0.20921516202094992
0.20927428847913598
0.2092528122560098
0.20936592346926025
0.20833325735715108
0.208551172794438
0.20877404854692572
0.20897478095676839
0.20917286753993766
0.20934520280268273
0.20952941144449774
0.20969218122203873
0.20984257825239763
0.20997372492074146
0.2100860803913492
0.21017722573262207
0.21025039635045162
0.21032025024041273
0.21036067516194282
0.21037407102905298
0.21038473573590183
0.2103855875057268
0.210354234353645
0.2103091333211425
0.21026635944214273
0.21018408921861514
0.21009134337934962
0.21000336483639526
0.20989978627919081
0.21139444291332982
0.21150365131269663
0.21160641623708648
0.21168185425535146
0.2117075743240348
0.2116984041738782
0.211723550153652
0.21170809013125516
0.21168483177145914
0.21165991011185017
0.21161309321662417
0.2115773281487509
0.21154224354695605
0.21149645919873508
0.2114599015275545
0.211423419081321
0.2113957474154136
0.2113934148019078
0.21143217299061942
0.21140862157223253
0.2114303649315553
0.21153874201465986
0.21163217387708308
0.21170259929004487
0.2118768062171677
0.21324416476208868
0.21312869607643728
0.21304072575016805
0.21295701618610482
0.21290253580195845
0.21284670651817358
0.21280477805761708
0.2127902224589131
0.2128400832511646
0.21280632864958543
0.2128632620132815
0.21297789690148855
0.21300268388395088
0.21310550496478947
0.2132288325051654
0.21338773073975092
0.21360765764192105
0.2137515412932618
0.21395433187363735
0.21419335193476186
0.2144281661915057
0.2146908866116616
0.21498359806487644
0.21529102519409546
0.21556978601257312
0.21397136266612857
0.21402039628766786
0.214106841233897
0.21424079455787792
0.21437708203779246
0.21451591243509402
0.21472186888028819
0.21493066035654143
0.21514621544764417
0.21538743370039687
0.21562121732658285
0.215843150337657
0.2160871539960824
0.21632709129005412
0.21657328584378172
0.21677899312583843
0.2170343436953619
0.21723634965525088
0.21741098907715226
0.21753994405920393
0.2177469415969461
0.217866008745488
0.21796679995928006
0.21800396307273223
0.2181237842360165
0.21664819351266962
0.21697191684217826
0.2173025380073632
0.2175876154675093
0.21786539700439772
0.2181356855433897
0.2183844105908027
0.2186151442829258
0.21882659620158287
0.21901542709685576
0.21912529440750367
0.21927962716185193
0.2193914157943657
0.21947675624414048
0.21956065759707988
0.21957556261453073
0.2195926015917521
0.21957734723790995
0.2195519055258187
0.21949646448268428
0.219418347922305
0.21931487141493883
0.21921172289580063
0.21907482673045733
0.21893251728029958
0.22105452261465375
0.2212253070736071
0.22132752350247456
0.22139425112334654
0.22148949969509282
0.22145629525488747
0.22149740181766184
0.2214865671055899
0.22143182286460253
0.22139592271121564
0.22135880416456397
0.2213021904765583
0.2212578969563038
0.22119807848629827
0.22113983067586448
0.2211454074723046
0.2210685837290314
0.22107323725850808
0.22110383062255437
0.22111191560847557
0.22119346262942588
0.22125703805940156
0.22138861735135754
0.2215242016486494
0.2217342429055533
0.22361108457165993
0.22350048576572373
0.22337209009017214
0.22326839107424626
0.22318552904878944
0.22311689308657867
0.22309073711495042
0.22304264768327817
0.2230549088732536
0.22311537497108744
0.2231516770028697
0.22326277677057516
0.22338413596911313
0.22351217679777508
0.22368502983693533
0.2239169044360802
0.22415431084959103
0.2244213054640752
0.2247180798105232
0.22501805351997317
0.22537265342855894
0.22574445388994885
0.22613727749699086
0.22653079443430532
0.22695089482501257
0.22475807295425718
0.22485486243559308
0.22499034540873766
0.2251622553174279
0.22535356878304694
0.22560603062326534
0.2257911001699764
0.22611279247677493
0.2263767389876936
0.22670569423557138
0.22702052253785018
0.2273417840451891
0.22769346882923913
0.22802215496651976
0.22833620321799253
0.22865053981389433
0.22896193396135014
0.2292512392782308
0.2295011379144159
0.22976082477694248
0.22994053781782095
0.23007118756445116
0.23025092151633378
0.23023470023846895
0.23037523999356668
0.22851556118190397
0.22895120552068465
0.22938046561507772
0.2297836320468135
0.23015430545401755
0.23051763883217918
0.23081836179446333
0.2311591492413981
0.23141697453912352
0.23166578427978016
0.2318468416597479
0.2320043463716865
0.232184528752045
0.232292468112514
0.23239214716425327
0.2324488813066078
0.23238459904947759
0.23245281324518122
0.23237639771512528
0.23229707724711943
0.23221439900098964
0.2320863095180031
0.2319352025195924
0.23177820220188916
0.23159746027882763
0.23449624627906834
0.23467686559880024
0.23485228511575434
0.2348686354236917
0.23502725319345352
0.23497739303480206
0.23498598014282815
0.23496397983979928
0.23494882224036406
0.23491970575457274
0.23489684364098176
0.23482786097626082
0.23475435717092114
0.23468710708909118
0.2346292807629469
0.23456836362050465
0.23457665084811358
0.23452859412344199
0.23454742648438553
0.23459778519372032
0.23468315991538877
0.2348098098697873
0.23498361391141306
0.2352261821035876
0.2354909560521577
0.23797305987963582
0.23777488005425146
0.23761139485143137
0.23745699724085872
0.23736936848831613
0.23728924756207093
0.2372399677664816
0.23719389964403184
0.2372388528515586
0.2372752870152545
0.23736680546435912
0.23752685335898557
0.23765776789649515
0.23791929632607267
0.238148122246547
0.23841815079911294
0.23879939070633757
0.23911630207017603
0.23952882962757294
0.2399506679346669
0.2404194986019592
0.24090108427722132
0.24142255236262636
0.2419641902324378
0.24251499270220436
0.23953548074972295
0.2396310706418682
0.2397818299479561
0.24003445195906642
0.24032210873582688
0.24059310161018774
0.2409990843775478
0.24136071910013204
0.2418096036131556
0.2422154019394948
0.24265524501565813
0.24309203121160664
0.24352888280475365
0.24397504132657857
0.24441468353945378
0.2447912945247196
0.24522134541692953
0.24558255550906852
0.24588735986456778
0.24618399240040764
0.24653691163193453
0.24668271564548783
0.24685135816332296
0.24704293926044119
0.2470980886832463
0.24468259809400794
0.2452535191671191
0.24582237647467065
0.24634804335609237
0.2468486064755649
0.2473347617980487
0.24779319594087143
0.2481587942174695
0.24857303529643063
0.248837711750556
0.2491668096999367
0.24942026289679894
0.24955372730994652
0.2497469126838585
0.24981731832639834
0.24980900034965964
0.24992066764781554
0.2498676944749211
0.24983145811606475
0.24972832328511385
0.24958442124031488
0.24943798117975471
0.24923048690890703
0.2490535730630642
0.24879523998068764
0.2526488792249595
0.2529310751160522
0.2531053283097768
0.25325832451826896
0.25339522012918275
0.2534410247939261
0.2534163071222087
0.2533512124960759
0.2533260620384517
0.25319143896197516
0.2531677197538957
0.2530727452692839
0.25300478722317726
0.25291906790135227
0.25287371633804234
0.2527719465177747
0.25274718343672903
0.2527477691983978
0.25278698407090927
0.25283068463135877
0.25298782429019606
0.25317377508169736
0.25338523024725723
0.2536830605577906
0.2540893107055838
0.25731219396181615
0.25705881009533404
0.2568379918630954
0.25665882110659044
0.2565124460049214
0.2564034299652094
0.2563504501498507
0.25632402627563383
0.25635651851886937
0.25642218577542436
0.25662595956875534
0.25673420288506016
0.2569536990697308
0.25727336989148936
0.25763228510574465
0.2580020094335496
0.25846270203490207
0.2589440645347331
0.2594837165241901
0.2600428946053627
0.2606439621500006
0.26133388434112753
0.26201047343478556
0.26267777652408525
0.26343869962733507
0.2594524820663255
0.2596352065356069
0.25986549910312146
0.2602057659134558
0.26051264445429306
0.26099440260336015
0.2614654699539896
0.261981839535166
0.2625169668949649
0.26306464305668
0.26366791777398685
0.2642496563169067
0.26483311955425765
0.26541110138965157
0.26597909750865345
0.26651974610849893
0.2670542851549353
0.26754791402070066
0.2679772532978552
0.26838986109180923
0.2687545937053532
0.26906356625465816
0.2692748748783812
0.26940922844617
0.26952957207600886
0.26637081639589605
0.2671387886293089
0.26793092504671
0.26863348379060176
0.26929261616099465
0.2699391361614149
0.2705215167317306
0.2710539481173326
0.27152961045309326
0.2719463653743834
0.2723240980174167
0.27259919475838335
0.27284704850363384
0.2730636262634475
0.2731834876208747
0.2732665210138005
0.2732838320906659
0.27323394700309567
0.27318731542729446
0.2730522557955643
0.2728738220783265
0.27267118118129535
0.2724136776695333
0.27214545542041907
0.2718775437146468
0.27700366501886386
0.2773738155178822
0.2776265494081022
0.2777531526402484
0.27792379680594526
0.27795747689219485
0.27797703177589983
0.27793570768908726
0.2778547480637647
0.27779371424660915
0.27768920527448426
0.2775768764663471
0.2774620944075299
0.27737415744130983
0.2772574819522101
0.2772014026005442
0.27717371850183536
0.2772069377282145
0.2772436967522481
0.277378928052745
0.2775110861110201
0.2777983025468763
0.2781949426851873
0.2785824481397634
0.2789763621932417
0.2831854362637903
0.2828731539308158
0.28258643693230984
0.2823518931345408
0.2821750349544044
0.2820428315651795
0.281940244937632
0.28196681273451896
0.2819782679395711
0.2821361783591542
0.28235099068390224
0.28256404498623094
0.28289714292081186
0.28333671085629836
0.2837472809184696
0.28430580776411146
0.2848623405866888
0.28552888795934794
0.28625928346599566
0.2870413095774779
0.2878343521507757
0.28872833724281394
0.2896277444261832
0.29055111239551773
0.291522130855138
0.2862001086369749
0.2863967104092893
0.2867796072729684
0.2871902414627654
0.28771729374447763
0.28837264886501396
0.28896640671252927
0.2896309621449315
0.29037690141245315
0.29115082140283643
0.29189993075487847
0.2926748689406733
0.29347244744754686
0.29424046153908645
0.2949515666960992
0.2956780064651281
0.2964078079523205
0.29707815770456997
0.2976472770327927
0.2982000975182131
0.29864578072875775
0.29903577004350385
0.29930245932707666
0.2994946198629239
0.29958793591383787
0.2955569039417318
0.2966315999358453
0.2976526857406771
0.2986013375076244
0.29950348376638797
0.3003129629174437
0.30111726609019585
0.3018147266517813
0.3024218377871417
0.3029912600888805
0.30347318675643226
0.30385273075369856
0.30422797558866993
0.30445080689723186
0.3045373652523653
0.30472081202836615
0.30469588210563353
0.30470815515777266
0.30459262273878274
0.30443818961755287
0.30422404403409886
0.303948114354532
0.303647361216772
0.30330118658198646
0.30291540510327075
0.3098857292152367
0.3103406145241452
0.31067126286547714
0.31089136426584885
0.31099151064425073
0.3110246097995162
0.31109378085746187
0.3110428293669331
0.31097678683610974
0.3108615534947072
0.31072754448754614
0.31059197726350324
0.31047099165846626
0.31035260168502166
0.3102077926991389
0.31019203200936313
0.3101793842785703
0.31012696165758746
0.310230954434668
0.31041995797793737
0.3107178169925106
0.3110029445811443
0.3114849378739903
0.31208505302789213
0.3127637489015295
0.31819872801506777
0.31775059617365764
0.3173813579127212
0.3170720798658732
0.316871494415188
0.3166699894646445
0.316581955669351
0.3165743535800592
0.31666010756502655
0.316878653329737
0.3170968211341705
0.31747807761855756
0.3179345958897846
0.31851483880366976
0.3191693774968329
0.3198911986896339
0.3207274052065422
0.32160141397199726
0.32252186445229264
0.32361623592279465
0.3247207786467671
0.32583622375119803
0.32703929642350854
0.3282406430948607
0.3294839987938937
0.32247655434182876
0.32278952999961674
0.3233145472256335
0.32387494493598107
0.3246314289321529
0.3254552199668681
0.3263258406445733
0.3272655615012146
0.32823589702696776
0.32923241031855194
0.3302584557144088
0.33130383590675544
0.3323434888021452
0.33333178707916555
0.3343650375390005
0.3353538351332619
0.336270769929248
0.33710241936710317
0.3378951598074831
0.3385912779201447
0.3391911276961697
0.3397959035942823
0.3402073055800426
0.34039189088731037
0.34060688715924614
0.33530036506329763
0.3368069746336421
0.3381410525469585
0.339484812713462
0.34068168939497556
0.3417580783819479
0.342866980545153
0.3438209667777255
0.3446310865456868
0.3454078205146496
0.34602024294473666
0.3465679976987942
0.34702826675903586
0.34733959728587543
0.34757101891202874
0.34763115932628125
0.3476881181013617
0.34766388333865234
0.34756214840222605
0.34736970015951396
0.3470679278720173
0.3467070593925049
0.34631105620187563
0.34586105192559763
0.3454206603234294
0.3549216365411542
0.35544229336324873
0.355939339367452
0.35627740589446855
0.3564465387673236
0.3565671126437971
0.35658039983951906
0.3564324231400107
0.3564040589112786
0.3562231128653028
0.3560661989165868
0.3558849111157017
0.3557222292913274
0.35556907188886716
0.3554369040548083
0.3553712192554203
0.3553235332857979
0.35539437890570696
0.35552622790553995
0.3558465613675103
0.3561623551693618
0.35678575866595635
0.35735218718763034
0.3581924914596775
0.3591869328289017
0.36634371606505756
0.3658000072432623
0.3652778953329522
0.3649012115928407
0.3646073747420671
0.3643665527664132
0.3643474239655477
0.3643581105427755
0.3645124664019642
0.3647127842892595
0.3651407697375213
0.3657226810608693
0.3663974767872941
0.36713697422600855
0.3680285741161099
0.3690815987484633
0.3701227113780464
0.37141117486440595
0.3727865233668164
0.37422660958610443
0.3757546067901593
0.3773725290686426
0.37898411397775206
0.38073750393576955
0.38245134970827765
0.37235685785492634
0.3729197418682883
0.3737672303880803
0.3746509105497722
0.3756745289152421
0.37676437394256157
0.3780461470288571
0.3793725288051079
0.38069862921021214
0.3821161909076075
0.3835718478660913
0.385063240522768
0.38654178333607114
0.38790511551204016
0.38939017048539104
0.390746734950896
0.39202239338009565
0.393192771757509
0.3942838361460919
0.39518730184290995
0.3959771988283015
0.3967127877107399
0.39722381664575257
0.3975918657311096
0.3979178446362207
0.3908702451387125
0.3929260695715615
0.39484707080322495
0.3966321740799775
0.39833800458676594
0.3999209372928634
0.40127456192795713
0.4026062966251215
0.40380364355306575
0.40482199073918096
0.4057806289066884
0.40638871472916555
0.4070248682622705
0.4075744283629093
0.40784101595967753
0.4080384741059449
0.40817697776548834
0.4080647951865095
0.40792014826884104
0.4076685927678602
0.4072801168355598
0.4068351442083816
0.40628906004471604
0.4056967164318258
0.4049567162703604
0.41844372435668914
0.41934834050127084
0.41991267893636147
0.42034463278177564
0.4204949743947293
0.4206635008887431
0.4206473944287099
0.42057443144707124
0.42049355215245143
0.4203387801442026
0.4201327885940708
0.419888084022107
0.4196847574827732
0.4194677870731484
0.41937455774940624
0.4192675946743001
0.4192290491353335
0.41936926517705125
0.41972174667604356
0.42004626328931005
0.4206334939290252
0.42139378166848873
0.42236393303950215
0.4236392673346027
0.42502204503434243
0.4349404480555736
0.43413324203994696
0.4334348310633792
0.43287831680376987
0.432462820841513
0.43226723163652536
0.4321895637204037
0.43229508979640546
0.43245995869899373
0.4328801032012161
0.4335704536794965
0.43426984813746516
0.43525274890951005
0.43644944458207385
0.43786571879958747
0.43928889834089413
0.440968655967022
0.44273262637072175
0.44472277941470834
0.4468458573718628
0.4489929742052966
0.451252675054583
0.4536568083452202
0.45607883193648957
0.4586166363670117
0.4439927015854124
0.4448110549453715
0.4458185127839093
0.4471902355991429
0.44874266424601866
0.4504911698297861
0.4522680740838021
0.45425803371213774
0.45631791101317226
0.4584267214388836
0.46050279349376655
0.4626698899270958
0.46479087250647794
0.46693961765376607
0.4689338931864487
0.4709261378114601
0.4727566611445049
0.47443476225597536
0.4759589317037002
0.47745648289557435
0.4786621271430571
0.4795835263316225
0.48044395300877357
0.4809668227253088
0.4812019337708914
0.47136569726584354
0.47444830849355973
0.4773009398233643
0.479912168484166
0.4824090531765326
0.484692095609687
0.4867224829637108
0.48866044854885954
0.4903477964830264
0.49196914391443514
0.49318861428814503
0.49430764052276116
0.4950703009750905
0.49577989476261203
0.49623492198727404
0.49658841123231595
0.4966420606497699
0.49662589127803375
0.49641928448748557
0.4960310187579655
0.4954999203359327
0.49489420194909295
0.49413411004025953
0.49324372504867875
0.49251354715386936
0.5125471154710818
0.5135789734003087
0.5146020175098674
0.5151441279305281
0.5154215639889487
0.5157797351041362
0.5157057143938765
0.515562195962882
0.5154251916819393
0.5151082473373421
0.5149176123490048
0.5146033286529661
0.514287919336187
0.5140676620501433
0.5138740706170013
0.5137651634291577
0.513838853628221
0.5140841642822905
0.5145856901315748
0.5151250809534559
0.5161977392167646
0.5174418523151764
0.5188146823210493
0.5209189700362563
0.523144858049047
0.5374445126077543
0.5361759887739437
0.5352212434055088
0.5344656496739113
0.5338273108687145
0.5335328650694908
0.5335251931792675
0.5336739887256498
0.5341625624849171
0.5348469109462438
0.5356955818148055
0.5370305154911308
0.5386358435496682
0.5404731573291194
0.5425844914825954
0.5449279875352002
0.5474721236078959
0.5501878667556296
0.5532653066902299
0.5564457233081597
0.5597876491750227
0.5633423485390555
0.5668989925534849
0.5705146062025759
0.5741530273897036
0.5516470367692903
0.5530244219340035
0.554876119760269
0.5568640708104132
0.559476910899271
0.5621579686818756
0.5651056135554392
0.5681915593618942
0.5713451500176435
0.5746809816665785
0.5780172487118654
0.5812617764512953
0.5846916578605367
0.5879547993080633
0.591071298939392
0.5940013577912403
0.5969450401890704
0.5995789324420354
0.6018534168377807
0.6040158804528208
0.605821198290793
0.6075637886430091
0.6085913836195997
0.6094322018941207
0.6098216879678269
0.595441385356318
0.6003071304454387
0.6047779670782917
0.608884768598655
0.6128135857593704
0.6163186268087231
0.6195903569783068
0.622592558805129
0.625283186460362
0.6274893100870057
0.6295697299117422
0.6312250445242097
0.6326421403937804
0.6337849293135179
0.6345454347854769
0.6349933437855819
0.6352630638264416
0.6352091490376999
0.6349663345428305
0.6343922064019171
0.6336384956956432
0.6326687319693811
0.6315769203370258
0.6303661979651933
0.6290769769610193
0.6614723463560881
0.6632599011956463
0.6646074371716426
0.6655124066608464
0.6661602768997719
0.6665776576729515
0.6665449363392039
0.6664635666101452
0.6661743987980322
0.6657820299736796
0.6653863572302051
0.6648862456299627
0.6644551619371942
0.6641647157174468
0.6638483927850539
0.6637537968549571
0.6640229328851851
0.6645183903181932
0.6654279586570155
0.6666549896261182
0.6681402835135017
0.6703688039813277
0.6729827766092298
0.6761539538508357
0.6803098072149829
0.7029335469835064
0.7013404216331864
0.6993938392377229
0.6980886578198565
0.6972707651452328
0.6965982110834976
0.6965205479360598
0.6967626211812505
0.6975791026703533
0.6988916364842395
0.7005397231975296
0.7028289549324633
0.7055269616664935
0.7087702377900349
0.7124326797914619
0.7165826870115363
0.7209679355405592
0.7257448844882476
0.730870819154353
0.7363012046030978
0.7419218504157006
0.747618752626375
0.7536123360936042
0.7596226396123302
0.7657165459331792
0.7272086174021742
0.7296040506773603
0.7325993635537892
0.7366047757202955
0.7408485749230596
0.7458155354263296
0.7511496470340455
0.7566811336993111
0.7623284456826348
0.768071072573801
0.7738798589464436
0.7796206189423126
0.7853754314466853
0.7907449578847066
0.7962524389624416
0.8013804084472081
0.80598112807164
0.8105804691705213
0.8146342749653237
0.8181398983613611
0.8215596206826317
0.8242069348081368
0.8264146149820247
0.8278712400474884
0.8287052893730791
0.8051023552785229
0.8138834817888725
0.8218642236561398
0.8294116233733501
0.8361534309264094
0.8423603172868518
0.8481227596181957
0.85329662638426
0.8577494279116332
0.861922425819458
0.865306697242689
0.8683162408395791
0.8708464729268939
0.8727841839060273
0.8742560604218839
0.8753022970963528
0.8758211271982451
0.8759409680516278
0.8756084814713929
0.8748769981414901
0.8736768211158691
0.8723846361834944
0.8705980405948391
0.8681979931863785
0.8661870881033348
0.925909282180756
0.9287876077418371
0.9313134560736266
0.9329584659646074
0.934109001849018
0.9347308778283403
0.9349634046402755
0.934838245855721
0.9344452607609651
0.9338700575047442
0.9331313651979445
0.932411716490703
0.9316351173514684
0.9309648383562776
0.9306481303150753
0.9306138908512194
0.9309246781374168
0.9321151068764023
0.9335688720016745
0.9362364905426478
0.9398425943957706
0.9442437931240727
0.9500519767947371
0.9568365836114352
0.9648233129161917
1.007669947269112
1.0036126921215252
1.0002615696391624
0.997447787454484
0.9950951138899341
0.9938252856479289
0.9928441771731253
0.9931922231966517
0.9945282936341525
0.9975045900801023
1.0008676830577445
1.0054612968097985
1.0114307891707954
1.0183434946828633
1.02626853655401
1.0349471102957568
1.0443407519210461
1.0543387520335041
1.0647805731000706
1.0755479784945932
1.086343615581598
1.0975844855010075
1.1086504295951143
1.119421055788805
1.1299524919528454
1.045319498451968
1.0501367185160193
1.0573474979997994
1.0670671829182776
1.0780529793758207
1.0904532862193461
1.1031786114545603
1.1161803595232993
1.1296701826179347
1.1423567088049824
1.1546978972904578
1.1671417843912935
1.1784454219817322
1.1896538402860461
1.1995994013282638
1.2095230836863013
1.2183965679702904
1.226902770741274
1.2341683891478832
1.2415014723053523
1.2478778723367847
1.2535146233787655
1.25860126202148
1.262775298748143
1.2663939972511031
1.2294906877819125
1.2508161623600498
1.2689256855516664
1.2848166782733186
1.2976922068300947
1.3091260606251047
1.319497259435031
1.32888834305806
1.3367931630859693
1.3444200638620698
1.3509322533479091
1.35706389580139
1.3623900662873079
1.3673539866965154
1.3716050698665976
1.3752581104698232
1.3783542146673093
1.3811380733247645
1.3830390055671986
1.3843047360613001
1.3846209769591746
1.3838624510032969
1.3820320512060564
1.3786752671306546
1.3742108825367563
1.518851273230125
1.5196828256862098
1.5213648432939788
1.5237867148306272
1.5266830467890704
1.5295667464000666
1.533057167226655
1.5366447244991819
1.5402457854804759
1.5441611953888716
1.5481761993726435
1.5522241856037309