0.20000000141589233
0.2000001713346899
0.2000006245652402
0.20000136141930241
0.2000023824082525
0.20000368825002093
0.20000527987895161
0.20000715845883646
0.20000932539947144
0.20001178237718462
0.20001453135990882
0.20001757463752398
0.2000209148583782
0.20002455507312666
0.20002849878731718
0.2000327500245187
0.20003731340225622
0.20004219422362735
0.2000473985882597
0.20005293352731224
0.20005880716859398
0.2000650289397184
0.2000716098196927
0.20007856265273707
0.20008590254280795
0.20009364735383406
0.200101818349909
0.20011044102291772
0.20011954617430025
0.20012917134603556
0.20013936273851632
0.20015017781804945
0.20016168891807576
0.20017398829941224
0.20018719539704566
0.2002014674178159
0.200217015199257
0.2002341275459724
0.20025320959985365
0.2002748450573866
0.20029989973718315
0.20032969682312207
0.20036630755960938
0.2004129557800578
0.2004739581521517
0.2005488903860774
0.20058336915902994
0.20033943432535534
0.2000232555517754
0.19999510865421624
0.20004601176113843
0.20009780871018135
0.2001411980039965
0.20017744876553498
0.20020858542957154
0.20023614132177864
0.20026117178571134
0.20028439783027252
0.20030631955075015
0.20032729119203788
0.20034756919066146
0.20036734303975667
0.20038675543724532
0.20040591570083205
0.20042490888397302
0.20044380209395452
0.20046264895287105
0.20048149280215083
0.20050036904144858
0.20051930686095917
0.20053833054189177
0.20055746044499123
0.2005767137706024
0.20059610514931794
0.20061564710550747
0.20063535042441968
0.2006552244453972
0.20067527729793658
0.20069551609314562
0.20071594708009963
0.20073657577436566
0.2007574070642955
0.20077844529943417
0.20079969436445444
0.20082115774130163
0.20084283856168297
0.2008647396516008
0.20088686356930271
0.20090921263775396
0.2009317889725303
0.20095459450586647
0.20097763100746627
0.20100090010256652
0.2010244032876723
0.20104814194430295
0.2010721173510373
0.20109633069409794
0.20112078307667666
0.201145475527172
0.20117040900648508
0.20119558441449484
0.20122100259582057
0.20124666434495944
0.20127257041087762
0.20129872150112182
0.20132511828550828
0.20135176139943767
0.20137865144688236
0.20140578900308012
0.20143317461696925
0.20146080881339284
0.20148869209509757
0.20151682494454853
0.20154520782558055
0.2015738411849015
0.2016027254534643
0.20163186104771993
0.20166124837076288
0.2016908878133813
0.2017207797550192
0.20175092456466034
0.2017813226016402
0.201811974216394
0.20184287975114523
0.20187403954054162
0.20190545391224088
0.20193712318745421
0.2019690476814473
0.2020012277040056
0.20203366355986538
0.2020663555491136
0.2020993039675598
0.20213250910708103
0.20216597125594438
0.20219969069910557
0.2022336677184887
0.20226790259324692
0.2023023956000054
0.202337147013089
0.2023721571047352
0.20240742614529264
0.20244295440340843
0.2024787421462024
0.20251478963943206
0.20255109714764552
0.20258766493432773
0.20262449326203538
0.20266158239252594
0.20269893258687804
0.20273654410560488
0.20277441720876194
0.2028125521560481
0.20285094920690075
0.20288960862058666
0.2029285306562871
0.2029677155731783
0.20300716363050877
0.2030468750876706
0.2030868502042692
0.2031270892401879
0.20316759245564964
0.20320836011127638
0.2032493924681443
0.20329068978783685
0.20333225233249605
0.2033740803648698
0.20341617414835786
0.20345853394705588
0.20350116002579682
0.20354405265019085
0.2035872120866632
0.20363063860249064
0.2036743324658365
0.20371829394578314
0.20376252331236458
0.2038070208365968
0.20385178679050642
0.2038968214471599
0.20394212508068915
0.2039876979663184
0.20403354038038882
0.20407965260038222
0.20412603490494424
0.20417268757390653
0.20421961088830812
0.20426680513041592
0.20431427058374463
0.20436200753307637
0.20441001626447833
0.20445829706532148
0.20450685022429763
0.2045556760314363
0.20460477477812078
0.2046541467571041
0.2047037922625244
0.20475371158991948
0.20480390503624138
0.20485437289987035
0.20490511548062884
0.2049561330797941
0.20500742600011138
0.2050589945458068
0.20511083902259905
0.20516295973771204
0.2052153569998858
0.2052680311193886
0.20532098240802757
0.20537421117916013
0.20542771774770402
0.20548150243014834
0.2055355655445635
0.2055899074106114
0.20564452834955507
0.20569942868426858
0.20575460873924667
0.20581006884061348
0.20586580931613255
0.20592183049521504
0.2059781327089295
0.20603471629000986
0.20609158157286459
0.20614872889358485
0.20620615858995317
0.20626387100145177
0.20632186646927067
0.20638014533631538
0.2064387079472158
0.20649755464833358
0.20655668578776967
0.20661610171537284
0.2066758027827469
0.2067357893432583
0.20679606175204376
0.20685662036601807
0.206917465543881
0.2069785976461251
0.20704001703504277
0.20710172407473362
0.2071637191311119
0.20722600257191331
0.2072885747667027
0.2073514360868804
0.20741458690569037
0.20747802759822606
0.20754175854143847
0.2076057801141425
0.20767009269702413
0.2077346966726476
0.20779959242546195
0.20786478034180797
0.20793026080992558
0.20799603421996005
0.20806210096396927
0.2081284614359306
0.20819511603174773
0.2082620651492569
0.20832930918823492
0.2083968485504049
0.2084646836394437
0.20853281486098843
0.20860124262264362
0.20866996733398738
0.2087389894065791
0.20880830925396562
0.2088779272916884
0.20894784393729007
0.20901805961032158
0.2090885747323488
0.20915938972695952
0.2092305050197701
0.20930192103843298
0.20937363821264246
0.2094456569741427
0.20951797775673411
0.2095906009962801
0.20966352713071448
0.2097367566000482
0.20981028984637626
0.20988412731388467
0.20995826944885748
0.2100327166996843
0.21010746951686643
0.2101825283530247
0.21025789366290612
0.21033356590339114
0.21040954553350083
0.21048583301440402
0.21056242880942438
0.2106393333840475
0.2107165472059286
0.21079407074489928
0.210871904472975
0.2109500488643622
0.21102850439546608
0.21110727154489753
0.21118635079348064
0.21126574262425998
0.21134544752250842
0.21142546597573403
0.21150579847368822
0.21158644550837283
0.21166740757404776
0.21174868516723858
0.21183027878674432
0.21191218893364475
0.2119944161113085
0.21207696082540065
0.21215982358389007
0.21224300489705794
0.21232650527750496
0.21241032524015943
0.21249446530228522
0.21257892598348954
0.2126637078057312
0.21274881129332804
0.2128342369729656
0.21291998537370468
0.21300605702698996
0.21309245246665756
0.21317917222894384
0.21326621685249303
0.21335358687836606
0.2134412828500483
0.2135293053134584
0.2136176548169564
0.21370633191135244
0.21379533714991442
0.21388467108837764
0.21397433428495272
0.2140643273003341
0.21415465069770886
0.21424530504276554
0.2143362909037024
0.21442760885123668
0.21451925945861341
0.2146112433016136
0.21470356095856385
0.21479621301034485
0.2148892000404008
0.2149825226347478
0.21507618138198348
0.21517017687329612
0.2152645097024733
0.2153591804659116
0.21545418976262573
0.21554953819425754
0.21564522636508604
0.21574125488203622
0.21583762435468856
0.21593433539528872
0.21603138861875726
0.2161287846426986
0.21622652408741147
0.21632460757589783
0.21642303573387328
0.21652180918977648
0.21662092857477916
0.2167203945227958
0.21682020767049387
0.21692036865730385
0.21702087812542872
0.21712173671985505
0.21722294508836215
0.21732450388153318
0.21742641375276467
0.21752867535827716
0.21763128935712597
0.21773425641121086
0.21783757718528707
0.21794125234697587
0.2180452825667749
0.21814966851806886
0.2182544108771404
0.21835951032318093
0.21846496753830102
0.2185707832075418
0.2186769580188859
0.21878349266326794
0.21889038783458606
0.21899764422971266
0.21910526254850632
0.21921324349382204
0.21932158777152339
0.21943029609049333
0.21953936916264583
0.21964880770293754
0.21975861242937914
0.21986878406304686
0.2199793233280941
0.22009023095176372
0.22020150766439936
0.22031315419945713
0.22042517129351813
0.22053755968629993
0.22065032012066876
0.2207634533426519
0.22087696010144953
0.22099084114944714
0.22110509724222774
0.22121972913858434
0.22133473760053263
0.22145012339332298
0.22156588728545346
0.22168203004868234
0.22179855245804078
0.22191545529184564
0.2220327393317126
0.2221504053625688
0.2222684541726658
0.22238688655359304
0.2225057033002906
0.2226249052110625
0.2227444930875903
0.22286446773494617
0.2229848299616062
0.22310558057946434
0.22322672040384586
0.22334825025352056
0.22347017095071714
0.2235924833211367
0.22371518819396677
0.2238382864018951
0.22396177878112367
0.22408566617138317
0.224209949415947
0.22433462936164497
0.22445970685887903
0.22458518276163622
0.2247110579275042
0.22483733321768543
0.2249640094970116
0.2250910876339595
0.2252185685006639
0.22534645297293462
0.2254747419302701
0.2256034362558731
0.22573253683666558
0.22586204456330417
0.22599196033019522
0.22612228503551085
0.22625301958120364
0.2263841648730231
0.22651572182053029
0.22664769133711468
0.22678007434000916
0.22691287175030683
0.2270460844929761
0.22717971349687754
0.22731375969477974
0.2274482240233759
0.22758310742329976
0.22771841083914252
0.22785413521946948
0.22799028151683637
0.22812685068780605
0.22826384369296612
0.22840126149694476
0.22853910506842906
0.2286773753801809
0.22881607340905527
0.22895520013601678
0.2290947565461578
0.2292347436287153
0.22937516237708921
0.2295160137888597
0.2296572988658048
0.22979901861391935
0.22994117404343184
0.23008376616882312
0.23022679600884485
0.23037026458653728
0.23051417292924842
0.2306585220686519
0.230803313040766
0.23094854688597247
0.23109422464903523
0.23124034737911922
0.2313869161298101
0.23153393195913294
0.23168139592957127
0.23182930910808713
0.23197767256614066
0.23212648737970867
0.23227575462930583
0.23242547540000338
0.23257565078145
0.23272628186789104
0.2328773697581896
0.23302891555584607
0.2331809203690192
0.2333333853105462
0.23348631149796367
0.23363970005352847
0.23379355210423844
0.2339478687818532
0.23410265122291615
0.23425790056877463
0.23441361796560228
0.2345698045644204
0.23472646152111878
0.2348835899964783
0.23504119115619287
0.235199266170891
0.23535781621615803
0.23551684247255877
0.2356763461256596
0.23583632836605095
0.23599679038937024
0.23615773339632445
0.2363191585927135
0.23648106718945244
0.23664346040259582
0.23680633945335974
0.23696970556814648
0.23713355997856753
0.23729790392146707
0.23746273863894687
0.2376280653783892
0.23779388539248175
0.23796019993924125
0.2381270102820388
0.2382943176896239
0.2384621234361491
0.23863042880119517
0.23879923506979614
0.23896854353246424
0.2391383554852156
0.2393086722295953
0.23947949507270316
0.23965082532721974
0.2398226643114321
0.23999501334925946
0.2401678737702803
0.24034124690975836
0.24051513410866868
0.240689536713725
0.24086445607740656
0.24103989355798458
0.24121585051954994
0.24139232833204072
0.24156932837126893
0.24174685201894872
0.24192490066272454
0.2421034756961981
0.24228257851895774
0.24246221053660594
0.24264237316078793
0.24282306780922097
0.24300429590572245
0.24318605888023936
0.24336835816887734
0.24355119521392965
0.243734571463908
0.24391848837357047
0.24410294740395333
0.24428795002239906
0.24447349770258867
0.24465959192457049
0.24484623417479212
0.24503342594612992
0.2452211687379213
0.24540946405599506
0.2455983134127031
0.24578771832695184
0.24597768032423417
0.2461682009366613
0.24635928170299493
0.24655092416867933
0.2467431298858745
0.24693590041348823
0.2471292373172094
0.24732314216954135
0.2475176165498346
0.24771266204432052
0.24790828024614608
0.24810447275540617
0.24830124117917887
0.24849858713155995
0.2486965122336964
0.24889501811382253
0.24909410640729393
0.24929377875662312
0.2494940368115153
0.2496948822289033
0.24989631667298431
0.250098341815255
0.2503009593345486
0.25050417091707144
0.2507079782564392
0.2509123830537145
0.25111738701744374
0.2513229918636945
0.2515291993160938
0.2517360111058654
0.25194342897186833
0.2521514546606351
0.25236008992641057
0.2525693365311907
0.2527791962447616
0.25298967084473906
0.2532007621166081
0.25341247185376287
0.25362480185754666
0.2538377539372925
0.25405132991036333
0.25426553160219373
0.2544803608463302
0.25469581948447256
0.2549119093665164
0.2551286323505946
0.2553459903031189
0.2555639850988233
0.2557826186208064
0.2560018927605739
0.25622180941808304
0.25644237050178453
0.2566635779286682
0.2568854336243054
0.2571079395228945
0.2573310975673048
0.2575549097091226
0.2577793779086947
0.2580045041351755
0.25823029036657186
0.2584567385897898
0.2586838508006804
0.2589116290040867
0.2591400752138908
0.25936919145306125
0.2595989797536997
0.25982944215709053
0.2600605807137475
0.26029239748346267
0.26052489453535627
0.2607580739479239
0.26099193780908814
0.26122648821624656
0.26146172727632283
0.2616976571058171
0.2619342798308563
0.2621715975872455
0.2624096125205197
0.2626483267859946
0.26288774254882
0.2631278619840313
0.26336868727660234
0.26361022062149914
0.26385246422373254
0.26409542029841293
0.26433909107080367
0.26458347877637584
0.2648285856608636
0.2650744139803186
0.2653209660011661
0.26556824400026124
0.26581625026494465
0.2660649870931
0.26631445679321025
0.2665646616844155
0.2668156040965717
0.2670672863703069
0.26731971085708184
0.26757287991924805
0.2678267959301074
0.2680814612739719
0.2683368783462238
0.26859304955337626
0.26884997731313465
0.26910766405445746
0.26936611221761875
0.26962532425426944
0.26988530262750116
0.27014604981190854
0.2704075682936526
0.27066986057052567
0.2709329291520141
0.2711967765593651
0.27146140532564994
0.27172681799583115
0.2719930171268281
0.27226000528758326
0.27252778505912945
0.2727963590346577
0.27306572981958455
0.27333590003162095
0.2736068723008405
0.27387864926974964
0.27415123359335664
0.2744246279392423
0.27469883498763087
0.2749738574314605
0.27524969797645593
0.2755263593412
0.2758038442572069
0.276082155468995
0.2763612957341606
0.27664126782345244
0.276922074520846
0.2772037186236193
0.277486202942428
0.27776953030138263
0.2780537035381238
0.27833872550390176
0.2786245990636526
0.27891132709607735
0.27919891249372036
0.27948735816305004
0.27977666702453763
0.28006684201273874
0.28035788607637396
0.2806498021784114
0.28094259329614774
0.2812362624212926
0.28153081256005125
0.28182624673320866
0.2821225679762146
0.28241977933926854
0.2827178838874057
0.28301688470058345
0.28331678487376855
0.28361758751702515
0.2839192957556017
0.28422191273002184
0.28452544159617316
0.2848298855253967
0.285135247704579
0.2854415313362429
0.28574873963864006
0.2860568758458434
0.28636594320784103
0.28667594499063
0.28698688447631165
0.2872987649631863
0.2876115897658501
0.28792536221529214
0.28824008565899084
0.28855576346101414
0.2888723990021161
0.28918999567983894
0.28950855690861177
0.2898280861198528
0.29014858676207045
0.29047006230096645
0.2907925162195395
0.29111595201818824
0.29144037321481775
0.2917657833449434
0.29209218596179876
0.29241958463644213
0.2927479829578647
0.2930773845330989
0.2934077929873283
0.2937392119639981
0.2940716451249264
0.2944050961504154
0.2947395687393649
0.2950750666093862
0.29541159349691565
0.29574915315733047
0.2960877493650658
0.2964273859137302
0.2967680666162244
0.29710979530486004
0.29745257583147944
0.29779641206757557
0.2981413079044144
0.29848726725315683
0.29883429404498146
0.29918239223120946
0.2995315657834301
0.2998818186936253
0.3002331549742983
0.30058557865860064
0.3009390938004613
0.30129370447471665
0.3016494147772417
0.30200622882508116
0.3023641507565832
0.3027231847315325
0.3030833349312855
0.30344460555890673
0.3038070008393052
0.30417052501937225
0.3045351823681213
0.3049009771768276
0.3052679137591684
0.3056359964513675
0.30600522961233584
0.30637561762381843
0.30674716489053755
0.30711987584034195
0.30749375492435244
0.30786880661711163
0.30824503541673415
0.30862244584505805
0.30900104244779664
0.3093808297946924
0.3097618124796712
0.310143995121
0.3105273823614412
0.31091197886841343
0.31129778933415087
0.3116848184758626
0.31207307103589654
0.3124625517819014
0.31285326550699266
0.31324521702991814
0.31363841119522395
0.31403285287342525
0.31442854696117467
0.31482549838143437
0.31522371208364774
0.31562319304391434
0.3160239462651648
0.3164259767773375
0.31682928963755685
0.3172338899303123
0.3176397827676408
0.31804697328930753
0.31845546666299046
0.3188652680844657
0.319276382777795
0.3196888159955122
0.3201025730188153
0.3205176591577561
0.32093407975143406
0.32135184016819024
0.3217709458058037
0.3221914020916881
0.322613214483093
0.323036388467302
0.3234609295618369
0.3238868433146615
0.32431413530438685
0.3247428111404788
0.32517287646346754
0.3256043369451575
0.32603719828884103
0.32647146622951095
0.3269071465340784
0.32734424500158965
0.3277827674634452
0.3282227197836221
0.32866410785889677
0.3291069376190692
0.32955121502719137
0.3299969460797949
0.33044413680712137
0.33089279327335636
0.33134292157686224
0.3317945278504153
0.332247618261445
0.3327021990122722
0.3331582763403543
0.33361585651852665
0.33407494585525166
0.3345355506948654
0.3349976774178299
0.3354613324409838
0.3359265222177983
0.33639325323863534
0.3368615320310042
0.33733136515982426
0.3378027592276892
0.3382757208751307
0.33875025678088844
0.33922637366217984
0.33970407827497123
0.34018337741425564
0.34066427791432685
0.3411467866490617
0.34163091053220024
0.3421166565176306
0.34260403159967723
0.3430930428133877
0.34358369723482707
0.34407600198137056
0.3445699642120007
0.3450655911276076
0.34556288997128987
0.34606186802865996
0.3465625326281511
0.34706489114132716
0.34756895098319646
0.3480747196125252
0.3485822045321564
0.3490914132893324
0.3496023534760151
0.35011503272921624
0.35062945873132406
0.3511456392104371
0.35166358194069913
0.35218329474263593
0.3527047854834996
0.3532280620776088
0.3537531324866997
0.3542800047202733
0.35480868683595046
0.35533918693982824
0.3558715131868391
0.3564056737811148
0.35694167697635104
0.35747953107617864
0.3580192444345348
0.3585608254560404
0.3591042825963785
0.35964962436267794
0.36019685931389905
0.36074599606122437
0.3612970432684504
0.3618500096523865
0.362404903983254
0.3629617350850905
0.36352051183615847
0.3640812431693557
0.3646439380726312
0.36520860558940393
0.3657752548189864
0.3663438949170102
0.3669145350958579
0.36748718462509683
0.36806185283191817
0.36863854910157967
0.3692172828778517
0.3697980636634689
0.3703809010205853
0.37096580457123285
0.37155278399778535
0.3721418490434269
0.37273300951262245
0.37332627527159645
0.37392165624881263
0.3745191624354598
0.3751188038859418
0.3757205907183731
0.37632453311507646
0.37693064132308934
0.3775389256546702
0.378149396487814
0.37876206426676934
0.37937693950256296
0.3799940327735278
0.3806133547258358
0.38123491607403615
0.38185872760160083
0.3824848001614708
0.3831131446766117
0.3837437721405724
0.38437669361805055
0.385011920245461
0.3856494632315134
0.3862893338577921
0.3869315434793437
0.38757610352526817
0.3882230254993185
0.3888723209805031
0.3895240016236984
0.39017807916026076
0.3908345653986519
0.39149347222506387
0.3921548116040549
0.39281859557918875
0.39348483627368175
0.394153545891055
0.39482473671579377
0.39549842111401373
0.3961746115341324
0.39685332050754946
0.39753456064933074
0.39821834465890166
0.3989046853207481
0.39959359550511886
0.40028508816874325
0.4009791763555493
0.40167587319739134
0.4023751919147865
0.40307714581765614
0.40378174830607466
0.4044890128710304
0.4051989530951865
0.4059115826536561
0.4066269153147827
0.40734496494092814
0.4080657454892704
0.4087892710126058
0.40951555566016407
0.41024461367842946
0.41097645941196836
0.41171110730426985
0.4124485718985894
0.4131888678388075
0.4139320098702915
0.41467801284076855
0.41542689170121067
0.4161786615067209
0.41693333741743915
0.41769093469944796
0.41845146872569305
0.41921495497691347
0.41998140904257797
0.42075084662183554
0.4215232835244712
0.4222987356718759
0.4230772190980257
0.4238587499504688
0.4246433444913263
0.42543101909830083
0.42622179026569734
0.42701567460545564
0.4278126888481905
0.4286128498442462
0.4294161745647631
0.43022268010274883
0.4310323836741704
0.43184530261905013
0.43266145440257825
0.4334808566162359
0.4343035269789292
0.43512948333813667
0.43595874367106907
0.43679132608584154
0.43762724882265774
0.43846653025501003
0.43930918889088666
0.4401552433739986
0.4410047124850157
0.44185761514281924
0.4427139704057637
0.4435737974729583
0.44443711568555744
0.44530394452806904
0.4461743036296756
0.44704821276556916
0.44792569185830444
0.44880676097916167
0.4496914403495296
0.4505797503423024
0.4514717114832887
0.45236734445264337
0.45326667008630817
0.4541697093774735
0.4550764834780543
0.4559870137001838
0.4569013215177226
0.45781942856778657
0.4587413566522905
0.4596671277395116
0.46059676396566707
0.4615302876365144
0.46246772122896473
0.4634090873927196
0.4643544089519242
0.46530370890683626
0.4662570104355234
0.46721433689556907
0.46817571182580553
0.46914115894806635
0.4701107021689533
0.47108436558163314
0.472062173467645
0.4730441502987413
0.47403032073873513
0.47502070964538384
0.4760153420722825
0.4770142432707905
0.47801743869197133
0.4790249539885633
0.4800368150169668
0.4810530478392602
0.4820736787252347
0.48309873415446086
0.48412824081837164
0.4851622256223755
0.48620071568799306
0.4872437383550186
0.4882913211837111
0.4893434919570051
0.490400278682757
0.49146170959601004
0.49252781316129085
0.49359861807493693
0.49467415326744435
0.49575444790585177
0.49683953139614967
0.4979294333857198
0.4990241837658052
0.50012381267401
0.5012283504968295
0.5023378278722119
0.5034522756921542
0.5045717251053241
0.5056962075197223
0.5068257546053712
0.5079603982970408
0.5091001707970076
0.5102451045778492
0.5113952323852714
0.5125505872409725
0.5137112024455444
0.5148771115814109
0.5160483485157974
0.5172249474037475
0.5184069426911703
0.519594369117929
0.5207872617209722
0.5219856558374992
0.5231895871081701
0.5243990914803541
0.5256142052114267
0.5268349648720969
0.5280614073497902
0.5292935698520688
0.5305314899100936
0.5317752053821417
0.5330247544571552
0.5342801756583522
0.5355415078468697
0.5368087902254653
0.5380820623422657
0.539361364094558
0.5406467357326397
0.5419382178637149
0.5432358514558422
0.5445396778419387
0.5458497387238298
0.5471660761763647
0.548488732651573
0.5498177509828917
0.5511531743894346
0.5524950464803321
0.553843411259122
0.5551983131281982
0.5565597968933294
0.5579279077682279
0.5593026913791873
0.5606841937697832
0.5620724614056358
0.5634675411792393
0.564869480414857
0.5662783268734848
0.5676941287578856
0.5691169347176854
0.5705467938545482
0.5719837557274229
0.5734278703578557
0.5748791882353835
0.5763377603230032
0.5778036380627124
0.5792768733811317
0.5807575186952096
0.582245626917999
0.5837412514645264
0.5852444462577336
0.5867552657345138
0.5882737648518277
0.5897999990929093
0.5913340244735592
0.5928758975485343
0.594425675418019
0.5959834157341964
0.5975491767079187
0.5991230171154673
0.6007049963054106
0.6022951742055721
0.6038936113300828
0.6055003687865602
0.6071155082833701
0.6087390921370103
0.6103711832795968
0.6120118452664614
0.6136611422838657
0.6153191391568259
0.6169859013570566
0.6186614950110269
0.6203459869081516
0.6220394445090929
0.6237419359541871
0.6254535300720079
0.627174296388051
0.6289043051335519
0.6306436272544441
0.6323923344204437
0.6341504990342823
0.6359181942410768
0.6376954939378409
0.6394824727831485
0.6412792062069472
0.6430857704205165
0.6449022424265854
0.6467287000296077
0.6485652218461989
0.6504118873157322
0.652268776711105
0.6541359711496716
0.6560135526043502
0.6579016039149059
0.6598002087994119
0.6617094518658925
0.6636294186241494
0.6655601954977889
0.6675018698364223
0.6694545299280793
0.6714182650118109
0.6733931652905056
0.6753793219439016
0.6773768271418201
0.6793857740576128
0.6814062568818195
0.6834383708360648
0.6854822121871693
0.6875378782615013
0.6896054674595623
0.6916850792708162
0.6937768142887605
0.6958807742262544
0.697997061931095
0.7001257814018657
0.7022670378040391
0.7044209374863533
0.7065875879974753
0.7087670981029344
0.7109595778023463
0.7131651383469275
0.7153838922573238
0.7176159533417243
0.7198614367142961
0.7221204588139413
0.7243931374233643
0.7266795916884835
0.7289799421381725
0.7312943107043456
0.7336228207423982
0.735965597052002
0.738322765898263
0.740694455033264
0.7430807937179719
0.745481912744549
0.7478979444590449
0.750329022784509
0.752775283244511
0.7552368629870738
0.7577139008090545
0.760206537180949
0.7627149142721574
0.7652391759767011
0.7677794679394195
0.7703359375826201
0.7729087341332543
0.7754980086505588
0.7781039140542235
0.7807266051530823
0.7833662386743251
0.7860229732932612
0.7886969696636436
0.7913883904485437
0.7940974003518259
0.7968241661502022
0.7995688567258954
0.8023316430999302
0.8051126984660426
0.8079121982252524
0.8107303200210837
0.8135672437754713
0.8164231517253532
0.8192982284599778
0.8221926609589278
0.8251066386308843
0.8280403533531476
0.8309939995119462
0.8339677740435028
0.836961876475959
0.8399765089720795
0.8430118763728404
0.8460681862418664
0.8491456489107612
0.852244477525347
0.8553648880928361
0.8585070995299385
0.8616713337119727
0.864857815522943
0.8680667729066631
0.8712984369189019
0.8745530417806279
0.8778308249323062
0.8811320270893805
0.884456892298835
0.8878056679969956
0.8911786050684899
0.8945759579064713
0.8979979844741001
0.9014449463673212
0.9049171088789737
0.9084147410642583
0.9119381158076016
0.9154875098909565
0.9190632040635691
0.922665483113233
0.9262946359391161
0.9299509556261308
0.9336347395209625
0.9373462893097263
0.9410859110973505
0.9448539154887049
0.9486506176715199
0.9524763375011277
0.9563313995871404
0.9602161333820058
0.9641308732715972
0.9680759586678097
0.972051734103278
0.9760585493282248
0.9800967594095247
0.9841667248320293
0.9882688116022117
0.9924033913542237
0.9965708414583736
1.0007715451321484
1.0050058915537978
1.0092742759786224
1.0135770998579314
1.017914770960867
1.0222877034990623
1.0266963182543019
1.0311410427092025
1.0356223111810419
1.0401405649588011
1.0446962524435137
1.0492898292920307
1.0539217585642588
1.0585925108740422
1.0633025645437055
1.068052405762445
1.0728425287485956
1.0776734359159765
1.0825456380443612
1.0874596544542299
1.0924160131859155
1.097415251183276
1.1024579144820428
1.1075445584029566
1.1126757477498364
1.1178520570127808
1.1230740705765558
1.1283423829344543
1.1336575989076592
1.1390203338703953
1.1444312139809685
1.1498908764189117
1.155399969628399
1.1609591535681711
1.1665690999681202
1.1722304925927662
1.1779440275118427
1.183710413378235
1.189530371713458
1.19540463720095
1.201333957987442
1.2073190959926199
1.2133608272273668
1.219459942120928
1.2256172458571448
1.2318335587202174
1.2381097164501924
1.2444465706085575
1.2508449889542368
1.2573058558304375
1.2638300725625091
1.270418557867419
1.2770722482750914
1.2837920985620508
1.290579082197803
1.2974341918043792
1.3043584396295118
1.3113528580338953
1.318418499993054
1.3255564396142858
1.3327677726692582
1.3400536171427972
1.3474151137984092
1.3548534267612267
1.3623697441188933
1.3699652785410847
1.3776412679184462
1.3853989760214018
1.3932396931798623
1.4011647369844227
1.409175453009849
1.4172732155617958
1.4254594284474873
1.4337355257714373
1.4421029727569554
1.4505632665946242
1.4591179373185816
1.467768548711914
1.4765166992420438
1.4853640230275071
1.4943121908371286
1.5033629111231126
1.5125179310892034
1.521779037795379