-8.397748425889838e-20
-1.7024354430231827e-14
-4.329741921666939e-13
-3.0493719472185392e-12
-1.2420738524928111e-11
-3.729954051870891e-11
-9.224323808648583e-11
-1.9944835909684127e-10
-3.9088816590635454e-10
-7.10846437928476e-10
-1.2189613281505896e-9
-1.993921755899584e-9
-3.1379966852573844e-9
-4.782627854413674e-9
-7.095383455487912e-9
-1.0288660139113425e-8
-1.4630641108121799e-8
-2.0459182491835137e-8
-2.8199523970307755e-8
-3.8387029329729324e-8
-5.169659313102677e-8
-6.898095609583241e-8
-9.132103365956711e-8
-1.2009260234149348e-7
-1.570554964439913e-7
-2.0447413582102453e-7
-2.6528220625610334e-7
-3.433104039991088e-7
-4.43605588134453e-7
-5.728845713211408e-7
-7.401897550557249e-7
-9.57853310989887e-7
-1.242943294121588e-6
-1.6194807885746776e-6
-2.1219241893863185e-6
-2.8007998482885903e-6
-3.7320950852350373e-6
-5.0335091778025695e-6
-6.893779605351578e-6
-9.628269732695259e-6
-0.00001379060559359204
-0.000020412758109068134
-0.00003156491897207826
-0.00005178933851077905
-0.00009214370889145362
-0.00018199405400440863
-0.000387547413281386
-0.0006314361976425649
-0.0004803090203431277
-0.00026773428785553156
-0.00015951447363148563
-0.00010566864164290024
-0.00007609552270696748
-0.00005827444803302932
-0.00004671613514412487
-0.000038778716231417145
-0.000033077478862070956
-0.000028832875944646818
-0.00002557936062974305
-0.000023024945018836515
-0.00002097881790267697
-0.000019311869921648702
-0.00001793409860364042
-0.00001678112521567277
-0.000015805852788510092
-0.000014973139206040282
-0.00001425629955836502
-0.000013634752157808861
-0.000013092398952447524
-0.000012616488949855074
-0.000012196806238934635
-0.000011825080440132909
-0.000011494552300575696
-0.000011199649264080664
-0.000010935740161187182
-0.000010698947600897907
-0.000010486002974675147
-0.000010294133298010264
-0.00001012097209548317
-9.964488627859855e-6
-9.822931241689525e-6
-9.694781688058885e-6
-9.578718032782626e-6
-9.473584345209883e-6
-9.378365776277157e-6
-9.292167948431653e-6
-9.214199819956946e-6
-9.143759363460985e-6
-9.08022153861335e-6
-9.023028144889514e-6
-8.971679222881643e-6
-8.925725737060361e-6
-8.884763324919442e-6
-8.848426936294393e-6
-8.816386219830479e-6
-8.788341538604913e-6
-8.764020517707182e-6
-8.743175043522624e-6
-8.725578647511256e-6
-8.711024218666754e-6
-8.699321997929943e-6
-8.690297814763993e-6
-8.683791533169654e-6
-8.679655678358534e-6
-8.677754220607972e-6
-8.677961495511845e-6
-8.68016124361073e-6
-8.684245753893876e-6
-8.690115098734629e-6
-8.697676449088308e-6
-8.706843460214954e-6
-8.717535719672814e-6
-8.729678250610117e-6
-8.743201063651467e-6
-8.758038752345327e-6
-8.774130126989905e-6
-8.791417882932684e-6
-8.809848299530169e-6
-8.829370966512427e-6
-8.849938534920663e-6
-8.871506490148574e-6
-8.89403294474461e-6
-8.917478449054646e-6
-8.941805817990266e-6
-8.966979972253965e-6
-8.992967792728515e-6
-9.019737986740855e-6
-9.047260965035572e-6
-9.075508728660191e-6
-9.10445476454128e-6
-9.134073949328775e-6
-9.164342460484286e-6
-9.195237694149449e-6
-9.226738189107846e-6
-9.258823556413805e-6
-9.291474414077889e-6
-9.324672326531642e-6
-9.358399748330231e-6
-9.392639971915798e-6
-9.427377078901986e-6
-9.462595894826256e-6
-9.498281946896495e-6
-9.534421424602157e-6
-9.57100114297229e-6
-9.608008508289515e-6
-9.6454314858893e-6
-9.68325857023408e-6
-9.721478756736199e-6
-9.760081515447156e-6
-9.799056766382121e-6
-9.838394856328503e-6
-9.878086537118015e-6
-9.918122945208243e-6
-9.958495582483439e-6
-9.999196298173327e-6
-0.000010040217271886608
-0.000010081550997611978
-0.000010123190268615846
-0.000010165128163236253
-0.000010207358031482172
-0.000010249873482377125
-0.000010292668371977227
-0.000010335736792124709
-0.000010379073059740949
-0.000010422671706719519
-0.000010466527470390214
-0.000010510635284482175
-0.000010554990270511304
-0.000010599587729696955
-0.000010644423135233786
-0.000010689492125007184
-0.000010734790494638615
-0.00001078031419091206
-0.00001082605930552127
-0.000010872022069126278
-0.000010918198845692686
-0.000010964586127142703
-0.000011011180528196104
-0.000011057978781560785
-0.000011104977733261086
-0.000011152174338211747
-0.000011199565656045764
-0.000011247148847068844
-0.000011294921168460281
-0.000011342879970594494
-0.000011391022693581033
-0.00001143934686392569
-0.000011487850091327196
-0.000011536530065710814
-0.000011585384554244971
-0.000011634411398617693
-0.000011683608512363536
-0.00001173297387833029
-0.00001178250554625142
-0.00001183220163040705
-0.000011882060307408902
-0.000011932079814060687
-0.000011982258445306949
-0.000012032594552293253
-0.0000120830865404532
-0.000012133732867737483
-0.000012184532042863215
-0.00001223548262367803
-0.00001228658321552221
-0.000012337832469750886
-0.000012389229082231833
-0.000012440771791947363
-0.000012492459379626791
-0.00001254429066645678
-0.0000125962645128139
-0.000012648379817069753
-0.000012700635514426578
-0.000012753030575796889
-0.00001280556400674956
-0.000012858234846439146
-0.000012911042166643253
-0.000012963985070801872
-0.000013017062693076886
-0.00001307027419746733
-0.000013123618776965018
-0.000013177095652700619
-0.000013230704073193294
-0.00001328444331353088
-0.000013338312674652876
-0.000013392311482647922
-0.0000134464390880351
-0.000013500694865113651
-0.000013555078211325118
-0.00001360958854662054
-0.000013664225312868604
-0.000013718987973269747
-0.000013773876011806504
-0.000013828888932698393
-0.000013884026259868135
-0.000013939287536454865
-0.000013994672324315585
-0.000014050180203554474
-0.000014105810772075116
-0.000014161563645108874
-0.000014217438454831562
-0.000014273434849912867
-0.000014329552495139026
-0.000014385791071006634
-0.000014442150273376035
-0.000014498629813068555
-0.000014555229415550066
-0.000014611948820574155
-0.000014668787781853686
-0.000014725746066733993
-0.000014782823455906703
-0.00001484001974308092
-0.000014897334734711244
-0.000014954768249711175
-0.000015012320119176905
-0.00001506999018611278
-0.000015127778305210075
-0.00001518568434254544
-0.000015243708175385056
-0.00001530184969191769
-0.000015360108791053984
-0.00001541848538217555
-0.000015476979384951613
-0.000015535590729107343
-0.000015594319354236442
-0.000015653165209587287
-0.000015712128253901692
-0.000015771208455196676
-0.000015830405790610647
-0.000015889720246213893
-0.000015949151816852824
-0.000016008700505960065
-0.000016068366325426356
-0.000016128149295424976
-0.000016188049444269366
-0.00001624806680826184
-0.000016308201431545787
-0.000016368453365987814
-0.00001642882267100986
-0.000016489309413497127
-0.000016549913667635317
-0.000016610635514817466
-0.000016671475043495406
-0.000016732432349082617
-0.00001679350753383915
-0.000016854700706745118
-0.000016916011983414442
-0.00001697744148597076
-0.000017038989342956915
-0.00001710065568924357
-0.000017162440665908504
-0.0000172243444201704
-0.00001728636710527456
-0.000017348508880424792
-0.000017410769910672153
-0.00001747315036686586
-0.000017535650425531025
-0.00001759827026882717
-0.000017661010084442063
-0.00001772387006553103
-0.00001778685041064464
-0.000017849951323645786
-0.000017913173013657013
-0.00001797651569497915
-0.000018039979587032477
-0.000018103564914289612
-0.000018167271906214298
-0.000018231100797198495
-0.00001829505182651785
-0.000018359125238257795
-0.000018423321281253683
-0.000018487640209059138
-0.000018552082279875484
-0.00001861664775650317
-0.000018681336906291422
-0.00001874615000110483
-0.000018811087317246305
-0.000018876149135438252
-0.000018941335740768056
-0.000019006647422645684
-0.00001907208447475099
-0.00001913764719500793
-0.000019203335885538122
-0.000019269150852622726
-0.00001933509240666016
-0.00001940116086213852
-0.000019467356537584062
-0.000019533679755553628
-0.00001960013084256902
-0.000019666710129106964
-0.000019733417949552434
-0.000019800254642186064
-0.00001986722054913558
-0.000019934316016348566
-0.00002000154139358359
-0.000020068897034351667
-0.000020136383295926328
-0.000020204000539274346
-0.000020271749129075446
-0.000020339629433662868
-0.00002040764182501758
-0.000020475786678741737
-0.000020544064374037952
-0.0000206124752936769
-0.000020681019823998397
-0.00002074969835486501
-0.000020818511279667827
-0.0000208874589952854
-0.000020956541902077153
-0.00002102576040387116
-0.000021095114907935503
-0.00002116460582496117
-0.000021234233569060056
-0.000021303998557731747
-0.000021373901211868495
-0.000021443941955722198
-0.000021514121216902683
-0.000021584439426357354
-0.000021654897018365307
-0.00002172549443051953
-0.000021796232103715583
-0.00002186711048214711
-0.000021938130013285005
-0.00002200929114787375
-0.00002208059433992219
-0.00002215204004668626
-0.000022223628728675002
-0.00002229536084961913
-0.000022367236876489795
-0.00002243925727947436
-0.00002251142253196362
-0.000022583733110562207
-0.000022656189495068598
-0.00002272879216848093
-0.000022801541616976455
-0.000022874438329914908
-0.000022947482799839847
-0.0000230206755224535
-0.000023094016996635313
-0.00002316750772442423
-0.000023241148211026493
-0.000023314938964789717
-0.00002338888049723403
-0.00002346297332301226
-0.000023537217959940066
-0.00002361161492897158
-0.000023686164754211565
-0.0000237608679629025
-0.00002383572508543096
-0.00002391073665533215
-0.000023985903209274636
-0.000024061225287071386
-0.000024136703431677525
-0.000024212338189189467
-0.000024288130108843867
-0.000024364079743022545
-0.000024440187647254475
-0.000024516454380207803
-0.00002459288050370619
-0.000024669466582719123
-0.000024746213185367983
-0.000024823120882930188
-0.000024900190249838628
-0.000024977421863689315
-0.00002505481630523959
-0.00002513237415841559
-0.000025210096010314534
-0.000025287982451205022
-0.000025366034074540723
-0.000025444251476953298
-0.00002552263525826546
-0.000025601186021494193
-0.00002567990437285084
-0.00002575879092175335
-0.000025837846280830027
-0.000025917071065919408
-0.00002599646589608874
-0.000026076031393621337
-0.000026155768184048164
-0.000026235676896131186
-0.000026315758161877542
-0.00002639601261655934
-0.000026476440898695488
-0.00002655704365009016
-0.00002663782151581195
-0.000026718775144217738
-0.000026799905186960545
-0.000026881212298988816
-0.000026962697138563857
-0.000027044360367263076
-0.00002712620264999272
-0.000027208224654998537
-0.000027290427053857254
-0.000027372810521521076
-0.000027455375736288197
-0.000027538123379842146
-0.000027621054137243508
-0.000027704168696953265
-0.000027787467750830958
-0.00002787095199415957
-0.000027954622125641033
-0.000028038478847415107
-0.000028122522865068353
-0.000028206754887651704
-0.00002829117562768452
-0.000028375785801166607
-0.0000284605861275955
-0.00002854557732997068
-0.000028630760134810844
-0.00002871613527216931
-0.000028801703475638725
-0.000028887465482368416
-0.000028973422033080634
-0.000029059573872071236
-0.000029145921747235026
-0.000029232466410081998
-0.000029319208615734742
-0.00002940614912295798
-0.000029493288694159704
-0.000029580628095417736
-0.000029668168096489295
-0.000029755909470814694
-0.000029843852995551704
-0.000029931999451576637
-0.00003002034962350148
-0.000030108904299689005
-0.000030197664272276446
-0.000030286630337176482
-0.00003037580329410209
-0.000030465183946582677
-0.0000305547731019742
-0.0000306445715714872
-0.00003073458017018445
-0.000030824799717016365
-0.00003091523103482431
-0.00003100587495036513
-0.000031096732294321795
-0.0000311878039013338
-0.000031279090609994344
-0.00003137059326288301
-0.00003146231270658224
-0.00003155424979168495
-0.000031646405372825715
-0.00003173878030869464
-0.00003183137546204481
-0.000031924191699730696
-0.000032017229892705474
-0.00003211049091606419
-0.000032203975649036316
-0.000032297684975030275
-0.0000323916197816326
-0.00003248578096063752
-0.000032580169408069356
-0.00003267478602418953
-0.00003276963171353362
-0.000032864707384921515
-0.00003296001395148067
-0.00003305555233066519
-0.00003315132344427688
-0.00003324732821848437
-0.000033343567583852526
-0.00003344004247535951
-0.000033536753832411057
-0.00003363370259887335
-0.0000337308897230856
-0.000033828316157894646
-0.00003392598286066285
-0.000034023890793296714
-0.00003412204092227904
-0.00003422043421867242
-0.00003431907165815651
-0.00003441795422104977
-0.0000345170828923285
-0.00003461645866165561
-0.00003471608252340226
-0.000034815955476664935
-0.000034916078525303355
-0.00003501645267795359
-0.00003511707894805929
-0.0000352179583538939
-0.00003531909191858628
-0.000035420480670141354
-0.000035522125641473926
-0.000035624027870431186
-0.00003572618839981481
-0.000035828608277410134
-0.000035931288556013406
-0.00003603423029345503
-0.000036137434552626904
-0.00003624090240151774
-0.000036344634913221054
-0.00003644863316598274
-0.00003655289824321895
-0.00003665743123354495
-0.00003676223323079509
-0.000036867305334069604
-0.000036972648647748765
-0.000037078264281519107
-0.00003718415335041723
-0.00003729031697484074
-0.000037396756280590364
-0.000037503472398895246
-0.00003761046646644192
-0.00003771773962540282
-0.00003782529302347422
-0.000037933127813896725
-0.00003804124515548305
-0.00003814964621266994
-0.00003825833215552316
-0.000038367304159782335
-0.00003847656340689934
-0.00003858611108404613
-0.00003869594838417846
-0.00003880607650603578
-0.00003891649665420248
-0.000039027210039113426
-0.000039138217877118084
-0.00003924952139048003
-0.00003936112180743612
-0.000039473020362217344
-0.000039585218295091016
-0.000039697716852381054
-0.00003981051728652024
-0.00003992362085607196
-0.00004003702882577253
-0.00004015074246655578
-0.000040264763055603274
-0.00004037909187636828
-0.000040493730218622175
-0.00004060867937847505
-0.00004072394065843114
-0.00004083951536741026
-0.00004095540482079208
-0.00004107161034045103
-0.00004118813325480382
-0.000041304974898821125
-0.000041422136614100394
-0.00004153961974888089
-0.00004165742565808313
-0.00004177555570336088
-0.00004189401125312947
-0.00004201279368260676
-0.00004213190437386356
-0.000042251344715841076
-0.00004237111610442303
-0.000042491219942438025
-0.00004261165763974262
-0.00004273243061322746
-0.000042853540286880655
-0.00004297498809181544
-0.000043096775466326544
-0.00004321890385591854
-0.000043341374713360266
-0.00004346418949872204
-0.000043587349679417097
-0.000043710856730256426
-0.000043834712133480895
-0.00004395891737880675
-0.000044083473963482954
-0.00004420838339231823
-0.00004433364717773877
-0.000044459266839835976
-0.000044585243906401756
-0.00004471157991298206
-0.00004483827640292362
-0.000044965334927422995
-0.00004509275704556197
-0.000045220544324376084
-0.000045348698338883336
-0.00004547722067215086
-0.000045606112915319236
-0.000045735376667678807
-0.000045865013536703485
-0.000045995025138101395
-0.00004612541309587778
-0.00004625617904236597
-0.00004638732461829802
-0.00004651885147283588
-0.000046650761263648834
-0.00004678305565694214
-0.00004691573632752475
-0.00004704880495885204
-0.00004718226324309181
-0.00004731611288116487
-0.00004745035558280987
-0.00004758499306662859
-0.00004772002706014827
-0.00004785545929987739
-0.000047991291531357704
-0.00004812752550921957
-0.000048264162997249
-0.000048401205768425844
-0.000048538655605000086
-0.000048676514298548606
-0.000048814783650011816
-0.000048953465469782635
-0.00004909256157774462
-0.00004923207380334477
-0.00004937200398564332
-0.00004951235397338113
-0.00004965312562503924
-0.00004979432080890013
-0.00004993594140311291
-0.00005007798929574778
-0.0000502204663848712
-0.00005036337457859641
-0.00005050671579515987
-0.000050650491962977034
-0.00005079470502070987
-0.000050939356917332516
-0.000051084449612199435
-0.000051229985075109564
-0.000051375965286373276
-0.00005152239223688261
-0.000051669267928172144
-0.00005181659437249862
-0.000051964373592901975
-0.000052112607623276196
-0.000052261298508439165
-0.000052410448304211145
-0.000052560059077467587
-0.00005271013290623698
-0.00005286067187975071
-0.00005301167809852521
-0.000053163153674435243
-0.00005331510073078397
-0.00005346752140238766
-0.00005362041783564229
-0.00005377379218859483
-0.00005392764663103257
-0.00005408198334454889
-0.000054236804522628984
-0.00005439211237072233
-0.000054547909106319506
-0.00005470419695904212
-0.00005486097817071289
-0.00005501825499543867
-0.000055176029699690625
-0.000055334304562391294
-0.000055493081874993485
-0.0000556523639415593
-0.000055812153078852186
-0.00005597245161641451
-0.000056133261896657545
-0.00005629458627494648
-0.00005645642711967725
-0.000056618786812382174
-0.00005678166774780199
-0.00005694507233397776
-0.0000571090029923487
-0.00005727346215782693
-0.00005743845227890641
-0.000057603975817736935
-0.00005777003525022667
-0.00005793663306613095
-0.000058103771769146836
-0.000058271453877009014
-0.000058439681921578945
-0.000058608458448951794
-0.00005877778601953637
-0.00005894766720817077
-0.000059118104604204664
-0.00005928910081161567
-0.00005946065844908362
-0.00005963278015011696
-0.000059805468563139244
-0.00005997872635159455
-0.00006015255619404917
-0.00006032696078429964
-0.00006050194283147269
-0.000060677505060134755
-0.00006085365021038966
-0.000061030381037998155
-0.00006120770031447785
-0.00006138561082721175
-0.0000615641153795594
-0.0000617432167909712
-0.00006192291789709356
-0.00006210322154988801
-0.00006228413061773729
-0.00006246564798556334
-0.00006264777655494151
-0.00006283051924422278
-0.0000630138789886439
-0.00006319785874043744
-0.00006338246146897823
-0.00006356769016086415
-0.00006375354782007878
-0.00006394003746807632
-0.0000641271621439335
-0.00006431492490445189
-0.00006450332882429855
-0.00006469237699612038
-0.00006488207253068169
-0.00006507241855698348
-0.00006526341822239609
-0.00006545507469279358
-0.00006564739115267202
-0.00006584037080530048
-0.0000660340168728381
-0.00006622833259648012
-0.0000664233212365867
-0.00006661898607282278
-0.00006681533040429608
-0.00006701235754968711
-0.00006721007084741439
-0.00006740847365574275
-0.00006760756935295563
-0.00006780736133747915
-0.00006800785302803555
-0.00006820904786379004
-0.00006841094930449411
-0.00006861356083063982
-0.00006881688594360346
-0.0000690209281658003
-0.00006922569104084362
-0.00006943117813368382
-0.00006963739303077792
-0.00006984433934023812
-0.00007005202069199496
-0.00007026044073794855
-0.00007046960315213383
-0.0000706795116308912
-0.0000708901698930124
-0.00007110158167991785
-0.00007131375075582464
-0.00007152668090789768
-0.00007174037594644058
-0.00007195483970505361
-0.00007217007604080308
-0.00007238608883439909
-0.00007260288199038259
-0.00007282045943727236
-0.00007303882512777443
-0.00007325798303894447
-0.00007347793717237059
-0.0000736986915543557
-0.00007392025023611117
-0.0000741426172939283
-0.00007436579682937875
-0.00007458979296949568
-0.00007481460986696584
-0.00007504025170032455
-0.00007526672267414872
-0.00007549402701924968
-0.00007572216899287455
-0.00007595115287891286
-0.000076180982988074
-0.00007641166365811937
-0.00007664319925404603
-0.00007687559416830384
-0.00007710885282099485
-0.000077342979660093
-0.00007757797916165385
-0.00007781385583002555
-0.00007805061419806335
-0.00007828825882734963
-0.00007852679430841646
-0.00007876622526096683
-0.00007900655633408727
-0.00007924779220649247
-0.00007948993758674102
-0.00007973299721345405
-0.00007997697585558062
-0.00008022187831259537
-0.0000804677094147573
-0.0000807144740233386
-0.00008096217703086293
-0.00008121082336136016
-0.00008146041797059966
-0.00008171096584633592
-0.00008196247200856593
-0.00008221494150977789
-0.00008246837943520004
-0.00008272279090306556
-0.00008297818106485913
-0.00008323455510558952
-0.00008349191824404707
-0.00008375027573306949
-0.00008400963285980269
-0.00008426999494598931
-0.00008453136734822859
-0.00008479375545824484
-0.0000850571647031853
-0.00008532160054588515
-0.00008558706848515662
-0.00008585357405606849
-0.0000861211228302534
-0.00008638972041616526
-0.00008665937245941391
-0.00008693008464302326
-0.00008720186268776181
-0.0000874747123524225
-0.00008774863943413969
-0.00008802364976869308
-0.00008829974923081988
-0.00008857694373452815
-0.00008885523923341211
-0.00008913464172096652
-0.00008941515723092915
-0.00008969679183758116
-0.00008997955165608644
-0.0000902634428428347
-0.00009054847159575569
-0.00009083464415467225
-0.0000911219668016397
-0.00009141044586128224
-0.00009170008770114851
-0.00009199089873206417
-0.00009228288540847894
-0.00009257605422883276
-0.00009287041173591532
-0.00009316596451721753
-0.00009346271920533094
-0.00009376068247828177
-0.00009405986105993704
-0.00009436026172036868
-0.00009466189127624125
-0.00009496475659118935
-0.00009526886457622844
-0.0000955742221901309
-0.00009588083643982143
-0.00009618871438079883
-0.00009649786311753073
-0.00009680828980384409
-0.00009712000164338106
-0.00009743300588997864
-0.00009774730984810789
-0.00009806292087330595
-0.00009837984637258321
-0.00009869809380488097
-0.00009901767068149926
-0.00009933858456654669
-0.00009966084307738178
-0.00009998445388505668
-0.00010030942471480084
-0.00010063576334645233
-0.0001009634776149399
-0.0001012925754107539
-0.00010162306468040455
-0.00010195495342692727
-0.00010228824971034633
-0.00010262296164817043
-0.0001029590974158945
-0.00010329666524748306
-0.0001036356734358896
-0.00010397613033356686
-0.00010431804435295242
-0.00010466142396704044
-0.00010500627770985273
-0.00010535261417700282
-0.00010570044202622046
-0.00010604976997789407
-0.00010640060681562372
-0.00010675296138674868
-0.0001071068426029478
-0.00010746225944075891
-0.00010781922094217876
-0.00010817773621522721
-0.0001085378144345225
-0.00010889946484187874
-0.000109262696746896
-0.00010962751952755773
-0.00010999394263083458
-0.00011036197557330352
-0.0001107316279417518
-0.00011110290939381888
-0.00011147582965861958
-0.00011185039853737359
-0.000112226625904061
-0.00011260452170607756
-0.00011298409596487137
-0.00011336535877662584
-0.00011374832031293203
-0.0001141329908214525
-0.00011451938062661765
-0.00011490750013032652
-0.00011529735981262601
-0.00011568897023243898
-0.00011608234202826842
-0.00011647748591892083
-0.00011687441270424423
-0.00011727313326586036
-0.00011767365856790631
-0.0001180759996578076
-0.000118480167667014
-0.00011888617381179066
-0.00011929402939398855
-0.00011970374580182937
-0.00012011533451071146
-0.00012052880708400427
-0.00012094417517386012
-0.0001213614505220445
-0.00012178064496075771
-0.00012220177041347957
-0.00012262483889581696
-0.00012304986251637011
-0.00012347685347757203
-0.000123905824076601
-0.00012433678670623912
-0.00012476975385579614
-0.0001252047381119785
-0.000125641752159839
-0.000126080808783677
-0.00012652192086800472
-0.0001269651013984503
-0.00012741036346276027
-0.0001278577202517357
-0.00012830718506022442
-0.00012875877128810094
-0.00012921249244127783
-0.00012966836213270926
-0.00013012639408341363
-0.0001305866021235066
-0.00013104900019325313
-0.00013151360234411546
-0.00013198042273983635
-0.00013244947565749408
-0.0001329207754886288
-0.000133394336740322
-0.0001338701740363234
-0.0001343483021181878
-0.00013482873584641375
-0.00013531149020158887
-0.00013579658028558408
-0.0001362840213227123
-0.0001367738286609404
-0.00013726601777309434
-0.0001377606042580793
-0.00013825760384213317
-0.00013875703238005758
-0.00013925890585648814
-0.0001397632403872051
-0.00014027005222038327
-0.00014077935773794243
-0.0001412911734568534
-0.00014180551603048375
-0.00014232240224995555
-0.00014284184904553036
-0.0001433638734879652
-0.00014388849278995766
-0.00014441572430754767
-0.00014494558554156242
-0.00014547809413905405
-0.00014601326789479658
-0.0001465511247527683
-0.0001470916828076546
-0.00014763496030637593
-0.00014818097564962425
-0.00014872974739344017
-0.0001492812942507874
-0.00014983563509313907
-0.00015039278895211358
-0.00015095277502110964
-0.0001515156126569406
-0.00015208132138155728
-0.000152649920883691
-0.00015322143102061028
-0.00015379587181985898
-0.00015437326348097862
-0.0001549536263773375
-0.00015553698105789173
-0.0001561233482490401
-0.00015671274885645464
-0.00015730520396694574
-0.0001579007348503672
-0.00015849936296151923
-0.0001591011099421007
-0.0001597059976226476
-0.0001603140480245464
-0.0001609252833620266
-0.00016153972604420185
-0.00016215739867711927
-0.00016277832406587427
-0.00016340252521668993
-0.00016403002533907439
-0.00016466084784797947
-0.0001652950163659965
-0.00016593255472555893
-0.00016657348697121495
-0.00016721783736188358
-0.00016786563037316847
-0.00016851689069967876
-0.00016917164325740616
-0.00016982991318610435
-0.00017049172585171065
-0.00017115710684881898
-0.00017182608200312652
-0.00017249867737398908
-0.0001731749192569362
-0.00017385483418627705
-0.00017453844893769452
-0.0001752257905308958
-0.00017591688623230702
-0.00017661176355776193
-0.0001773104502752735
-0.0001780129744078194
-0.000178719364236135
-0.00017942964830161798
-0.0001801438554091793
-0.00018086201463020864
-0.00018158415530551946
-0.00018231030704837973
-0.00018304049974753755
-0.00018377476357033998
-0.00018451312896584123
-0.00018525562666797847
-0.00018600228769878526
-0.00018675314337164141
-0.00018750822529458038
-0.00018826756537363646
-0.00018903119581620333
-0.0001897991491344845
-0.000190571458148988
-0.00019134815599200305
-0.00019212927611121942
-0.00019291485227331535
-0.00019370491856762656
-0.0001944995094098844
-0.00019529865954595116
-0.0001961024040556711
-0.0001969107783566972
-0.00019772381820846625
-0.0001985415597161128
-0.00019936403933456536
-0.00020019129387256564
-0.000201023360496854
-0.00020186027673634578
-0.00020270208048638538
-0.00020354881001306033
-0.00020440050395759306
-0.00020525720134073567
-0.00020611894156729883
-0.00020698576443068487
-0.00020785771011751737
-0.00020873481921232514
-0.00020961713270228237
-0.00021050469198204754
-0.0002113975388586074
-0.00021229571555626464
-0.00021319926472164208
-0.00021410822942877485
-0.00021502265318427995
-0.0002159425799325852
-0.0002168680540612468
-0.00021779912040633054
-0.0002187358242578836
-0.00021967821136545854
-0.0002206263279437489
-0.0002215802206782948
-0.00022253993673124233
-0.00022350552374723472
-0.00022447702985933473
-0.00022545450369509465
-0.00022643799438265097
-0.00022742755155695654
-0.00022842322536606064
-0.00022942506647752735
-0.00023043312608491185
-0.0002314474559143513
-0.00023246810823121506
-0.00023349513584693473
-0.00023452859212582546
-0.00023556853099209756
-0.00023661500693694155
-0.00023766807502568043
-0.00023872779090509935
-0.00023979421081083696
-0.0002408673915748888
-0.0002419473906332279
-0.00024303426603356867
-0.00024412807644320144
-0.00024522888115695795
-0.0002463367401053309
-0.0002474517138626506
-0.0002485738636554775
-0.0002497032513709979
-0.0002508399395657051
-0.0002519839914740524
-0.0002531354710173271
-0.0002542944428126823
-0.000255460972182224
-0.0002566351251623144
-0.0002578169685129716
-0.000259006569727433
-0.0002602039970418746
-0.00026140931944524504
-0.0002626226066893288
-0.00026384392929884424
-0.00026507335858184315
-0.00026631096664014864
-0.00026755682638001727
-0.0002688110115230083
-0.00027007359661688986
-0.0002713446570468828
-0.0002726242690469704
-0.00027391250971141377
-0.0002752094570064625
-0.00027651518978225455
-0.0002778297877849102
-0.00027915333166876063
-0.00028048590300886963
-0.0002818275843136862
-0.00028317845903792413
-0.0002845386115956315
-0.00028590812737352256
-0.0002872870927444604
-0.0002886755950812004
-0.0002900737227703525
-0.00029148156522657465
-0.0002928992129069588
-0.00029432675732571286
-0.0002957642910690404
-0.00029721190781031994
-0.0002986697023254483
-0.000300137770508502
-0.0003016162093876868
-0.00030310511714145964
-0.0003046045931149608
-0.00030611473783679905
-0.00030763565303603
-0.00030916744165938507
-0.00031071020788890803
-0.0003122640571598065
-0.0003138290961786292
-0.0003154054329417973
-0.00031699317675430174
-0.0003185924382489405
-0.0003202033294056803
-0.00032182596357149633
-0.00032346045548048067
-0.0003251069212742914
-0.0003267654785230173
-0.00032843624624629753
-0.00033011934493498425
-0.0003318148965729534
-0.00033352302465947884
-0.00033524385423193474
-0.0003369775118888755
-0.0003387241258135846
-0.0003404838257979382
-0.0003422567432667864
-0.0003440430113027374
-0.00034584276467135647
-0.00034765613984682987
-0.0003494832750381064
-0.00035132431021550885
-0.0003531793871377389
-0.00035504864937950173
-0.00035693224235953534
-0.00035883031336919315
-0.0003607430116014855
-0.00036267048818074913
-0.00036461289619272924
-0.0003665703907153677
-0.00036854312884999376
-0.00037053126975321256
-0.00037253497466931373
-0.00037455440696329556
-0.00037658973215455436
-0.00037864111795105635
-0.0003807087342843261
-0.00038279275334497236
-0.00038489334961891664
-0.00038701069992427617
-0.00038914498344900963
-0.0003912963817891812
-0.00039346507898799146
-0.0003956512615756027
-0.00039785511860961255
-0.0004000768417164181
-0.0004023166251332768
-0.00040457466575122487
-0.00040685116315880966
-0.00040914631968666504
-0.0004114603404529477
-0.00041379343340970664
-0.0004161458093900271
-0.00041851768215623046
-0.00042090926844899515
-0.0004233207880373267
-0.00042575246376964996
-0.00042820452162586523
-0.0004306771907704267
-0.00043317070360643985
-0.0004356852958308947
-0.00043822120649100933
-0.0004407786780416183
-0.0004433579564038224
-0.00044595929102473275
-0.0004485829349384587
-0.0004512291448283594
-0.0004538981810904923
-0.00045659030789841167
-0.0004593057932693186
-0.0004620449091314116
-0.00046480793139286114
-0.00046759514001198823
-0.0004704068190690511
-0.0004732432568394451
-0.0004761047458683449
-0.0004789915830471848
-0.00048190406969136993
-0.00048484251161992083
-0.0004878072192366638
-0.0004907985076131092
-0.0004938166965731209
-0.0004968621107795342
-0.0004999350798222633
-0.0005030359383087205
-0.0005061650259558205
-0.0005093226876841959
-0.000512509273714343
-0.0005157251396648542
-0.0005189706466528049
-0.0005222461613963525
-0.0005255520563195212
-0.0005288887096593211
-0.0005322565055752535
-0.0005356558342611049
-0.0005390870920594508
-0.0005425506815783997
-0.0005460470118112441
-0.0005495764982585357
-0.000553139563053101
-0.0005567366350876784
-0.0005603681501455955
-0.0005640345510343282
-0.0005677362877221101
-0.0005714738174776361
-0.0005752476050130317
-0.0005790581226299707
-0.0005829058503693207
-0.000586791276164118
-0.0005907148959961455
-0.0005946772140561224
-0.0005986787429076606
-0.0006027200036550656
-0.0006068015261150382
-0.0006109238489924324
-0.000615087520060229
-0.0006192930963436557
-0.0006235411443088885
-0.0006278322400559799
-0.0006321669695167846
-0.0006365459286572022
-0.0006409697236847751
-0.0006454389712608488
-0.0006499542987183222
-0.0006545163442843801
-0.0006591257573088686
-0.0006637831984981944
-0.0006684893401550093
-0.0006732448664238605
-0.0006780504735429215
-0.0006829068701019425
-0.0006878147773066969
-0.0006927749292502086
-0.0006977880731904179
-0.0007028549698353745
-0.0007079763936352165
-0.000713153133081917
-0.0007183859910165545
-0.0007236757849443615
-0.0007290233473580507
-0.0007344295260695899
-0.0007398951845501361
-0.0007454212022794563
-0.0007510084751039065
-0.0007566579156041471
-0.0007623704534724582
-0.0007681470359000243
-0.0007739886279743786
-0.0007798962130876809
-0.0007858707933557284
-0.0007919133900481969
-0.0007980250440306715
-0.0008042068162183775
-0.0008104597880425627
-0.000816785061929088
-0.0008231837617907889
-0.0008296570335326705
-0.0008362060455717075
-0.0008428319893704405
-0.000849536079985843
-0.0008563195566333491
-0.0008631836832666371
-0.0008701297491738504
-0.0008771590695905919
-0.0008842729863304193
-0.0008914728684331215
-0.000898760112831789
-0.0009061361450386652
-0.0009136024198513729
-0.0009211604220789997
-0.0009288116672896429
-0.000936557702579723
-0.0009444001073658846
-0.0009523404942001614
-0.00096038050960925
-0.0009685218349588245
-0.0009767661873436731
-0.00098511532050414
-0.0009935710257708288
-0.0010021351330369772
-0.0010108095117613532
-0.0010195960720008248
-0.0010284967654750983
-0.0010375135866640267
-0.0010466485739389303
-0.0010559038107288432
-0.001065281426723251
-0.0010747835991125334
-0.0010844125538673503
-0.0010941705670583566
-0.0011040599662180584
-0.0011140831317459348
-0.001124242498358507
-0.0011345405565862784
-0.0011449798543189968
-0.0011555629984009103
-0.001166292656278417
-0.0011771715577015907
-0.0011882024964816548
-0.0011993883323067973
-0.001210731992618467
-0.0012222364745498372
-0.0012339048469301715
-0.0012457402523562292
-0.0012577459093340924
-0.0012699251144939305
-0.0012822812448808017
-0.001294817760323928
-0.0013075382058882333
-0.001320446214410859
-0.001333545509126457
-0.001346839906384362
-0.0013603333184621042
-0.0013740297564781843
-0.001387933333408949
-0.001402048267213508
-0.0014163788840711275
-0.001430929621736033
-0.001445705033013661
-0.0014607097893651754
-0.0014759486846433261
-0.0014914266389671662
-0.0015071487027405366
-0.0015231200608206272
-0.0015393460368436707
-0.0015558320977126859
-0.0015725838582575078
-0.0015896070860708588
-0.0016069077065318284
-0.0016244918080216923
-0.0016423656473436082
-0.0016605356553526214
-0.00167900844280799
-0.0016977908064554513
-0.0017168897353513526
-0.0017363124174398028