2.463543429904906e-19
-5.626973421334763e-19
1.121335979514262e-19
5.180338959038479e-19
1.3353786071839029e-19
1.0930260473914e-20
-1.0003529968853417e-19
1.679807975166298e-19
2.9265052047593504e-19
-1.5011499113791485e-19
-1.0159356851564525e-18
3.679075075324383e-19
1.1927008562177856e-19
-3.7026722106047035e-6
1.027686725006242e-6
-6.588390990357002e-7
2.9524211322631125e-6
4.363996387701121e-6
-6.096912910241151e-6
7.0985091532916524e-6
0.000010815358215465051
6.8611417534511e-6
0.00001577627367859835
0.000012152206793541934
-0.00004750700090464313
6.016959074499498e-6
0.000011157913064600241
0.00007724240020928367
0.00006453001512189964
-0.00010913498100900514
7.288052931987383e-6
0.0000256604137026226
0.000034856336804404875
0.000028958869971226876
5.376872772082729e-6
-2.053719900822846e-7
0.00003853948904277276
-0.00013893922588628234
0.0002644712828774874
0.0001379328745787873
0.00019234723493113262
0.00016626485082247905
0.00016963571746666256
0.00016718246201397334
0.00006881724590198264
0.00008618858732563768
0.000028340570925857473
0.000028414908481954096
0.00017061453679841933
0.00008553662068127422
0.0001981945407077952
0.00013343935293453523
0.00017919171255300058
0.0001509244582407126
0.00012590157075335377
0.00012406269655447957
0.00030322496243886726
0.000015961617056199497
0.00010955015297384552
0.00001699302662867472
0.00016195532672304473
0.00007312445245128099
0.000034939856518536826
-0.00028522664955329713
-0.00007575196201554465
-0.000021051671471146825
-0.0002635620997194678
-0.00011324630618241054
-0.00025006405703637517
-0.00017223957015215374
-0.00014516566459826243
0.00004922877652349239
-0.00009869178766513039
-0.00004757786073393645
-0.000016473917792434648
0.000012594548131376053
0.00003974018999793374
0.00007518784800107386
0.00008375432365047834
0.00013754841852186853
0.00003950225566799207
-0.000013608457641648827
0.00020738772064666621
0.0002466476129857742
-0.00007362563741869752
0.00018104423954484443
0.00022879179060336777
0.00025430905805395464
-0.00024129269614191228
-0.000151128245723371
-0.00007958854683651136
-0.000016830427110481538
0.00005116425828925524
0.00007001903638272791
0.00009347730616478539
0.00019049618541405874
0.00021967119854564033
0.00020204788125494335
0.0002468194354947345
0.00023991857776617232
0.00029678959010360595
0.0003127123477033932
0.00024057125372872783
0.0002026199013964194
0.00015904020483482304
0.00011151262728907841
0.00007520133617656178
0.00006357806794211083
2.7823028649048055e-6
-0.000045012021244677115
-0.00008185718986653452
-0.0001716844608467652
7.617652192645097e-6
0.00025531895852105656
0.00022794777853855653
0.00024315908268753518
0.0002231016370697797
0.00038213109871523875
0.0002432026940303152
0.0001815332705027537
0.0002780396569520401
0.00015633137485900677
0.00010148578878606752
0.0000680549659219713
0.00002719648820181746
-0.000010815548701196904
-0.00004652410851357344
-0.00011634557214279242
-0.0001466124464991664
-0.00021612855554413094
-0.000265278942938403
-0.000312039690846909
-0.0003283386493243272
-0.0003610070465637771
-0.00032098003688394995
-0.0002680055000680928
-0.00046482245328387375
0.000037473165846745474
0.00024018286436428856
0.00021410843388309112
0.00010114258465063974
0.000029612323152576527
-0.00003514758300318435
-0.00008790699910636266
-0.00013087675661577577
-0.00018151667446319843
-0.00019418714074093411
-0.0002421517548739684
-0.00026186734849763417
-0.0002910477524169082
-0.00026880467367550084
-0.0002971970536584141
-0.00026769467297007345
-0.000278992368577065
-0.00018322616468536795
-0.00018676256103454641
-0.00014358048638207226
-0.000054465004290096796
-6.50327858222689e-6
0.000058187389996554735
0.000152326829435177
0.00020613285849586848
0.0002661649385715129
-0.00034117859952496806
-0.0003549249286247257
-0.0003512831050110946
-0.0003411438520583615
-0.00035182111817064785
-0.0003061591812295648
-0.00033689590349589505
-0.0003147518426594949
-0.00022086038651435448
-0.00014965254235979668
-0.00011800440300159283
-0.00004919530521188328
0.000017064595205759315
0.00007550011079635442
0.00013388998763293216
0.0001909083277798382
0.00023066892490905758
0.00030693120206535385
0.00036577996787562274
0.0003515029895780014
0.0004183804259554725
0.0004804191443188222
0.00046654625089212736
0.00041728114478101306
0.0004844233393176735
-0.00040696467025784445
-0.00023792716326830935
-0.00013698205456961484
-0.0000316741897260609
0.00006763411614230191
0.00014159928800197948
0.00020019105831440423
0.00023977956063988252
0.0002832135150665698
0.0003345874617878687
0.0004246043908091056
0.0004007866111196154
0.00042153067106554627
0.0003858513093260186
0.0003700296988813999
0.0003290307857055103
0.0003166975223680431
0.00019936651242366074
0.0001565494992825079
0.0000850801534633248
2.6201917761986874e-6
-0.00008248714762729525
-0.00020533017062743141
-0.00032069071212845624
-0.00038567474193322007
0.0005274681658642984
0.0005293408365745079
0.0005144412277128902
0.0005272956374697044
0.0004853911839106308
0.00046723486140405585
0.00038070606075220174
0.0003561934019631216
0.0002771973689590911
0.00021373316218875493
0.00016199691664864517
0.00006131058399274658
-0.00003600379180705272
-0.00010755921785530777
-0.00019913055778759844
-0.0002655585799593452
-0.0003588489572370677
-0.00043416585950727837
-0.0004739975671742734
-0.0005458021342862889
-0.0005584708988183686
-0.0006272503840146046
-0.0006347080607381914
-0.0005731577594680708
-0.0005499648100552674
0.00043271355907076553
0.0003038834151897109
0.00018207281460286167
0.00004547223720856479
-0.0000742603195280817
-0.00018853754429043836
-0.00027957856494568946
-0.00034641965518483953
-0.0004381798908200498
-0.0004693076105436523
-0.0004996847783084405
-0.0005390899831459229
-0.0005415557420777752
-0.0005243493453387031
-0.0004457695392367926
-0.0003985168706417069
-0.00033192690736385215
-0.0003135384015006488
-0.00021574359162637304
-0.0001039702699528006
2.8682637247193053e-6
0.0001294560683657512
0.0002547329229689973
0.0003563981022214437
0.0005668609581042473
-0.0006889639259294948
-0.0007274190049251307
-0.0007156131511493111
-0.0007075642034062804
-0.0006901025145108761
-0.0005570741567853426
-0.0005565496551718114
-0.00047283918829575997
-0.0003925171395699149
-0.0002908872341223632
-0.0001836614240378763
-0.00007271902898662192
0.00003755903957442716
0.00015007266281849763
0.00026003161917374844
0.0003539324161232021
0.00045063817158378587
0.0005545023827029534
0.0006142825109995298
0.0006532539275299854
0.0007564921723757895
0.0007880465808378097
0.000769224963722731
0.0007324204782789939
0.0006703590812624429
-0.0005665000988712102
-0.00038489011176958717
-0.00021355748939409948
-0.00005344123633161974
0.00010241842056112922
0.0002236653116228927
0.0003461161713676247
0.00044531013107243316
0.0005199411819116702
0.0005901755991089866
0.0006092482493819859
0.0006019216399196303
0.0006615095087445826
0.0006484174710176165
0.0006047955480926095
0.0005510490977270731
0.0004774534141275301
0.0003665063650557201
0.0002451411307143035
0.000132943184357149
-1.1299748266125623e-6
-0.00015527451063586015
-0.0003139738934001276
-0.0005025380841043995
-0.0006547573192689055
0.0008495868142993771
0.0008647146603426762
0.0008734929172695903
0.0007880948009707773
0.0007807730564074268
0.0007415692286253182
0.0006673225819889126
0.0005631435242468237
0.00040839496025330007
0.00034023913634869096
0.0002024170643196155
0.00006644612523757455
-0.000055453659273292946
-0.00018377407048698384
-0.0003125304221218203
-0.0004365387240430689
-0.0004988321602386388
-0.0006444664887478316
-0.0007288430209683611
-0.000823915450331644
-0.0009055094921602964
-0.0008515318639708961
-0.0008996573187964673
-0.000872450234396731
-0.0007800736007557657
0.000667184413382799
0.000455623121164705
0.0002356197222370911
0.000042345321915962876
-0.00013554235445833768
-0.00029009645807181333
-0.0004242819363047831
-0.0005426218365003853
-0.0006322568037500313
-0.0006843755155914528
-0.000731903697757888
-0.0007753031917809732
-0.0007623376199876779
-0.0007381699486385153
-0.0007113073851189775
-0.0006076017274972044
-0.0005537330921365882
-0.00042364884295588873
-0.0002915892847753296
-0.00012645021398114426
0.000015671841163153023
0.00019659245245973194
0.00038613500258752174
0.0005657808984455909
0.0008412365134012091
-0.0010053079907535243
-0.001030552115980835
-0.000987147601303974
-0.0009896277662691624
-0.0009513007650577545
-0.0008800796006747758
-0.0007874110671620904
-0.0006707445266717378
-0.0005497329117661729
-0.00040514397995132647
-0.00023524743910316256
-0.00008737884070137253
0.00006535622791141762
0.00022164664991750137
0.000382905855695088
0.0005121846119686589
0.0006482141683170109
0.0007616744512283282
0.0008708627554006408
0.0009573246031393726
0.001024604864945547
0.0010551624890524798
0.0010088437267067028
0.0010061163140842233
0.0009328953566152258
-0.0007594217113010264
-0.0005215312993027552
-0.0002716103478642776
-0.00003490190007486921
0.00016469107263569156
0.00033998682714319093
0.0005018416910911109
0.0006311644111454645
0.0007262413775889956
0.000801888776789647
0.000872274817616902
0.0009210518532424859
0.000903495767333335
0.0008824059882616369
0.0008386992580459061
0.0006794483993598598
0.0006465380940391493
0.0005051544221647878
0.00033918187690723685
0.00017039870448106687
-0.00002484651025260346
-0.00023770683629908187
-0.00046167202706259836
-0.0007098571458372575
-0.0009647183757092642
0.0011213983312163508
0.0012097458489610498
0.0011945541128738667
0.0011755963126724787
0.0010989961782883436
0.0010167948283959585
0.0008633144725921759
0.0007733673588884924
0.0006187247158574566
0.0004419591614762926
0.00028245227347655004
0.0000933972657894099
-0.000082371550063049
-0.0002641972371917462
-0.000441739152021515
-0.0005997402670124281
-0.0007542769961399395
-0.0008870329315514732
-0.0010020347037101517
-0.0011311405716236955
-0.0011667864573672887
-0.0012222564659023867
-0.0012163160317429102
-0.00117421774597766
-0.0010642045615342974
0.0008711851484071166
0.0005652414118888415
0.00028931656675005034
0.0000401068094679065
-0.00019208846138895851
-0.00038746336386111154
-0.0005909562688643862
-0.0007317223603449319
-0.0008725562012446626
-0.0009504794792737236
-0.0009940621134521695
-0.001041554880757856
-0.0010585815639182303
-0.0010124462168864617
-0.0009334180124814667
-0.0008550733498421441
-0.000725533073126613
-0.0005688067026254267
-0.0003797238052582842
-0.0001940531248898079
0.00004189781629242713
0.00029665697687042186
0.000557933044200573
0.0007876047041335102
0.0011472835604583805
-0.0013510374224553739
-0.0014015836892995641
-0.001380885565959196
-0.0013223934304728887
-0.0011930243409604834
-0.0011604135154816098
-0.0009597189522247701
-0.0008982545892064503
-0.0006824333108935508
-0.0004988309517888429
-0.0002853215685471217
-0.00007911498260320655
0.0001185366523656121
0.0003236374684288515
0.0005214245263915784
0.000723926373686435
0.0008264567005085431
0.0010617514282078276
0.001162907623119953
0.001205605321290549
0.0013623739725221547
0.001439006775069523
0.0014129787574021738
0.0013393822921355359
0.0012212351627614317
-0.0009933936818991406
-0.0006251139852363485
-0.00032267780729951776
-0.000013141232029419407
0.00024791188540295225
0.00046899235611779503
0.0006599591029645721
0.0008059648903324538
0.000947766142418302
0.0010564086490657
0.0011674547348417977
0.0012138825496597224
0.0011903058652566543
0.001117004480906944
0.0010876184853717932
0.0009777234871054749
0.0007839692846385069
0.0006500209323851805
0.000439561897721138
0.00020032618442380204
-0.00007285896586622264
-0.00035522018338643674
-0.0006696876302297489
-0.0009937902633065604
-0.0013291497132286029
0.0015899703867650274
0.001592531292629016
0.0016297372677996217
0.0014594422717556445
0.0014775514243279254
0.0013255012410171327
0.0011652237529930437
0.0010251396637451242
0.0007927742921357509
0.0005695212300575953
0.00033743258979134166
0.00010877075499168998
-0.00015030906373360325
-0.0003727422983726511
-0.0006123320325577291
-0.0008413510415083982
-0.0009929043915209586
-0.0012368744706120773
-0.0013767280874115476
-0.0015169108139781893
-0.0015810605595601762
-0.001625473039095929
-0.0016130436749656894
-0.0015377156226262054
-0.0013714402748013386
0.0011089925928032824
0.0007303071281674419
0.00035544947646691196
8.059446300953519e-6
-0.0003026077851217244
-0.0005887982075919982
-0.0008109328751897934
-0.0010163843856873444
-0.0011537041660423283
-0.0012673338222559166
-0.0013356134190607445
-0.001401223180441303
-0.0013808232591111193
-0.001335367548454406
-0.0012742191156178214
-0.0010365945932122285
-0.0009203405553429217
-0.0007289775151651852
-0.00045014997314890424
-0.00018427134386030325
0.00009833841021812698
0.00041083413868293054
0.0007721190357658855
0.0011413217287821469
0.0015458019855250573
-0.0018018796079775643
-0.0018754599893894771
-0.0018816964453999474
-0.001796155715410451
-0.001627595503862174
-0.0014657857992501882
-0.0013689396542581704
-0.0010714026955117764
-0.0009130377909866418
-0.00060997679830803
-0.0003821417032327443
-0.00010386821631580865
0.00017952764742938245
0.0004612464297164267
0.0007187116174704757
0.0009326396746278394
0.0012232129733742063
0.001392069930780443
0.0016090688510639812
0.0017529236667034804
0.0018319470750852048
0.001800355383616647
0.0018412760571772614
0.0017081721614712717
0.0015730702198419064
-0.0012493143390740944
-0.0008052012019168939
-0.0003679988157617088
-1.6322234410337907e-6
0.0003373243181702403
0.0006724224338428357
0.0009409475302390724
0.001158306336012181
0.0013377634878427359
0.0013961985879597757
0.0015537656631140725
0.0015655363375667024
0.0015888280772746143
0.0014713446089211217
0.0013160469479061023
0.0012822850216036477
0.001074994785029383
0.0008295490744299247
0.0005452331001207435
0.00023625698826979476
-0.00012019008769306316
-0.0004971930881976783
-0.0009093201524525667
-0.0013292850417582678
-0.0017774441064012467
0.002112381985545736
0.0021356530937836657
0.002155564584855713
0.0020945865525836193
0.0019307543603641853
0.0017873972280544781
0.0015541326937854032
0.0013187063736828162
0.0010346532460035745
0.0007371541084862714
0.0003837894456905036
0.0001007299565776209
-0.00021116746305843896
-0.0005346124019246163
-0.0008458395662951482
-0.001127673102521538
-0.0013809849012179965
-0.0016267568313406038
-0.0018008220432996287
-0.001990905328776382
-0.0021041371799994765
-0.0020650587181492404
-0.0020989987334684365
-0.0018611396533257602
-0.001762885707278788
0.0014153265203966081
0.0008958304771909547
0.0004175361215587112
-0.00004310041842542872
-0.00044234729505508323
-0.0007782291054526924
-0.0010948394754549168
-0.0013488729620654155
-0.0015559502259766763
-0.001704866977719278
-0.0017826708674557861
-0.0018313430530112204
-0.0018113684543232694
-0.0017186246015638556
-0.0015948926519689746
-0.0013928296637906114
-0.0011920782169354122
-0.0009152666346301477
-0.000587386803942633
-0.00023798883672140862
0.00015973199043601034
0.0006042448228905711
0.001071690457638095
0.0015559577360455196
0.002085389575577095
-0.0024418282663164386
-0.002478897754034702
-0.0024567460134331774
-0.0023947028763434096
-0.002236891081078547
-0.0019443706259034883
-0.0017535937481528254
-0.0014895828039115933
-0.0011615835109026302
-0.0007983669799023427
-0.00046270412574060194
-0.00009878487370819704
0.00028194098527470313
0.0006555634656130914
0.0009742127745828834
0.00130913877158122
0.0015973121332172747
0.0018087353420039713
0.002097785024766247
0.0022439941257843543
0.0023902890347463116
0.002443038723665028
0.002362628158666432
0.002281478652444999
0.0020430184709488786
-0.0015871190318698131
-0.0009968659437076908
-0.0004587899075139732
0.00005564987702270978
0.0005189716154824877
0.0009080252211235944
0.0012677796567323438
0.001525923664452151
0.0017423762796030496
0.0019435536345506004
0.0020445850080630006
0.002080118664807316
0.002068578734116127
0.001955054227377437
0.0018547650681449985
0.0016620741638149058
0.001364148806570236
0.0010381251154312691
0.0006592506605572692
0.00025203450133269855
-0.00020433411146170212
-0.0006914547079191511
-0.001213748840185691
-0.0017787124842588667
-0.00242662809459577
0.002842903840000249
0.002901159656834855
0.0027852064291459897
0.0026924045376311924
0.002511344904693832
0.0023276964062819497
0.002080133238812857
0.0016889494721837154
0.0013499338227418937
0.0009100005727307324
0.0004769874530419826
0.00007844741423385708
-0.0003314624905710885
-0.0007454346547401222
-0.0011414685213504527
-0.001509985868515759
-0.0018990589959923376
-0.0021843010897602323
-0.002405634917757762
-0.002600858496175296
-0.002702209553194698
-0.0027718499483217
-0.002680938693437424
-0.002560570499207076
-0.002332872175624249
0.0018162334016967106
0.0011468619961567251
0.0004628090275049623
-0.00010456508313001524
-0.000621107403520081
-0.0010472913236139552
-0.0014573858667271164
-0.001801261477106104
-0.0020559082324947213
-0.002210621704835391
-0.002309012197782427
-0.002391145020376301
-0.0023632885644651836
-0.0022413978903462846
-0.002050497651972258
-0.001810259203810754
-0.001542922077699713
-0.001183840804414102
-0.0007228081986684641
-0.00026655887224255365
0.0002862463037899011
0.0008234448883648469
0.0014464794987437235
0.002067568716888447
0.0027446482501450823
-0.003265465173152223
-0.003361035531580157
-0.0033143839366459303
-0.0031437007694865224
-0.002950732328664304
-0.002638578493691554
-0.0023459989460485487
-0.001930568454207752
-0.0014922437090357718
-0.001041148622498062
-0.0005682030440451415
-0.00007829238841711813
0.00043844007694204736
0.0008834776371080904
0.0013006229422243812
0.001757697196978201
0.002093831216624478
0.0024878687694583073
0.0027699524711647145
0.003028194035871459
0.0031660710234581732
0.0031816080464526428
0.003129486790385644
0.0029633426990997437
0.0026734959349006345
-0.002038335661514587
-0.0012783584159934101
-0.0005362348377752317
0.00014847501645650856
0.0007198369916743471
0.0012370816071496779
0.0016917855233029996
0.0020800332179218414
0.00240314891321607
0.002607773302720073
0.0027434669369557014
0.002801746943011733
0.002701530449380551
0.0025672212259626095
0.002463700725597582
0.0020871160405946327
0.001717691585823547
0.0013472640685017615
0.000833824701595167
0.0002709020358511601
-0.00032965022062547055
-0.0009969299229382837
-0.001729318976414927
-0.002502615306817038
-0.0032935001186316397
0.003790900899156899
0.003844287443768475
0.00372555745948345
0.003620109117494879
0.003370920629782784
0.0030918905077061305
0.002674424032587062
0.002235234826434342
0.0017372976739637067
0.0011794809408485654
0.0006433886466048995
0.00005530400401032734
-0.0005076487160528134
-0.0010732120332200823
-0.0015880458079434148
-0.0020249041267088666
-0.0025331102543159835
-0.0029409655146197112
-0.0031949392603468616
-0.003411167485316198
-0.0035304716507952956
-0.0036361669843838805
-0.003447362456957509
-0.003254850461322882
-0.002901255590684118
0.00229424994267446
0.001442961762810617
0.0005802217918299428
-0.0001732867127959255
-0.0008865520903491812
-0.0014767735461163993
-0.0019818541700162458
-0.0023925591423624693
-0.002722141413795305
-0.0029600412002492187
-0.0031111604327467013
-0.0031313028702416217
-0.003077263987244119
-0.002972954728866594
-0.0026920000497822143
-0.0023935510782474453
-0.0019967469864166283
-0.001459759195857163
-0.0008907575685756864
-0.00028200590473479803
0.0004199654021422282
0.0011836127201379316
0.002015314277896065
0.0028224371774532814
0.0037858156862961337
-0.004585231359200914
-0.004569328889483391
-0.004525466476307029
-0.0042487644114818845
-0.003977374001211071
-0.0035040306982603584
-0.0031502168913911024
-0.002521571877253596
-0.0019506008202042693
-0.0013272985639341793
-0.0006684160655736184
0.000012834737278398161
0.0006065904414914535
0.0012532839417160764
0.0018765037225999355
0.00239448291901424
0.0028666446689860833
0.0032877957865135978
0.003646933283816771
0.004069551031798641
0.004221856720205686
0.004295202800151221
0.004146693402073837
0.003917061104207952
0.0034749100956629783
-0.0026787395704923308
-0.0015999640716995473
-0.0006378064184307023
0.0002602096546707505
0.0010599164495799307
0.0018146222190713948
0.002414978923867186
0.002826321494599963
0.0032506569207751373
0.003529061235409633
0.0037284325471893926
0.003805414845876175
0.0036913042526657367
0.0034760522441096777
0.003234112496919311
0.0028395961504487054
0.002353728500401826
0.0017631309416708152
0.0010738392662639294
0.0002698838806495378
-0.0005827692160683934
-0.001455951259839787
-0.0024676708658851556
-0.003428798162748697
-0.004500120467388969
0.005196890881820958
0.00535901367031086
0.005160225915035112
0.0049315007025232975
0.004540321614794945
0.004160180318219287
0.0035523078844705877
0.0029707149860703445
0.0022671826516245473
0.0015574450034218487
0.0007917659744693632
-0.000011605848211886287
-0.0007681562390324547
-0.001535468054656292
-0.0022617778068419474
-0.0028966035952293586
-0.003493827959930921
-0.00404567197118837
-0.00442626801470981
-0.004723748561609243
-0.005013421180062866
-0.004961914586636641
-0.00476649503086663
-0.004486645448385592
-0.003980765489344688
0.003137426495119479
0.0018783986850143348
0.0006767713805739845
-0.0003812963386873454
-0.0013208287120070326
-0.002151182184312467
-0.00283178418979332
-0.003402388643497971
-0.0038411360294742145
-0.004171543928629574
-0.004414149915842597
-0.004445458111306049
-0.004354239016075524
-0.004118634437193424
-0.003788108554075851
-0.0032832034465031888
-0.0026878507200109977
-0.0019992065573541723
-0.001189952275278023
-0.00026795281827641615
0.0006843992935817418
0.0016916693568981823
0.0028058954272929568
0.003959822954815388
0.005291745779256595
-0.006313211723477517
-0.0062853077102490214
-0.006193588187837444
-0.005925194411264395
-0.005425688462369852
-0.004879361785787543
-0.004314583136650807
-0.003380468469536438
-0.002596369581449073
-0.0017146993696761377
-0.0008451632566150607
0.000056779443792021964
0.0009621509467726323
0.001826349441466794
0.0026698849366320328
0.003416733577350611
0.004139514350178831
0.004697290601980865
0.005158783343467044
0.005617121960595479
0.005898170071256544
0.005886968894541748
0.005739286123866213
0.005364023339906552
0.004799545338943198
-0.0035614395858997354
-0.002143248883077642
-0.0007604028374546681
0.0004994695703844968
0.0015340115192709921
0.0024995467602053237
0.003366354036520903
0.004016469702843803
0.004616358113788212
0.00504006692818112
0.005267004327389719
0.005290356029686105
0.005185663107194251
0.004887253578468848
0.0044570888264234484
0.003911450429811922
0.003204828699006116
0.002329771548967565
0.001362302478512411
0.0002789743524223205
-0.0009282068881836277
-0.0022238022511185127
-0.0035187723798273123
-0.00494730355530415
-0.006459984827211222
0.007501712621710981
0.007558776351519412
0.007379587408042326
0.007064065829089285
0.00656588733933198
0.005855851387400065
0.00499887388670228
0.004066843124048658
0.003137266833605214
0.0020934249045084885
0.0009543224872378324
-0.00012472748377283403
-0.0012276730926011736
-0.0022953427298938326
-0.0032546884239255613
-0.004208348074176946
-0.005020405853881767
-0.0058002654856215315
-0.0062918974293542955
-0.006775072242947936
-0.006948183115032088
-0.006949349447112587
-0.006708009221268649
-0.006211996662294067
-0.0054515947894530755
0.004441313157560429
0.002558184271624841
0.0008406046851589603
-0.000737752176593614
-0.0021206667219441384
-0.0032744532692339126
-0.004339717602196336
-0.005078409049461485
-0.0057598108106195695
-0.006081991240080459
-0.006311572354260837
-0.006376865424133071
-0.0061595599868229794
-0.005879578498653268
-0.005328502678434135
-0.004614947681085943
-0.0037032132889944103
-0.0027187505764111244
-0.0015162463509725199
-0.00023555071955442576
0.0011896617119806344
0.002627177323970594
0.0043214129425182156
0.005980312005990352
0.0077638603845752285
-0.009429071435553705
-0.009304105875998402
-0.009107649631843684
-0.008487937701945222
-0.00782979727833032
-0.007006093991582521
-0.0058889273236062524
-0.00489361932184588
-0.003653382890400374
-0.0023962649576098677
-0.0010616626787261234
0.0002634527982998219
0.0015251927501051215
0.002786469665645577
0.003925421901432026
0.005119221828561272
0.006132690117028249
0.006925429610331793
0.007666553704499843
0.008218680784711649
0.008505809884242774
0.008646443221998878
0.008291021889538371
0.00781677117248939
0.006738712544031525
-0.00510478759784831
-0.0028349789998305536
-0.0008569009756670742
0.0009886513200747494
0.0025523194067351325
0.004052127598182233
0.005132516835574562
0.006132539907850069
0.006821102825830019
0.007299948862516323
0.0077709478944495555
0.007823068660365345
0.007738848767755584
0.007228027341155992
0.006610827041033693
0.0057662032290562906
0.0046257606896725
0.003353071345099102
0.001844659211528996
0.000250893036852131
-0.001595148324748634
-0.0034634924608211216
-0.005464612964197832
-0.00755760108464456
-0.009855430496852682
0.011360060781630663
0.011373337306481433
0.011080327538581989
0.01051087369440807
0.009893893562387878
0.008778088444137551
0.0074702823069866565
0.006054076285832417
0.004558318688130943
0.0029039756893210803
0.0012967159580639816
-0.0004132547383007672
-0.0020669236365806094
-0.0036593787932452377
-0.0050996871082271905
-0.006475794275020707
-0.007701515326487166
-0.008865412971603152
-0.009470799238962564
-0.01014827561308859
-0.010400247540599556
-0.010395455927808214
-0.009895050352349197
-0.009055802384653268
-0.007822229933029464
0.006531624412874351
0.0038140120402751815
0.0009600627929183917
-0.0014129931473817017
-0.003511919941478632
-0.005325020684360309
-0.0068578620816135095
-0.008058763579738422
-0.00900065880230488
-0.009645693679480559
-0.009843018104571319
-0.00968723939527154
-0.009476689122618594
-0.00893559636854414
-0.007996455159845423
-0.006919451287718484
-0.005532061700365699
-0.003924074940054393
-0.0021329392150443538
-0.00009286068889912694
0.0020660035763919306
0.004398916666417615
0.00672871872845964
0.009195688761455508
0.011736347522368212
-0.01517216543627266
-0.014872065586504835
-0.014260006317709805
-0.013258447192895954
-0.01220892834814568
-0.01091266362089391
-0.009229791780666265
-0.0075037463529152955
-0.0054915309062309745
-0.0034623135627072856
-0.0014766235859948712
0.0006476659693875252
0.0026194072134588706
0.0046042883142637025
0.006438509164125076
0.008089068621826142
0.00962125855391536
0.010913516016552322
0.012234358676004486
0.01277853728867147
0.013305615982528872
0.013286451935962977
0.012921815276446888
0.011999632708576779
0.010447197317659387
-0.007699026363969765
-0.004301642085079561
-0.0010488527440433077
0.001908153489887404
0.004424436367400267
0.006780016762088504
0.008650359916742173
0.010114544547614223
0.011416084481356593
0.012258191335518748
0.012626229398655774
0.012739187046228482
0.012297979710731885
0.011553361536279038
0.01056755888664393
0.009143317948687833
0.007254318831896509
0.0051061548375195675
0.0027342026401309576
-0.00003319105322505916
-0.0029163590930666207
-0.006130135920981108
-0.009308348660824035
-0.012765459073332904
-0.01608881659293171
0.01918623241539411
0.01928159058899284
0.01866737978141053
0.017697700557603294
0.016367765302018264
0.014582007783508426
0.01234293093099429
0.010093635982856817
0.007421014912748346
0.00463027469287012
0.0018311954362515
-0.0010289116127713055
-0.0037737023826395835
-0.006446273591277104
-0.008957145993977404
-0.011133174605728888
-0.013103574286473449
-0.014789697607903014
-0.015932205170001542
-0.01658567298644207
-0.01684608555889236
-0.016753507869572536
-0.0158945560982948
-0.01444639710225666
-0.012306820486392983
0.011218362252398728
0.00597313133989039
0.0014208250600536547
-0.0028788590292735936
-0.006620373025717127
-0.009846689897012267
-0.012235563876953692
-0.014335172475836006
-0.01576200472828215
-0.016496622217137526
-0.016953699446414703
-0.01678842089027514
-0.015983339267363138
-0.01482432024536973
-0.013250125879384985
-0.011242918538044384
-0.008893547633140396
-0.0061065453388135195
-0.0031346845398689677
0.00019553951272847838
0.003842298377091161
0.007547412449981078
0.011684866686149493
0.015811540908276966
0.01997893076648445
-0.027881374798026468
-0.02713173398691155
-0.02591868014862939
-0.023897927030498405
-0.021693200838147242
-0.018822251732124453
-0.015798215500858227
-0.012616241398571306
-0.009136360304559173
-0.005584047731656316
-0.00202916640220292
0.0015884237366682445
0.005094984061536916
0.00830458663710762
0.011508554297003865
0.014533818928079839
0.017029969131068586
0.019424034217480502
0.021252965952717976
0.022657150975753368
0.023499294074060244
0.023396335274607633
0.022607747954795733
0.02118777036201179
0.018352569048532816
-0.013140781402664043
-0.0070151189103276985
-0.0012142758360593514
0.004041628838021278
0.008572712423678784
0.012765441711351728
0.015966350541457813
0.018966143287118126
0.021100851628004454
0.022622804344554527
0.02348900406082863
0.023576516485513992
0.02311673805824331
0.021808972593280768
0.01977019561519146
0.01690857100465407
0.0134842636145171
0.009290247760759955
0.0046289587431757396
-0.0006157642615086552
-0.006357882994572479
-0.012000028317971053
-0.01844552055920525
-0.02423202132240796
-0.030487652008922936
0.03813162477590114
0.03880805159931587
0.038059552980870014
0.036327722613867526
0.03362946081711168
0.029887872477090942
0.025734332162086825
0.02077187358210958
0.0151930668346516
0.009287389761977665
0.003270487708151758
-0.002942585000454494
-0.008636776259475867
-0.01407174370207231
-0.01898048022883329
-0.02311722605024412
-0.02664961951753027
-0.029090311294586897
-0.030673528424808586
-0.03138467033794612
-0.031249232711823356
-0.029958979061837445
-0.02764777004889082
-0.024347580917350464
-0.020174044275085554
0.028555263589747925
0.014731947766079641
0.0020424472837157074
-0.008902224163333257
-0.01814972561938762
-0.025294380085214337
-0.030454482797943966
-0.03417893295458633
-0.03607914566043882
-0.036605807590479364
-0.035696247597214396
-0.03454580441708052
-0.03183485124978521
-0.028660793634142596
-0.02476650686474137
-0.020344571297018395
-0.015534760368922942
-0.010174700232691304
-0.004657359087150939
0.0011614782609024117
0.007131512403950303
0.013225132486376008
0.019684881986875832
0.026312723053271994
0.03359398453224178
-0.08463592225901671
-0.07549027620986633
-0.06644095548209199
-0.05751541495720344
-0.048537443203434574
-0.03995350994345137
-0.032086128384295906
-0.024132684188560963
-0.0167633752440534
-0.009714561938779802
-0.0030438090733200278
0.0034079994137271906
0.009419155467915346
0.015199320309454367
0.020439490647398702
0.025324505998808994
0.029968149084037683
0.034464498104908495
0.038329011105901055
0.04155197745638914
0.04429021960457138
0.046112266356360676
0.0466716403736609
0.04557528115375559
0.04197657017779571
-0.01730336526739778
-0.008587739054408287
-0.0008327955437563634
0.006227952772767733
0.012531116367668689
0.018245547736521553
0.023269437034914395
0.02777413976659881
0.03182755464917886
0.03538419757937546
0.038639701534882366
0.04151037466377126