	Frequency [Hz]	[A] Frequency Response (Real) [N]	[B] Frequency Response (Imaginary) [N]	
1	43.133	0.44848	-1.8172e-003	
2	56.267	0.30825	-2.97e-003	
3	69.4	0.2518	-5.0324e-003	
4	82.533	0.24061	-9.4481e-003	
5	95.667	0.27702	-2.1996e-002	
6	108.8	0.43956	-8.7505e-002	
7	121.93	-2.699e-002	-1.6928	
8	135.07	-0.33321	-8.3779e-002	
9	148.2	-0.16611	-2.0798e-002	
10	161.33	-0.112	-8.0054e-003	
11	174.47	-8.9387e-002	-2.7519e-003	
12	187.6	-8.1398e-002	1.0105e-003	
13	200.73	-8.4774e-002	6.1024e-003	
14	213.87	-0.10522	1.9275e-002	
15	227.	-0.16688	9.5171e-002	
16	240.13	0.1332	0.20817	
17	253.27	8.2812e-002	3.1665e-002	
18	266.4	4.8012e-002	1.0356e-002	
19	279.53	3.3347e-002	4.6174e-003	
20	292.67	2.6046e-002	2.2509e-003	
21	305.8	2.2217e-002	9.5804e-004	
22	318.93	2.0421e-002	2.9038e-005	
23	332.07	2.0131e-002	-8.7028e-004	
24	345.2	2.1315e-002	-2.0367e-003	
25	358.33	2.4407e-002	-3.9667e-003	
26	371.47	3.0624e-002	-7.8928e-003	
27	384.6	4.2869e-002	-1.7815e-002	
28	397.73	6.6286e-002	-5.1356e-002	
29	410.87	4.679e-002	-0.19465	
30	424.	-0.29836	-0.10113	
31	437.13	-9.4829e-002	0.22311	
32	450.27	5.2856e-002	7.7144e-002	
33	463.4	3.5548e-002	2.3584e-002	
34	476.53	2.3249e-002	9.3447e-003	
35	489.67	1.7103e-002	4.1094e-003	
36	502.8	1.4193e-002	1.4546e-003	
37	515.93	1.3266e-002	-6.7355e-004	
38	529.07	1.3886e-002	-3.8752e-003	
39	542.2	1.4217e-002	-1.1842e-002	
40	555.33	-4.4651e-005	-2.1468e-002	
41	568.47	-1.0629e-002	-9.6344e-003	
42	581.6	-9.551e-003	-2.3813e-003	
43	594.73	-7.9595e-003	2.2944e-003	
44	607.87	-2.717e-003	5.7557e-003	
45	621.	8.9463e-004	2.892e-003	
46	634.13	8.5946e-004	1.1044e-003	
47	647.27	5.5744e-004	4.8289e-004	
48	660.4	3.6171e-004	2.3921e-004	
49	673.53	2.4549e-004	1.2926e-004	
50	686.67	1.7514e-004	7.3945e-005	
51	699.8	1.3119e-004	4.3637e-005	
52	712.93	1.0299e-004	2.5776e-005	
53	726.07	8.4704e-005	1.4452e-005	
54	739.2	7.3013e-005	6.5926e-006	
55	752.33	6.6081e-005	3.68e-007	
56	765.47	6.2975e-005	-5.6141e-006	
57	778.6	6.338e-005	-1.2929e-005	
58	791.73	6.7351e-005	-2.4258e-005	
59	804.87	7.4322e-005	-4.5524e-005	
60	818.	7.7131e-005	-9.0976e-005	
61	831.13	2.8653e-005	-1.827e-004	
62	844.27	-2.1508e-004	-1.9604e-004	
63	857.4	-2.215e-004	2.1292e-004	
64	870.53	1.1079e-004	1.136e-004	
65	883.67	4.9687e-005	-1.8864e-005	
66	896.8	9.1746e-006	-1.6408e-005	
67	909.93	1.0536e-006	-8.5554e-006	
68	923.07	-2.8653e-007	-5.1164e-006	
69	936.2	-4.1318e-007	-3.6925e-006	
70	949.33	-3.5604e-007	-3.0475e-006	
71	962.47	-3.0187e-007	-2.6946e-006	
72	975.6	-2.4118e-007	-2.4569e-006	
73	988.73	-1.8242e-007	-2.3029e-006	
74	1001.9	-1.4653e-007	-2.1887e-006	
75	1015.	-1.218e-007	-2.0896e-006	
76	1028.1	-1.0239e-007	-2.0011e-006	
77	1041.3	-8.681e-008	-1.9205e-006	
78	1054.4	-7.4077e-008	-1.8459e-006	
79	1067.5	-6.3498e-008	-1.7761e-006	
80	1080.7	-5.4582e-008	-1.7105e-006	
81	1093.8	-4.6977e-008	-1.6485e-006	
82	1106.9	-4.043e-008	-1.5897e-006	
83	1120.1	-3.4749e-008	-1.5338e-006	
84	1133.2	-2.9789e-008	-1.4807e-006	
85	1146.3	-2.5436e-008	-1.4301e-006	
86	1159.5	-2.1598e-008	-1.3818e-006	
87	1172.6	-1.8202e-008	-1.3357e-006	
88	1185.7	-1.5188e-008	-1.2918e-006	
89	1198.9	-1.2505e-008	-1.2497e-006	
90	1212.	-1.0112e-008	-1.2095e-006	
91	1225.1	-7.972e-009	-1.171e-006	
92	1238.3	-6.0557e-009	-1.1341e-006	
93	1251.4	-4.3367e-009	-1.0988e-006	
94	1264.5	-2.7928e-009	-1.065e-006	
95	1277.7	-1.4045e-009	-1.0325e-006	
96	1290.8	-1.5507e-010	-1.0014e-006	
97	1303.9	9.7037e-010	-9.7147e-007	
98	1317.1	1.9847e-009	-9.4275e-007	
99	1330.2	2.8993e-009	-9.1516e-007	
100	1343.3	3.7241e-009	-8.8864e-007	
101	1356.5	4.4681e-009	-8.6313e-007	
102	1369.6	5.1392e-009	-8.386e-007	
103	1382.7	5.7443e-009	-8.1499e-007	
104	1395.9	6.2896e-009	-7.9226e-007	
105	1409.	6.7808e-009	-7.7037e-007	
106	1422.1	7.2229e-009	-7.4928e-007	
107	1435.3	7.6203e-009	-7.2895e-007	
108	1448.4	7.977e-009	-7.0935e-007	
109	1461.5	8.2967e-009	-6.9045e-007	
110	1474.7	8.5826e-009	-6.7222e-007	
111	1487.8	8.8376e-009	-6.5462e-007	
112	1500.9	9.0645e-009	-6.3764e-007	
113	1514.1	9.2655e-009	-6.2123e-007	
114	1527.2	9.443e-009	-6.0539e-007	
115	1540.3	9.5988e-009	-5.9007e-007	
116	1553.5	9.7347e-009	-5.7528e-007	
117	1566.6	9.8523e-009	-5.6097e-007	
118	1579.7	9.9531e-009	-5.4713e-007	
119	1592.9	1.0038e-008	-5.3374e-007	
120	1606.	1.0109e-008	-5.2079e-007	
121	1619.1	1.0167e-008	-5.0825e-007	
122	1632.3	1.0212e-008	-4.961e-007	
123	1645.4	1.0247e-008	-4.8434e-007	
124	1658.5	1.0272e-008	-4.7294e-007	
125	1671.7	1.029e-008	-4.6189e-007	
126	1684.8	1.0305e-008	-4.5118e-007	
127	1697.9	1.0328e-008	-4.4078e-007	
128	1711.1	1.0367e-008	-4.3071e-007	
129	1724.2	1.0417e-008	-4.2097e-007	
130	1737.3	1.0443e-008	-4.1156e-007	
131	1750.5	1.0424e-008	-4.0244e-007	
132	1763.6	1.0381e-008	-3.9356e-007	
133	1776.7	1.0335e-008	-3.8493e-007	
134	1789.9	1.0292e-008	-3.7654e-007	
135	1803.	1.0248e-008	-3.6839e-007	
136	1816.1	1.0203e-008	-3.6048e-007	
137	1829.3	1.0157e-008	-3.5279e-007	
138	1842.4	1.0108e-008	-3.4532e-007	
139	1855.5	1.0057e-008	-3.3806e-007	
140	1868.7	1.0004e-008	-3.31e-007	
141	1881.8	9.949e-009	-3.2413e-007	
142	1894.9	9.8924e-009	-3.1746e-007	
143	1908.1	9.8343e-009	-3.1096e-007	
144	1921.2	9.7747e-009	-3.0464e-007	
145	1934.3	9.7139e-009	-2.9849e-007	
146	1947.5	9.6519e-009	-2.9251e-007	
147	1960.6	9.5889e-009	-2.8668e-007	
148	1973.7	9.525e-009	-2.8101e-007	
149	1986.9	9.4604e-009	-2.7549e-007	
150	2000.	9.3951e-009	-2.7011e-007	
