10.
10.1
10.2
10.3
10.4
10.5
10.6
10.7
10.8
10.9
11.
11.1
11.2
11.3
11.4
11.5
11.6
11.7
11.8
11.9
12.
12.1
12.2
12.3
12.4
12.5
12.6
12.7
12.8
12.9
13.
13.1
13.2
13.3
13.4
13.5
13.6
13.7
13.8
13.9
14.
14.100000000000001
14.2
14.3
14.4
14.5
14.600000000000001
14.7
14.8
14.9
15.
15.100000000000001
15.2
15.3
15.4
15.5
15.600000000000001
15.7
15.8
15.9
16.
16.1
16.2
16.3
16.4
16.5
16.6
16.7
16.8
16.9
17.
17.1
17.2
17.3
17.4
17.5
17.6
17.7
17.8
17.9
18.
18.1
18.200000000000003
18.3
18.4
18.5
18.6
18.700000000000003
18.8
18.9
19.
19.1
19.200000000000003
19.3
19.4
19.5
19.6
19.700000000000003
19.8
19.9
20.
20.1
20.200000000000003
20.3
20.4
20.5
20.6
20.700000000000003
20.8
20.9
21.
21.1
21.200000000000003
21.3
21.4
21.5
21.6
21.700000000000003
21.8
21.9
22.
22.1
22.200000000000003
22.3
22.4
22.5
22.6
22.700000000000003
22.8
22.9
23.
23.1
23.200000000000003
23.3
23.4
23.5
23.6
23.700000000000003
23.8
23.9
24.
24.1
24.200000000000003
24.3
24.4
24.5
24.6
24.700000000000003
24.8
24.9
25.
25.1
25.200000000000003
25.3
25.4
25.5
25.6
25.700000000000003
25.8
25.9
26.
26.1
26.2
26.3
26.400000000000002
26.5
26.6
26.7
26.8
26.900000000000002
27.
27.1
27.2
27.3
27.400000000000002
27.5
27.6
27.7
27.8
27.900000000000002
28.
28.1
28.2
28.3
28.400000000000002
28.5
28.6
28.7
28.8
28.900000000000002
29.
29.1
29.200000000000003
29.3
29.400000000000002
29.5
29.6
29.700000000000003
29.8
29.900000000000002
30.
30.1
30.200000000000003
30.3
30.400000000000002
30.5
30.6
30.700000000000003
30.8
30.900000000000002
31.
31.1
31.200000000000003
31.3
31.400000000000002
31.5
31.6
31.700000000000003
31.8
31.900000000000002
32.
32.1
32.2
32.3
32.400000000000006
32.5
32.6
32.7
32.8
32.900000000000006
33.
33.1
33.2
33.3
33.400000000000006
33.5
33.6
33.7
33.8
33.900000000000006
34.
34.1
34.2
34.3
34.400000000000006
34.5
34.6
34.7
34.8
34.900000000000006
35.
35.1
35.2
35.3
35.400000000000006
35.5
35.6
35.7
35.8
35.900000000000006
36.
36.1
36.2
36.3
36.400000000000006
36.5
36.6
36.7
36.8
36.900000000000006
37.
37.1
37.2
37.3
37.400000000000006
37.5
37.6
37.7
37.8
37.900000000000006
38.
38.1
38.2
38.3
38.400000000000006
38.5
38.6
38.7
38.8
38.900000000000006
39.
39.1
39.2
39.3
39.400000000000006
39.5
39.6
39.7
39.8
39.900000000000006
40.
40.1
40.2
40.3
40.400000000000006
40.5
40.6
40.7
40.8
40.900000000000006
41.
41.1
41.2
41.3
41.400000000000006
41.5
41.6
41.7
41.8
41.900000000000006
42.
42.1
42.2
42.300000000000004
42.4
42.5
42.6
42.7
42.800000000000004
42.9
43.
43.1
43.2
43.300000000000004
43.4
43.5
43.6
43.7
43.800000000000004
43.9
44.
44.1
44.2
44.300000000000004
44.4
44.5
44.6
44.7
44.800000000000004
44.9
45.
45.1
45.2
45.300000000000004
45.4
45.5
45.6
45.7
45.800000000000004
45.9
46.
46.1
46.2
46.300000000000004
46.4
46.5
46.6
46.7
46.800000000000004
46.9
47.
47.1
47.2
47.300000000000004
47.4
47.5
47.6
47.7
47.800000000000004
47.9
48.
48.1
48.2
48.300000000000004
48.400000000000006
48.5
48.6
48.7
48.800000000000004
48.900000000000006
49.
49.1
49.2
49.300000000000004
49.400000000000006
49.5
49.6
49.7
49.800000000000004
49.900000000000006
50.
50.1
50.2
50.300000000000004
50.400000000000006
50.5
50.6
50.7
50.800000000000004
50.900000000000006
51.
51.1
51.2
51.300000000000004
51.400000000000006
51.5
51.6
51.7
51.800000000000004
51.900000000000006
52.
52.1
52.2
52.300000000000004
52.400000000000006
52.5
52.6
52.7
52.800000000000004
52.900000000000006
53.
53.1
53.2
53.300000000000004
53.400000000000006
53.5
53.6
53.7
53.800000000000004
53.900000000000006
54.
54.1
54.2
54.300000000000004
54.400000000000006
54.5
54.6
54.7
54.800000000000004
54.900000000000006
55.
55.1
55.2
55.300000000000004
55.400000000000006
55.5
55.6
55.7
55.800000000000004
55.900000000000006
56.
56.1
56.2
56.300000000000004
56.400000000000006
56.5
56.6
56.7
56.800000000000004
56.900000000000006
57.
57.1
57.2
57.300000000000004
57.400000000000006
57.5
57.6
57.7
57.800000000000004
57.900000000000006
58.
58.1
58.2
58.300000000000004
58.400000000000006
58.5
58.6
58.7
58.800000000000004
58.900000000000006
59.
59.1
59.2
59.300000000000004
59.400000000000006
59.5
59.6
59.7
59.800000000000004
59.900000000000006
60.
60.1
60.2
60.300000000000004
60.400000000000006
60.5
60.6
60.7
60.800000000000004
60.900000000000006
61.
61.1
61.2
61.300000000000004
61.400000000000006
61.5
61.6
61.7
61.800000000000004
61.900000000000006
62.
62.1
62.2
62.300000000000004
62.400000000000006
62.5
62.6
62.7
62.800000000000004
62.900000000000006
63.
63.1
63.2
63.300000000000004
63.400000000000006
63.5
63.6
63.7
63.800000000000004
63.900000000000006
64.
64.1
64.2
64.30000000000001
64.4
64.5
64.6
64.7
64.80000000000001
64.9
65.
65.1
65.2
65.30000000000001
65.4
65.5
65.6
65.7
65.80000000000001
65.9
66.
66.1
66.2
66.30000000000001
66.4
66.5
66.6
66.7
66.80000000000001
66.9
67.
67.1
67.2
67.30000000000001
67.4
67.5
67.6
67.7
67.80000000000001
67.9
68.
68.1
68.2
68.30000000000001
68.4
68.5
68.6
68.7
68.80000000000001
68.9
69.
69.1
69.2
69.30000000000001
69.4
69.5
69.6
69.7
69.80000000000001
69.9
70.
70.1
70.2
70.30000000000001
70.4
70.5
70.6
70.7
70.80000000000001
70.9
71.
71.1
71.2
71.30000000000001
71.4
71.5
71.6
71.7
71.80000000000001
71.9
72.
72.1
72.2
72.30000000000001
72.4
72.5
72.6
72.7
72.80000000000001
72.9
73.
73.1
73.2
73.30000000000001
73.4
73.5
73.6
73.7
73.80000000000001
73.9
74.
74.10000000000001
74.2
74.3
74.4
74.5
74.60000000000001
74.7
74.8
74.9
75.
75.10000000000001
75.2
75.3
75.4
75.5
75.60000000000001
75.7
75.8
75.9
76.
76.10000000000001
76.2
76.3
76.4
76.5
76.60000000000001
76.7
76.8
76.9
77.
77.10000000000001
77.2
77.3
77.4
77.5
77.60000000000001
77.7
77.8
77.9
78.
78.10000000000001
78.2
78.3
78.4
78.5
78.60000000000001
78.7
78.8
78.9
79.
79.10000000000001
79.2
79.3
79.4
79.5
79.60000000000001
79.7
79.8
79.9
80.