3.0706612654114857e-18
5.209501424684553e-18
2.1345661891475684e-18
0.000010391770170124052
0.000030145998857091647
0.00006106401101576348
-0.000010240931729220671
-0.000647591409114081
0.00014497218387289946
-0.00007870027639076211
-0.00019913808351105228
-0.0000622354161426719
0.00046704146582096835
-0.0003841736418642667
0.00023470125177560403
0.0004946267973008982
0.00010297401290574399
-0.0006836000140026946
0.0005808141793548212
-0.00029272950346405564
-0.0006797309461890202
-0.00013290632287097927
0.0008914168791732962
-0.0007514896756233494
0.00042214172736943943
0.0007947899642475705
0.00013009372134005406
-0.0010792184061909603
0.0008718817452022752
-0.0005590856085755754
-0.0010302803189461613
-0.00006360435004681087
0.001433500287263789
-0.0007988017757957487
0.0009633757977402054
0.0012342252838154926
-0.0003639756525829487
-0.0021888941502936875
-0.0009798948608694096
-0.004678253855174581
-0.0013599242977674175
0.009265034942490372
0.02600904986113724
0.02548648427259338
0.013197100369436356
0.0016273055260236785
-0.004948571914377092
-0.005273404359313045
0.0010005354510779249
-0.0016394210632663584
-0.0018179909594442374
0.00017107347914982785
0.0027085016374023725
-0.001788250295547912
0.0010320513334859194
0.0020646424030654037
0.00038858714950163495
-0.002592179173740399
0.0022809779795578754
-0.0009466007937325165
-0.0024187833012214613
-0.0006366988796715425
0.002773238933509634
-0.0026136587149819144
0.0009191357297267979
0.0025985931162123546
0.0008310958924764402
-0.00301722993113353
0.002961554365207973
-0.0009382336490776616
-0.0029148282383623806
-0.0010289506234996786
0.00326563682288572
-0.0033420232236815815
0.0009336755352889367
0.0032848500682382716
0.0012243170089743423
-0.003496755326144765
0.0038049703263025154
-0.0009433930050924746
-0.0036739207564766493
-0.0014099423689582931
0.003841054217914269
-0.00418149015726772
0.001041372091828374
0.004000881493973333
0.0016846218227524316
-0.00433287950714746
0.00486826414797015
-0.00105452861496042
-0.004402305044143283
-0.0018901744403714193
0.004652402779575104
-0.0053972106662043134
0.0011125590845478424
0.0049592324700318945
0.0021916828926419633
-0.005176052738295535
0.006081640130541136
-0.0011302626665295513
-0.005478107302007854
-0.0024918699021549114
0.005609430822296027
-0.006805882841655629
0.001169191385006456
0.00607963455965194
0.0030579363977437032
-0.00625367660903392
0.007842725786952767
-0.0012214895215179153
-0.0069349699023077745
-0.0033911910732903603
0.006796732968710123
-0.008748406504005853
0.001176179449820308
0.007678456779436979
0.003986377924921318
-0.0076966486735084326
0.010419582312825195
-0.0012469623760954127
-0.008779775621451304
-0.00452543088439435
0.008363273330073964
-0.011552546212907508
0.0011651778387635444
0.009976329801986894
0.0055297029160366485
-0.00967070742544816
0.013816205486285218
-0.001235729366169758
-0.011349583674230527
-0.00642091474437597
0.010570591063832794
-0.015534843953225673
0.0011835705039049621
0.013156929227853453
0.007885794439513106
-0.012562381806339746
0.01892715705963689
-0.0010229017035957252
-0.015634754936582035
-0.009063389065897771
0.013780489820586573
-0.02220360245063102
0.0009105033042268322
0.01818912818678167
0.011798609596845406
-0.01695643525870885
0.027918302792941163
-0.0004934503619020664
-0.02224461683086325
-0.013486802701967221
0.017861657279941077
-0.033496394430764236
0.00023099643290914318
0.026376780405730594
0.018966207677718023
-0.02419803253200367
0.04544987929485388
0.0006715514476639304
-0.0346382580270869
-0.020552751983487504
0.024112641079517685
-0.05643552540392958
-0.0012164848660116368
0.04073042629981017
0.03407124183015381
-0.039526287708887616
0.09263878728008144
0.005826688433066893
-0.06277252954078989
-0.028668409360874444
0.025173498564632264
-0.08915990428816559
-0.0024717273876314768
0.03598120300522042
0.05369585195430762
0.05477480379118087
0.04063134773047631
0.005147660239007536
-0.08016937615491988
-0.30113591288884145
0.7104887088877065
-0.18657638744781793
-0.03616984785166893
0.26437248658675605
0.15562568035074184
-0.14256416534515737
0.35186444316788706
0.042802170656341634
-0.39461407640599255
-0.8049921874197317
1.3877078473518538
-1.2245603382610524
-0.40030783459558666
2.283871336628646
1.4082288914460175
-1.3138071461704677
7.446644349594991
1.5626414761618086
-24.08924303488773
-9.862605051209767
2.7019207651584054
-5.8316524578807245
-0.3806932947686996
1.6145786670191864
1.7487088142006626
-1.0501239288823947
1.0736961215509178
0.21015030562796486
-0.5308738416760462
-0.3465143211204336
0.18495766530600655
-0.38159690421070275
-0.05945004269806779
0.20115978735325182
0.19834308070667356
-0.10463260457223526
0.20663964383566846
0.048048279107594495
-0.11231240446693327
-0.09406324287331244
0.052555550732326144
-0.12318490878519567
-0.0240548467375834
0.06971455259065389
0.07386355267245916
-0.031526794114377345
0.08257250669175051
0.022194306518236482
-0.04530736831334953
-0.04672127938586988
0.02321722343982808
-0.05904846622102352
-0.013072133621869118
0.03391731372351875
0.03814174298845434
-0.01446340426999376
0.044251991363589455
0.013856931669736861
-0.023636683057844197
-0.02681747509130821
0.011797457646050143
-0.03261484820855846
-0.009318195489473317
0.019645847116304464
0.023308403536835713
-0.00628213815076564
0.027710669597731687
0.009722962751397763
-0.013791699419164905
-0.016178190695781428
0.006569302916225315
-0.020880719828563415
-0.006211193432250356
0.012437358132325356
0.015861165789055942
-0.00296200335687151
0.018081456967724483
0.007435483663799192
-0.008466704132472722
-0.011281553321321688
0.003930629791325954
-0.01436793943039714
-0.004811299112837491
0.008494398669124319
0.011378607165800607
-0.0011180013714252996
0.012791129341489042
0.00580085995942756
-0.006139000083828067
-0.008515209304166842
0.0020678969947432744
-0.010435620015999729
-0.003745966440261984
0.005751981819304856
0.008482148168408124
-0.0006487158487592879
0.009352499736638141
0.004550970745863215
-0.004116900230887092
-0.0062299696011078425
0.000984957516950053
-0.007645750783700359
-0.0029358288458858008
0.004060368483909826
0.006366400889474032
0.0001425209797727626
0.0069204973436441655
0.0036897628419056356
-0.0028957134830178157
-0.004715251422966285
0.0006876481649493397
-0.005691209450755006
-0.0023882217951634193
0.0028964645104295676
0.004870692077649478
0.0003900490840307513
0.005185739325310234
0.0030157422640913123
-0.0021927520796867295
-0.0036411632113257774
0.00036318888754294216
-0.00429920372208523
-0.001961844713290634
0.002087916480872467
0.003690647561088929
0.00048084878246344004
0.003817231701748844
0.002464262118037727
-0.0014975101907394016
-0.0028612035216056273
0.00006570374303254683
-0.003372659190577915
-0.001563956418447878
0.001394706371766837
0.002736047532529117
0.0005292779310666943
0.002764806209401339
0.0019884358707672038
-0.001084565456455342
-0.001998385888135377
-0.00006764443476296446
-0.0027506806387587344
-0.0011716723245852572
0.0008068220812259464
0.0018499310042622427
0.0005143351708747315
0.0017394597603831022
0.0017584898982258028
-0.0008476122876790325
-0.0011958062066634047
-0.00009557263334225594
-0.0030890069857291286
-0.000548592340960124
0.0001832592236266537
0.0004695431169802916
0.0005289962760087913
0.00042178691104625493
0.00025928263237336716
-0.0000866764833318533
-0.0008702042659144805
-0.005451860798143596
-0.0002532044009884435
-0.0005830398312659234
0.00009247799199573994
0.0006035939854156801
0.000354419733194514
0.00013944375817324676
0.00029739714503420304
0.00017862244552522042
-0.0001197001344988926
-0.0005556842608345237
0.00028635770589603693
-0.00012016582923356122
-0.000488301424335182
-0.0002656923886481243
0.0003403866778771378
-0.0008476228324861486
-0.0001618877376350262
0.0004845462604074635
0.0006513205899407781
-0.000454977304013136
0.001018534502907843
0.00034450629704538103
-0.001061599966870139
-0.0012757201055504984
0.00015387558012275142
-0.0019775303801247064
-0.000799564391096554
0.0007601412191093749
0.0014383319939424027
-0.00044881421756960975
0.0018297209783094503
0.0008713028040232143
-0.0017085447205090099
-0.0025048368483865926
-0.00006466412170363961
-0.003309416271014708
-0.001689831454159476
0.0010487044137785135
0.0023969037081858087
-0.0004622524208921414
0.0028160070663687223
0.0014794772876898506
-0.002633512874676717
-0.00411331899640588
-0.0006658716752352598
-0.005066491556888068
-0.0027688098805531674
0.0012297355740165752
0.0034224689785010446
-0.0005827270011550089
0.004076179729379438
0.002155437607970207
-0.0038834617577180298
-0.006608098999801806
-0.0015718177721226758
-0.007850738271003665
-0.004875654573896313
0.0016314320301447143
0.00520060003825922
-0.0004972540846843837
0.005972327179867873
0.0034806451908602153
-0.005893346216816615
-0.010503395605918347
-0.003742216668761125
-0.012101601101338223
-0.00798441140600037
0.0021538891900999787
0.007759196725506185
-0.0010714239886447136
0.008765287584714154
0.00532830028772646
-0.00968591499068864
-0.017302531527957896
-0.006215372727927912
-0.02000132592020323
-0.013963633938020225
0.002508880550264085
0.01262187250232557
-0.0025789188020981712
0.015361510157832787
0.009147778693004443
-0.01849352107781046
-0.032334163040609265
-0.013362799694192986
-0.039133964455334444
-0.028231152394642724
0.003443875055476304
0.02384713564364759
-0.006340880742499207
0.02879259563170745
0.019407050462539124
-0.04682221561578172
-0.08323587505654602
-0.03957152923154795
-0.11152507585778923
-0.08628472122852125
0.002680828323927446
0.08052977457848205
-0.015255371649595185
0.09746004392864463
0.08435136022847477
-0.29558589329339713
-0.5855422500827531
-0.36423309703086115
-1.4229882561782623
-1.5414757514924509
-0.37067244095194385
32.292580426137086
-0.6681277987849383
2.804467866060275
0.4087625157030963
-0.4333715587947975
-0.622037135156005
-0.33639143336728966
-0.232580113746879
-0.1822172203511552
-0.030335653613759134
0.032832532695371265
-0.007182521427645371
0.009105513160671774
0.0077764475983360505
-0.025969608527770423
-0.04925085318414919
-0.03247262779693302
-0.026427494524186784
-0.026449140986797022
-0.010496442974637643
-0.00024205392123364557
-0.001844930962421787
-0.005506009724672555
-0.001973430128488786
-0.005195689206369812
-0.011074352636941781
-0.011368706986446486
-0.004972257622415662
-0.007214603751224741
-0.006573423640613932
-0.004050246371537926
-0.0011107711790216243
-0.005815965040333259
-0.0027884848678372894
-0.0007196683390280616
-0.001529026444986589
-0.005569473500419757
0.001722782333486422
-0.0021866289833694023
-0.004864121685233512
-0.004342144402563568
-0.00020952678571119917
-0.0059007459610733995
-0.0029557397756201026
0.0005711644713432498
0.0003860715813956228
-0.0033988863397706476
0.002857842955833644
-0.00035141833395130285
-0.0038481124050702346
-0.004292746086272866
-0.00008038138016668364
-0.005895872654264414
-0.0026103711196656795
0.0017509412733857236
0.0017868112228934818
-0.0018094143535250004
0.004453497343027025
0.0007207761190528359
-0.003144955330791457
-0.0041858945224114
0.00021516260767938242
-0.005558338935281039
-0.0028222256079159444
0.002315497601645126
0.0025130455582515216
-0.0011014157851194062
0.005417707934269604
0.0012590524656373814
-0.002489146549285905
-0.003864823987557997
0.0006304035512557256
-0.005366348550235392
-0.0034063170801547043
0.003117806343026671
0.0023279497718949054
-0.0004885247600489531
0.0059982705163413004
0.0008422432215220098
-0.000984717663086616
-0.0017386017688980036
-0.001846910977138602
-0.0015719464285797744
-0.0007096362881304068
0.001135320081210091
0.005430638562938539
-0.004367057134367936
0.0026644555017892933
0.0022521295201030998
-0.0028605973579601458
-0.0034853265960826853
-0.0001841013817002765
-0.0037704001729819015
-0.0018362510150878527
0.0013225984833673658
0.003508877904797912
-0.0000530440498953301
0.002838416646729649
0.0019715070142623087
-0.002090188308838666
-0.0034601288885163927
-0.0006022645560271101
-0.0035638157414259975
-0.0021072466837701986
0.0010281497332102212
0.0029583566301390634
0.00013515072446874856
0.0026797755673088957
0.0018249599457857602
-0.0018013452959082519
-0.003317141396599565
-0.0007601036475825147
-0.0033837871798601603
-0.002236857548575481
0.0008900254393800489
0.0027152392531725232
0.0003915014119556695
0.0024569291032081127
0.0018211554742930825
-0.0015687294005380572
-0.0032328059388063717
-0.000991168418528372
-0.003163704940591517
-0.0022062161669073937
0.0007834332578432331
0.0025910982282225568
0.0005531206448331905
0.0023904524647586326
0.001806126238280602
-0.001306030805348667
-0.003089774873707703
-0.0011011660927317416
-0.002960157648480448
-0.002296937016585069
0.0006119698031386506
0.002518093075211816
0.0007114749101199955
0.002187876254976466
0.0018106310521745696
-0.0011152287891725893
-0.002959067694773894
-0.0012334780957423172
-0.0028416990167514596
-0.002294032412649623
0.0004757410179164757
0.0024289115190003867
0.0007666641034014464
0.002122872910284408
0.0018080041178409577
-0.0010538771007685527
-0.0028623357333303606
-0.0013226588385243344
-0.0026941208601948164
-0.002226326583638216
0.0004309517087957131
0.0023881794073990137
0.0008394943854345738
0.0020880329105170143
0.001786010432109185
-0.000978301138338623
-0.0028756741723124234
-0.0012708520324347017
-0.0025632976251634024
-0.0022223770409148472
0.00039092315922683
0.002308804719704556
0.0008720632403073731
0.002016133251989428
0.0017590778932169468
-0.0008848543830697062
-0.0027729360969198018
-0.001365852888591252
-0.0024559684210841855
-0.002209023244251328
0.00025186523614853274
0.002185530433881393
0.0008584650308748913
0.0018785901208176231
0.0017362991185422884
-0.000776464924722016
-0.0026640587773378846
-0.001399074117598877
-0.0023577162278873524
-0.0021042072456820228
0.00026891814240987956
0.002103287950645232
0.0009266043359296227
0.0018228186596340298
0.001649341056699171
-0.0007452294803021972
-0.002586077384613023
-0.001364564584238412
-0.0021631002573070097
-0.002101840690968591
0.00021267552346378925
0.002059634603270326
0.0009084963626420524
0.0015937832488515317
0.0016318717465188207
-0.000690917972083399
-0.0025195551136557807
-0.0013341065839996221
-0.0020933021927415623
-0.00203677896906887
0.0002183446145337212
0.001971094850198382
0.0009064150817198253
0.0016704318488769874
0.0015499424574785074
-0.0006589925545828426
-0.002363855189111832
-0.0013744615211744016
-0.0021157459646101236
-0.001981132809720375
0.0001600863574860982
0.0019875479160427
0.0008954264309032996
0.001608564881274088
0.0015505643821073021
-0.0005651818611171911
-0.002337324121842571
-0.0013201741941300663
-0.0019084222502280001
-0.002052551703379859
0.00021410371286232607
0.001955163350555281
0.0009922740073724885
0.0015288157459949355
0.001575092769702679
-0.0005962970989790995
-0.0022264536797102844
-0.0014151673366132901
-0.0017639331976115104
-0.0018965960458969607
0.00010896944548271604
0.0018937485238394243
0.0009117173292842579
0.0014236356440665622
0.0015555948671301335
-0.0004904668571261813
-0.002178988435171397
-0.001426831451019184
-0.0017453833829133487
-0.001904750612465589
0.00017084913792065
0.0018602462682196523
0.0010645647603581346
0.0013703774106654202
0.0015688893798339047
-0.00046607574238130057
-0.002203826760489661
-0.0012301656731161614
-0.001736953295228868
-0.0017461298652269258
0.000015788580082047686
0.0017244262490382345
0.000885980150425727
0.001429894106469609
0.001555140433991195
-0.00040005825297784224
-0.002144361398101762
-0.0012602819789572306
-0.001737783074282437
-0.0017892670516488737
0.00018192934308936865
0.0017303129064728056
0.0008949366076415295
0.0013716103391253269
0.0014889662818713294
-0.0004081977115010702
-0.0020662826598251242
-0.0012399977492812866
-0.0017124567219174262
-0.0017380708070088944
0.00024552401149049356
0.0017841944265666201
0.000890646395245845
0.0014557842440084418
0.0013965786170104485
-0.00037328766487551953
-0.0019189892148884825
-0.0012511781177402355
-0.0015670324258092736
-0.001730872214945453
0.00011784236633587232
0.0015741674036358374
0.0010317394557467765
0.0014278311008549332
0.0014714552292858954
-0.00034278272863543793
-0.0020188548106710273
-0.0011113075363657812
-0.0013955342498849711
-0.0016127160481897759
3.6396579044944223e-6
0.0016731698169361723
0.0009372211743962619
0.001385402611346995
0.001459383579886378
-0.0003686159501665141
-0.0019993886110386645
-0.001356520401579769
-0.0014448117029433332
-0.001533664724644695
0.00011260375357709513
0.0015953043468296194
0.00101161932579006
0.0012680207130575003
0.0013484690240480094
-0.00034528201873092255
-0.0019381619532001558
-0.0011537225009891998
-0.0016563032762374453
-0.0016236766845194315
0.00008438388587828134
0.0018459855434583047
0.0010134739393083138
0.0013334709279293861
0.0014448011963820616
-0.0001753558447863521
-0.0017971736854018156
-0.001141612583720727
-0.0013384017263732772
-0.0016673113233097651
0.00013816104500528483
0.00156359128608273
0.0011295543536862292
0.0013258068835815024
0.0016522525281808162
-0.0001302686976802423
-0.0017944296593293799
-0.0010664920346446331
-0.0013561317269903841
-0.0018014582403356272
0.00016941632158895938
0.001830589776108811
0.001014652698520845
0.0013483135004208884
0.0015942755379001244
-0.00014587740740954554
-0.0016807314819914068
-0.0011572390722324234
-0.0012268826338819624
-0.0016078844798750336
0.000043878878697292305
0.0019405453174503207
0.0011203648136646693
0.001444978081884344
0.0016705631771845783
-0.0002801596058434914
-0.0017255916443913236
-0.0011251125721883635
-0.0016024601986411886
-0.00167136681868984
0.00007659062562723837
0.0016115193486546538
0.0011082456949169594
0.001282043133224412
0.0015011287594542285
-0.00010985602857281809
-0.0016725324761671869
-0.0011785933113400288
-0.0013738273994266526
-0.0016080166383421082
0.00018564801202809047
0.0016363870017557151
0.0013464931006474316
0.0013455766292106621
0.0014451135599990229
-0.00015957558584479698
-0.0016642978458360936
-0.0011163418895222138
-0.001281354792933052
-0.0015410870746457547
0.0000654030740186399
0.0018950844100215159
0.0010932332120620106
0.0012458667570490064
0.0018261403037219501
-0.000030563181579085
-0.0017248407484335138
-0.0012431372176810065
-0.001279778994752264
-0.0013409880859469466
0.00006396782995671378
0.0015199913853779668
0.0011201594231829324
0.0012880200837793792
0.0016241967711963317
-0.000024187867265400673
-0.0015563290096842696
-0.0011066652190027631
-0.0013329341540417473
-0.001530048800135928
-0.00007812183490042316
0.0015594105760946232
0.0012344013097202267
0.0009622757854151489
0.0015025805810559038
-0.00011035900769342968
-0.0015882527814220385
-0.0012546414041457986
-0.0012696485543534017
-0.0014886604833292561
-0.000010501221346754991
0.001532167470368912
0.0012687724179534193
0.0011391977275917217
0.001473342760002115
-0.00010804286944842141
-0.0016268366663886443
-0.001202807731621362
-0.0012721433659605714
-0.0014949779480785625
-0.00005516976670902896
0.0015855683648004506
0.001159596651816369
0.0009579220413067153
0.001578873196582106
0.000011772432097040772
-0.0016339232317498916
-0.0012394482275077559
-0.0009656267625548158
-0.0012892231020640561
-0.000025819776692038668
0.0014642779893893054
0.0013244694197287008
0.001030799631930556
0.0011703466326982894
0.000026966993482483596
-0.0014683955555754562
-0.0012032719158931104
-0.0012041809516793963
-0.001496465623780705
0.00003103808014584977
0.0013969688170357001
0.0008986980175292561
0.0009533267090437736
0.0011299957734087962
-0.00013584047789349203
-0.001611453416671534
-0.0011556199967848292
-0.001211268691886718
-0.0013972649019054926
0.00001053565796668297
0.0013536223352963838
0.0009571434928690466
0.0010394071979523795
0.0013467862106712075
-0.00019808523293170192
-0.0015403401315879613
-0.0010694789663867126
-0.0012037436128093568
-0.0013846556162329163
0.00004023077549471376
0.0013970606935845697
0.0009143917016146668
0.001101699416714519
0.0012681684484612179
-0.00019506402320527012
-0.0015586993475454202
-0.00105339329367576
-0.0012575344850764129
-0.0014278842491393887
0.00008652684585871019
0.0014701321347943778
0.0009296094339741758
0.001147780141657181
0.0012856373180250402
-0.00022630442657605877
-0.001579601694084113
-0.0010395774487027222
-0.0013153490619808098
-0.0014554568786035514
0.00007851378006557837
0.0014874011456630142
0.0009396573830688891
0.0011458693198585224
0.001330873893690457
-0.00019948255293612764
-0.0015487826310660708
-0.0011031074996591872
-0.001283061138594168
-0.0015002506065815984
0.00007715125098424017
0.001527952696263216
0.0010137195749216003
0.0011663451368969075
0.001361991291286712
-0.00020610188232857347
-0.001633483094487423
-0.0011223600653456369
-0.0013285788671059974
-0.001490596228070681
0.00006309062854626305
0.0015248059103379937
0.0010353397393137855
0.001192536339258201
0.001394823127141087
-0.00016042273712753264
-0.0016807298130012067
-0.0011679676289987825
-0.0012682750903380284
-0.0015097381248544398
0.00004962414731650799
0.0015247382121917428
0.0010849991065613712
0.0011872131495962782
0.0014069524307217588
-0.00013940299112674706
-0.0016332762642481517
-0.001214981478605305
-0.0012511073761878727
-0.0015203932170554978
0.00002207721903284093
0.0015748147841607462
0.0010980810477698186
0.0011102409903152924
0.001434610784587416
-0.00009736737924531785
-0.0016237623694855725
-0.0012343847404472123
-0.0011927698010439033
-0.0015560781751784998
-0.00002544416024397831
0.0016010805353243358
0.0010916029870252097
0.0010812432270851905
0.0013757304218121502
-0.00006400375974084327
-0.001572819288043609
-0.0011750186367643024
-0.0011409724319435509
-0.0014319009401494898
-1.589618761684725e-6
0.0014338146973077576
0.0010392247694980953
0.0010394242409389463
0.0013446067182072753
-0.00006664368172129701
-0.001509093537011124
-0.0011587679898664553
-0.0010808187134931622
-0.0013701746064285075
4.559820310905959e-6
0.0014124285724287627
0.0010930248368003442
0.0010371736391086952
0.0013229294060044634