-5.466546131502868e-19
-8.794038012472971e-14
-2.238269153241084e-12
-1.5783935887747284e-11
-6.440588477619833e-11
-1.9385484943395377e-10
-4.807615370277539e-10
-1.0429921508219969e-9
-2.0521060167835912e-9
-3.748611955018905e-9
-6.460912854842097e-9
-1.0629092185519585e-8
-1.6835058439211548e-8
-2.5841062046317015e-8
-3.8639289610905224e-8
-5.651620367560848e-8
-8.11366530078245e-8
-1.1465470876549923e-7
-1.598609593917911e-7
-2.2038004242889075e-7
-3.009381620747666e-7
-4.0772928114510426e-7
-5.489222726548906e-7
-7.353723502737772e-7
-9.81633247803896e-7
-1.3074199425620691e-6
-1.7397594417690273e-6
-2.3162150990249847e-6
-3.0898264436860064e-6
-4.136865250370562e-6
-5.56935813642205e-6
-7.555963001324361e-6
-0.000010358087981134595
-0.000014395160465922381
-0.000020368831785347307
-0.00002951458538089196
-0.00004415235500667483
-0.00006901558277437797
-0.00011490104140976557
-0.0002106550051699906
-0.00045467113770035445
-0.001367846317406451
-0.01174164097018949
-0.01650624257967533
-0.0020006559547417367
-0.0007815286572405426
-0.00043419947360101796
-0.0002861300255372763
-0.000208504030077244
-0.00016231851647243679
-0.0001323901081480503
-0.00011176972633046021
-0.00009689349497454607
-0.00008577200756040713
-0.00007721936311383356
-0.00007049056846562669
-0.00006509710974249792
-0.00006070700803224259
-0.000057087743102478115
-0.00005407218789137345
-0.000051537496268629494
-0.000049391585699494325
-0.000047564233135813044
-0.00004600106104812487
-0.00004465938424064504
-0.000043505284185135904
-0.000042511510946497135
-0.00004165595412409771
-0.000040920512038099476
-0.00004029024418622948
-0.000039752728191426254
-0.000039297566387020936
-0.00003891600327760425
-0.00003860062610938439
-0.00003834512840826698
-0.00003814412170315172
-0.00003799298446663963
-0.00003788774005291879
-0.00003782495741319554
-0.000037801669840951606
-0.000037815308092591576
-0.000037863645048567566
-0.00003794474969957333
-0.00003805694871459927
-0.000038198794210146876
-0.000038369036620394696
-0.00003856660178648113
-0.000038790571554322974
-0.0000390401673053922
-0.000039314735952114046
-0.0000396137380150284
-0.00003993673746752588
-0.000040283393089382876
-0.0000406534511152101
-0.00004104673900060295
-0.000041463160158768625
-0.000041902689545192795
-0.00004236536998835138
-0.00004285130918157016
-0.000043360677265401264
-0.00004389370494198003
-0.000044450682072991284
-0.00004503195672168245
-0.00004563793460684843
-0.000046269078943311185
-0.000046925910649165364
-0.00004760900890523116
-0.0000483190120567599
-0.00004905661885171606
-0.00004982259001390269
-0.000050617750152927264
-0.000051442990016656796
-0.000052299269095285654
-0.000053187618589749266
-0.00005410914476073774
-0.00005506503267833876
-0.00005605655039615275
-0.00005708505357788203
-0.000058151990608785626
-0.000059258908229174506
-0.000060407457732310225
-0.00006159940177484635
-0.00006283662185424779
-0.00006412112651470238
-0.00006545506035092104
-0.000066840713888048
-0.00006828053442587317
-0.00006977713794678008
-0.00007133332219957048
-0.00007295208108580299
-0.00007463662049172485
-0.00007639037572764864
-0.00007821703075815548
-0.0000801205394311251
-0.00008210514894190155
-0.00008417542580155673
-0.00008633628461582323
-0.00008859302002486073
-0.00009095134220454327
-0.0000934174163886742
-0.00009599790694000676
-0.00009870002657788913
-0.00010153159146403529
-0.00010450108295788237
-0.00010761771698252768
-0.00011089152209516772
-0.00011433342753704406
-0.00011795536275304543
-0.00012177037012738646
-0.00012579273298816938
-0.00013003812130096224
-0.00013452375791369526
-0.00013926860874904847
-0.0001442936009877172
-0.00014962187407349727
-0.0001552790693332466
-0.00016129366518529814
-0.00016769736636434762
-0.00017452555739136093
-0.00018181783275624235
-0.00018961861907979571
-0.00019797790803786436
-0.00020695212327247263
-0.00021660515015822635
-0.00022700956450474007
-0.00023824810555244364
-0.00025041545062925004
-0.00026362036449385627
-0.0002779883169570038
-0.00029366468959357263
-0.00031081872868887983
-0.0003296484504754493
-0.00035038677118420114
-0.0003733092256550619
-0.00039874376477203505
-0.00042708329945821184
-0.00045880191093161475
-0.0004944760093326806
-0.0005348122514451462
-0.0005806848110168585
-0.0006331857735234081
-0.0006936942329145574
-0.0007639724893966811
-0.000846302251332749
-0.0009436811055275747
-0.0010601118689558145
-0.0012010387617534819
-0.0013740223939015615
-0.001589816002005068
-0.0018641413729196985
-0.0022207384608060724
-0.002696853424807935
-0.0033536832360131657
-0.004297654171459987
-0.005727610400052497
-0.008051515338142048
-0.012220454860946571
-0.020905746292222617
-0.044258179511134074
-0.15309984340942354
-9.686522138370357
-0.2623017145847546
-0.05490791059005855
-0.022772545777901016
-0.012256942711701576
-0.007576923040444979
-0.005104113903439334
-0.0036452386883632213
-0.002715624363392882
-0.0020885521238252673
-0.0016466056316412298
-0.0013241015294074344
-0.0010820024973044386
-0.0008959455277374296
-0.0007501003380527259
-0.0006338269496335449
-0.0005397648724790164
-0.0004626942225140346
-0.00039883220125588387
-0.00034538480246519793
-0.00030025326945797286
-0.0002618372012599961
-0.00022889962491873486
-0.0002004727384801614
-0.00017579091493416632
-0.000154242329219816
-0.0001353335286895829
-0.00011866314218656474
-0.0001039021349675598
-0.00009077881481097624
-0.0000790673290692346
-0.00006857875585995532
-0.00005915414330649514
-0.000050659026006017344
-0.000042979071947554796
-0.00003601660191071902
-0.000029687787643377517
-0.000023920382096685243
-0.000018651869664398473
-0.000013827950185610278
-9.401289849836863e-6
-5.330486809609672e-6
-1.579210487842811e-6
1.8845178461813138e-6
5.08892902059587e-6
8.059015048648351e-6
0.000010816959942285256
0.000013382505651285756
0.000015773264008427807
0.000018004983556483467
0.0000200917785294146
0.000022046325971659545
0.00002388003593904176
0.000025603198881279587
0.00002722511361908369
0.000028754198767115488
0.000030198089992981184
0.00003156372512261965
0.00003285741878817994
0.000034084928053953233
0.0000352515102388214
0.00003636197397247363
0.00003742072437073238
0.00003843180308777551
0.00003939892389538037
0.000040325504348540956
0.00004121469401963261
0.000042069399717939425
0.00004289230805555542
0.00004368590567305638
0.000044452497397607105
0.000045194222571149975
0.00004591306975630896
0.000046610890001686284
0.00004728940882588992
0.00004795023706023404
0.00004859488067328446
0.000049224749685850665
0.000049841166272294015
0.00005044537213299538
0.000051038535213142755
0.000051621755834524674
0.00005219607229963881
0.00005276246602089014
0.00005332186622194479
0.000053875154253268594
0.00005442316755943473
0.00005496670333186705
0.00005550652187722218
0.00005604334972853776
0.00005657788252354936
0.000057110787672182104
0.00005764270683305564
0.0000581742582169545
0.00005870603873349498
0.0000592386259957365
0.00005977258019610006
0.00006030844586578807
0.000060846753528801835
0.00006138802126070263
0.00006193275616140571
0.00006248145575052606
0.00006303460929311896
0.00006359269906303956
0.00006415620155061343
0.00006472558862079886
0.00006530132862763516
0.00006588388749033765
0.0000664737297361002
0.00006707131951434988
0.00006767712158693222
0.00006829160229850224
0.00006891523053116165
0.0000695484786472496
0.00007019182342403584
0.00007084574698395125
0.00007151073772389487
0.00007218729124710229
0.00007287591130099259
0.00007357711072440156
0.00007429141240758288
0.00007501935026839931
0.0000757614702481265
0.00007651833133037817
0.00007729050658670612
0.0000780785842525396
0.00007888316883722999
0.00007970488227212006
0.00008054436510068384
0.00008140227771499581
0.00008227930164297132
0.00008317614089105561
0.00008409352334730065
0.00008503220225005008
0.0000859929577277767
0.00008697659841595309
0.00008798396315725614
0.00008901592279179011
0.00009007338204450962
0.0000911572815175822
0.00009226859979585698
0.00009340835567441754
0.0000945776105177467
0.00009577747076081283
0.00009700909056324433
0.0000982736746286163
0.00009957248120190574
0.0001009068252592326
0.00010227808190522143
0.00010368768999462765
0.00010513715599632437
0.00010662805811934917
0.00010816205072246735
0.00010974086903063629
0.00011136633418393425
0.00011304035864683956
0.00011476495200840536
0.00011654222720674482
0.00011837440721446485
0.0001202638322252499
0.00012221296738573626
0.00012422441112122607
0.00012630090410866503
0.0001284453389557593
0.00013066077065116777
0.00013295042785749195
0.00013531772512634954
0.000137766276123301
0.00014029990795989727
0.00014292267674076228
0.00014563888444562076
0.00014845309727963137
0.0001513701656405829
0.0001543952458686267
0.00015753382396358726
0.00016079174147677882
0.00016417522380911007
0.00016769091117542273
0.0001713458925270845
0.000175147742761368
0.00017910456358780744
0.00018322502846937434
0.0001875184321108353
0.00019199474502927272
0.0001966646738136671
0.0002015397277633448
0.0002066322926907215
0.0002119557127844471
0.00021752438155728414
0.00022335384305207674
0.00022946090465265467
0.0002358637630490407
0.00024258214514328894
0.0002496374659602315
0.0002570530059543244
0.000264854110489297
0.00027306841472320224
0.0002817260976721275
0.00029086016986902763
0.0003005067998014975
0.00031070568523098273
0.00032150047659919556
0.00033293926105712154
0.00034507511726026636
0.0003579667530260185
0.00037167924032839545
0.00038628486501667193
0.0004018641122217364
0.000418506812828804
0.0004363134818684765
0.00045539688649620403
0.0004758838897657663
0.000497917627143757
0.0005216600863034659
0.0005472951780326283
0.0005750324082328018
0.0006051112895167748
0.000637806667910464
0.0006734351884909098
0.0007123631873761923
0.0007550163818025117
0.000801891842768707
0.0008535728868127093
0.0009107477305576473
0.0009742330364252231
0.0010450038736816423
0.0011242321753010358
0.001213336562699112
0.0013140475514885701
0.0014284938196973342
0.00155931769632053
0.001709831765266592
0.001884234221720285
0.0020879096148435396
0.0023278560142953706
0.002613303250866057
0.0029566266226880205
0.0033747293328486687
0.003891190278088761
0.004539703101540538
0.005369777096668874
0.006456576085433979
0.007918723500992682
0.009952403426110182
0.012901344769356829
0.01741338462492185
0.02483187309975107
0.0383318126399541
0.06700457428850207
0.1464997177259198
0.5437445164273766
96.27187754838401
0.721144833270072
0.16624735223323572
0.07171977209435096
0.039653505930485985
0.02506957256151453
0.017240477282927453
0.012561376894936768
0.009545990792387864
0.007491037366944434
0.006028854342480194
0.0049521114554499385
0.004136709959934951
0.003504701481560344
0.003005136712369105
0.002603580605877945
0.0022760861786219866
0.0020055851397086737
0.0017796481330053194
0.0015890514483171908
0.0014268347237279928
0.001287666476015228
0.0011674077134069217
0.0010628060079772646
0.0009712773036307884
0.0008907478512401915
0.0008195380625368225
0.0007562760489573367
0.0006998324852999572
0.0006492709956138677
0.0006038099758110098
0.0005627929381477756
0.0005256652722965693
0.0004919558850284341
0.00046126258297310413
0.00043324035170628843
0.0004075918938679119
0.0003840599424630707
0.0003624209789785891
0.0003424800706194044
0.00032406660467382655
0.00030703074632684393
0.0002912404831498063
0.0002765791478940848
0.00026294333321412157
0.00025024112909362983
0.00023839062719768336
0.00022731864698203534
0.00021695964680535604
0.00020725478999884643
0.00019815114122375912
0.00018960097277593706
0.00018156116399779658
0.00017399267980282784
0.00016686011663848184
0.00016013130611457492
0.00015377696808779314
0.000147770406283517
0.00014208724060533497
0.00013670517117146615
0.00013160376985861958
0.0001267642957542125
0.00012216953143853593
0.00011780363745687583
0.00011365202271172997
0.00010970122881867986
0.00010593882673557366
0.00010235332420117811
0.00009893408271277837
0.00009567124293756094
0.00009255565759444093
0.00008957883096490432
0.0000867328642964363
0.00008401040645275691
0.00008140460924355806
0.00007890908693439939
0.00007651787949652243
0.00007422541920774144
0.00007202650026040854
0.0000699162510716283
0.00006789010902516315
0.00006594379740454008
0.00006407330430321432
0.00006227486332102568
0.00006054493587630515
0.00005888019498147402
0.000057277510345559324
0.00005573393468138627
0.000054246691107639055
0.00005281316154712295
0.00005143087603242127
0.00005009750283894675
0.00004881083937321251
0.00004756880375114906
0.00004636942700753787
0.00004521084588322686
0.00004409129614180273
0.00004300910637188335
0.00004196269223522954
0.00004095055112450539
0.00003997125719776805
0.00003902345675972244
0.00003810586396241388
0.00003721725680043336
0.000036356473377870874
0.000035522408426209075
0.00003471401005411942
0.000033930276711733194
0.00003317025435341248
0.0000324330337843733
0.00003171774817771175
0.000031023570749483094
0.000030349712580473486
0.000029695420574219175
0.00002905997554165001
0.000028442690403492866
0.000027842908502263056
0.000027260002016296723
0.00002669337046886311
0.000026142439325918687
0.000025606658676552308
0.000025085501990615903
0.000024578464948440928
0.00002408506433791838
0.000023604837014563088
0.00002313733892050009
0.00002268214415860312
0.000022238844118282623
0.000021807046649669692
0.00002138637528317078
0.000020976468491574494
0.000020576978992095193
0.000020187573085906585
0.00001980793003289429
0.000019437741459504773
0.000019076710797711483
0.000018724552753251637
0.000018380992801408233
0.000018045766708725748
0.000017718620079152232
0.00001739930792319926
0.000017087594248800135
0.000016783251672632924
0.000016486061050750373
0.000016195811127435255
0.000015912298201263022
0.000015635325807421005
0.000015364704415389016
0.000015100251141142353
0.000014841789473089301
0.000014589149011002424
0.00001434216521724776
0.000014100679179657261
0.000013864537385428924
0.000013633591505475253
0.000013407698188674288
0.000013186718865509681
0.00001297051956061601
0.000012758970713772244
0.000012551947008913878
0.00001234932721075783
0.000012150994008656849
0.000011956833867322414
0.000011766736884073932
0.000011580596652293501
0.000011398310130779291
0.000011219777518711865
0.000011044902135959
0.00001087359030846284
0.0000107057512584653
0.000010541296999340368
0.000010380142234815675
0.000010222204262375695
0.000010067402880651226
9.915660300608582e-6
9.76690106036277e-6
9.621051943447908e-6
9.478041900385378e-6
9.337801973400683e-6
9.20026522414473e-6
9.065366664285792e-6
8.933043188841572e-6
8.803233512130724e-6
8.675878106226345e-6
8.550919141801742e-6
8.4283004312634e-6
8.307967374070806e-6
8.189866904148597e-6
8.073947439300164e-6
7.960158832537312e-6
7.848452325243028e-6
7.738780502090577e-6
7.631097247643203e-6
7.525357704564854e-6
7.421518233373712e-6
7.3195363736740685e-6
7.219370806806141e-6
7.120981319853778e-6
7.024328770955777e-6
6.929375055866608e-6
6.836083075715749e-6
6.744416705917563e-6
6.65434076618492e-6
6.565820991602527e-6
6.478824004717651e-6
6.393317288607586e-6
6.309269160885602e-6
6.226648748608335e-6
6.145425964049256e-6
6.065571481304225e-6
5.987056713697459e-6
5.909853791956586e-6
5.8339355431269194e-6
5.7592754701975436e-6
5.685847732411152e-6
5.613627126232484e-6
5.5425890669498145e-6
5.472709570886276e-6
5.403965238197931e-6
5.3363332362367685e-6
5.269791283457497e-6
5.204317633848677e-6
5.139891061868002e-6
5.0764908478641345e-6
5.0140967639667375e-6
4.952689060428278e-6
4.892248452400648e-6
4.832756107131541e-6
4.77419363156524e-6
4.716543060333411e-6
4.659786844122247e-6
4.603907838402343e-6
4.5488892925087546e-6
4.494714839059064e-6
4.441368483697186e-6
4.388834595152208e-6
4.3370978956007234e-6
4.286143451322845e-6
4.235956663641078e-6
4.186523260133149e-6
4.1378292861087405e-6
4.0898610963417675e-6
4.042605347049073e-6
3.996048988107626e-6
3.950179255501988e-6
3.904983663994489e-6
3.8604500000105824e-6
3.816566314732367e-6
3.7733209173933836e-6
3.730702368767886e-6
3.6886994748486147e-6
3.6473012807064117e-6
3.60649706452631e-6
3.5662763318138253e-6
3.52662880976648e-6
3.4875444418048204e-6
3.449013382258228e-6
3.41102599120015e-6
3.3735728294283884e-6
3.3366446535856174e-6
3.3002324114158382e-6
3.2643272371524035e-6
3.228920447033521e-6
3.1940035349414544e-6
3.1595681681610544e-6
3.1256061832546463e-6
3.092109582049109e-6
3.059070527731922e-6
3.026481341052867e-6
2.9943344966280678e-6
2.962622619343408e-6
2.9313384808540574e-6
2.9004749961774834e-6
2.8700252203769814e-6
2.8399823453330908e-6
2.8103396966000754e-6
2.7810907303452836e-6
2.7522290303685963e-6
2.7237483051998054e-6
2.6956423852715007e-6
2.6679052201653423e-6
2.640530875929519e-6
2.613513532465336e-6
2.586847480980939e-6
2.5605271215100975e-6
2.5345469604945175e-6
2.5089016084273427e-6
2.4835857775565568e-6
2.458594279646362e-6
2.4339220237948634e-6
2.4095640143064873e-6
2.3855153486177264e-6
2.36177121527446e-6
2.338326891959592e-6
2.3151777435694972e-6
2.292319220338034e-6
2.2697468560065897e-6
2.2474562660391393e-6
2.2254431458808287e-6
2.203703269259088e-6
2.1822324865259553e-6
2.1610267230405786e-6
2.140081977590751e-6
2.119394320852441e-6
2.0989598938862576e-6
2.0787749066698905e-6
2.058835636665533e-6
2.039138427421357e-6
2.0196796872061077e-6
2.000455887675968e-6
1.981463562572804e-6
1.9626993064529776e-6
1.9441597734459027e-6
1.9258416760415913e-6
1.9077417839063532e-6
1.8898569227260482e-6
1.8721839730759924e-6
1.8547198693169879e-6
1.8374615985166943e-6
1.8204061993957265e-6
1.803550761297845e-6
1.7868924231835854e-6
1.7704283726467586e-6
1.7541558449532407e-6
1.7380721221014432e-6
1.7221745319039466e-6
1.706460447089759e-6
1.6909272844266715e-6
1.675572503863178e-6
1.6603936076895594e-6
1.6453881397174649e-6
1.6305536844778066e-6
1.6158878664362163e-6
1.6013883492258408e-6
1.5870528348969459e-6
1.5728790631829345e-6
1.5588648107824067e-6
1.545007890656808e-6
1.5313061513433135e-6
1.5177574762826166e-6
1.504359783161191e-6
1.4911110232676953e-6
1.4780091808632082e-6
1.4650522725649407e-6
1.452238346743078e-6
1.4395654829304664e-6
1.4270317912448354e-6
1.414635411823243e-6
1.4023745142684391e-6
1.3902472971069216e-6
1.3782519872583338e-6
1.3663868395159883e-6
1.3546501360382212e-6
1.343040185850373e-6
1.3315553243570757e-6
1.320193912864654e-6
1.308954338113394e-6
1.2978350118194706e-6
1.2868343702262485e-6
1.2759508736648024e-6
1.2651830061234266e-6
1.2545292748259007e-6
1.2439882098183634e-6
1.2335583635645286e-6
1.2232383105491163e-6
1.2130266468892852e-6
1.2029219899538637e-6
1.1929229779902555e-6
1.1830282697587883e-6
1.173236544174385e-6
1.1635464999553659e-6
1.1539568552792244e-6
1.1444663474452353e-6
1.1350737325437373e-6
1.1257777851319013e-6
1.1165772979159473e-6
1.1074710814395214e-6
1.098457963778216e-6
1.0895367902400573e-6
1.0807064230717873e-6
1.0719657411709063e-6
1.063313639803256e-6
1.0547490303260728e-6
1.0462708399163857e-6
1.0378780113046454e-6
1.029569502513449e-6
1.021344286601281e-6
1.0132013514111426e-6
1.005139699323977e-6
9.971583470167634e-7
9.892563252252162e-7
9.814326785109595e-7
9.736864650331247e-7
9.660167563241849e-7
9.58422637070079e-7
9.509032048943905e-7
9.434575701465897e-7
9.360848556942191e-7
9.287841967189539e-7
9.215547405164272e-7
9.143956462997795e-7
9.073060850068275e-7
9.002852391107943e-7
8.933323024345097e-7
8.864464799680396e-7
8.796269876896021e-7
8.728730523898344e-7
8.661839114991922e-7
8.595588129185017e-7
8.529970148526194e-7
8.464977856470482e-7
8.400604036275453e-7
8.336841569426006e-7
8.273683434087467e-7
8.211122703586454e-7
8.149152544918824e-7
8.087766217284451e-7
8.026957070647917e-7
7.966718544324855e-7
7.907044165593307e-7
7.847927548329668e-7
7.78936239166876e-7
7.731342478687472e-7
7.673861675111463e-7
7.616913928044602e-7
7.560493264720691e-7
7.50459379127688e-7
7.449209691548403e-7
7.39433522588459e-7
7.339964729984874e-7
7.286092613755439e-7
7.232713360185329e-7
7.179821524242084e-7
7.127411731786148e-7
7.075478678504123e-7
7.024017128860187e-7
6.973021915065469e-7
6.922487936064924e-7
6.872410156541437e-7
6.822783605936955e-7
6.773603377490135e-7
6.724864627290059e-7
6.676562573346368e-7
6.628692494674539e-7
6.581249730396856e-7
6.53422967885839e-7
6.48762779675761e-7
6.441439598291709e-7
6.395660654316129e-7
6.350286591517803e-7
6.305313091602581e-7
6.260735890495617e-7
6.216550777555326e-7
6.172753594800094e-7
6.129340236147778e-7
6.086306646667727e-7
6.043648821844982e-7
6.001362806856619e-7
5.959444695859692e-7
5.917890631291068e-7
5.87669680317838e-7
5.835859448462277e-7
5.795374850329587e-7
5.75523933755742e-7
5.715449283867598e-7
5.676001107291584e-7
5.636891269545646e-7
5.598116275416047e-7
5.559672672153936e-7
5.521557048880068e-7
5.483766035998842e-7
5.446296304621795e-7
5.40914456600017e-7
5.372307570966483e-7
5.335782109384887e-7
5.299565009610324e-7
5.263653137956012e-7
5.228043398169453e-7
5.192732730916579e-7
5.157718113274011e-7
5.122996558229202e-7
5.088565114188394e-7
5.054420864492348e-7
5.020560926939343e-7
4.986982453315785e-7
4.953682628934067e-7
4.920658672177409e-7
4.887907834051909e-7
4.855427397745275e-7
4.82321467819256e-7
4.791267021648437e-7
4.7595818052659043e-7
4.7281564366816864e-7
4.6969883536077324e-7
4.666075023429016e-7
4.6354139428074384e-7
4.605002637291706e-7
4.5748386609331697e-7
4.5449195959074037e-7
4.515243052141479e-7
4.4858066669469226e-7
4.4566081046581027e-7
4.4276450562761013e-7
4.3989152391178573e-7
4.370416396470548e-7
4.3421462972512307e-7
4.3141027356713764e-7
4.2862835309065116e-7
4.2586865267707226e-7
4.2313095913959817e-7
4.2041506169161816e-7
4.177207519155815e-7
4.150478237323356e-7
4.123960733708965e-7
4.097652993386782e-7
4.071553023921475e-7
4.045658855079158e-7
4.019968538542427e-7
3.994480147629623e-7
3.969191777018199e-7
3.9441015424719717e-7
3.9192075805724596e-7
3.894508048454015e-7
3.8700011235428815e-7
3.8456850032998235e-7
3.8215579049667127e-7
3.7976180653164954e-7
3.7738637404069125e-7
3.750293205337736e-7
3.7269047540113216e-7
3.703696698896767e-7
3.680667370797325e-7
3.657815118621078e-7
3.6351383091550166e-7
3.612635326842128e-7
3.5903045735617695e-7
3.568144468413129e-7
3.5461534475016306e-7
3.524329963728481e-7
3.502672486583052e-7
3.481179501938291e-7
3.4598495118488807e-7
3.4386810343522546e-7
3.4176726032724153e-7
3.396822768026471e-7
3.3761300934338427e-7
3.355593159528114e-7
3.335210561371519e-7
3.314980908871938e-7