0.33333342735988036
0.3333452058928451
0.33338708020546787
0.33343479400763815
0.33357767742373945
0.33359878111375046
0.3337052796714253
0.33338247987364567
0.3339275678748063
0.33406999351960853
0.33444417040183194
0.33499847784116743
0.33520907465007793
0.3354896540581961
0.33591720956823495
0.3357145542330578
0.3355407331833648
0.33606923160135693
0.3363638970946227
0.3367156886363143
0.33781570444638603
0.3389466906653565
0.3392137518483154
0.33989616389051036
0.3405640474308635
0.3401862330278356
0.3400058880135155
0.3409781796492501
0.3413393001664787
0.34207685183927555
0.34398929037269826
0.34571032980956623
0.34602729441578217
0.34768356088764346
0.34837483677801495
0.34783601674902603
0.34822663863742886
0.3511472664193154
0.34867488141214803
0.3555797559639498
0.3650837316965138
0.3714915386603861
0.370885968630829
0.3389445798505973
0.3326337014048059
0.33567862929750697
0.34385760277271576
0.3531370505661003
0.3495315446650496
0.3523571357899391
0.35640688173012364
0.35928619365152775
0.35943854709876233
0.3618957058281943
0.3634426823647113
0.36261912763218385
0.36213225746307504
0.3643946302430431
0.3654938095873343
0.3665511765686297
0.3704894484053544
0.3744034043841264
0.37535240555224475
0.3770121897418735
0.37924389413618
0.3783036496915009
0.3773436834933236
0.3796033453671925
0.38146773976932324
0.38242973980694994
0.3871384252844487
0.39204532291688704
0.3934600129797614
0.3951159824781195
0.39808998170547377
0.3970473724055753
0.3956501638980166
0.39821189005236973
0.400887518218862
0.40184894309991004
0.40756511175905785
0.41377603931149115
0.4157199908422586
0.4174288889908036
0.4214132728161948
0.4201649850468101
0.4184219388244172
0.4213617942275172
0.4248997580802147
0.42603181411546065
0.43300391856168313
0.4408081338033541
0.4434033313673532
0.44532149073526267
0.45031809874077944
0.4490770367097995
0.44679081917613
0.45027982054118615
0.45511240393331165
0.45625565657216316
0.4647234526854834
0.47452049985720596
0.4780898858097342
0.480233210564102
0.48676036997731187
0.48534258766244376
0.48247508363222813
0.4865973280480755
0.4931831700645268
0.49415384727076384
0.5047909131693078
0.5173603278349848
0.5221711840192678
0.5244888260366197
0.533241117394622
0.5316820014836822
0.5280033772147326
0.5330646233763265
0.5417899817180952
0.5429389534970132
0.5565497935145778
0.5727038216419915
0.5794079790076078
0.5819993914726662
0.5936754278975545
0.5920594693469119
0.5871730800053424
0.5933721233304011
0.6058172169037126
0.6066249017201629
0.6241865512344137
0.6456300343359764
0.6553511853368688
0.6582253771570132
0.6744055785485948
0.6728158944338698
0.6662640141251637
0.6740316626069627
0.6918019582359177
0.6918697582295685
0.7161136245348811
0.7456245666836981
0.7599910165568795
0.7630640292669845
0.7864949495046489
0.7853952252647408
0.7758244498144362
0.7861180406092776
0.8129218913904206
0.8117887381330524
0.8462070973460567
0.8887133221698176
0.9104367941779246
0.9154603599141228
0.9505507365479602
0.9506023142321148
0.9367069871130843
0.9510781214830519
0.9943435144838432
0.9887763067996577
1.0427114931301686
1.108833035309159
1.143839002779395
1.1561517851888194
1.2110760075371243
1.2155609670186074
1.192958079248027
1.2160598943410423
1.3013167206355167
1.2624347658123163
1.3768198258487934
1.4812650979184199
1.5367862761653732
1.6463050928873098
1.6733391374573765
1.7050498571996575
1.7379018544475762
1.770601044213791
1.8510894096330954
1.9051781156918004
1.9894913381971813
2.2716096396027385
2.4727629727291953
2.4077407451851776
2.8385839992317914
2.7888198541704345
2.704714051490268
2.7787489970838304
3.2658571413415785
3.3598300341470337
3.800244149898207
5.043730127110661
6.4692853725499235
5.613835763725615
8.762377273642967
8.335380036292554
7.63889801164138
8.315556567051429
12.150712298175604
17.040093349374324
18.029794215971474
-16.11024054779472
-10.346991538452771
-11.038030151678207
-7.918851070723778
-7.244997584375075
-8.183963981716897
-7.86189680327331
-5.215387958642408
-5.45614288302765
-4.470302833608806
-3.48305460997129
-3.0265935018675165
-3.1768907749902717
-2.731485425778022
-2.6667575417583556
-2.7681917323763066
-2.729244792951599
-2.3263600686644668
-2.362596346911673
-2.1688490426377363
-1.9121827166293728
-1.764480561153156
-1.8164720405942187
-1.6575467983107703
-1.6302104418485517
-1.6659196832901435
-1.6539957006769517
-1.4995099057872663
-1.51335259473786
-1.4360282134499092
-1.3222500002426265
-1.2487562238944385
-1.2784928765141879
-1.197597994172635
-1.1799329162780687
-1.1974732776125134
-1.1965613412740648
-1.1106655706391857
-1.119547678380788
-1.0793724447116875
-1.016622275535355
-0.9730381854492169
-0.9909142131264359
-0.9415856085806138
-0.931274556569761
-0.9402880527842612
-0.9394684266899854
-0.8875868532124587
-0.893096628707761
-0.8701910425712721
-0.8308155928203633
-0.8018198976622591
-0.8141806710166377
-0.7819812008284769
-0.7738128297506981
-0.7798899798655993
-0.7794847438344972
-0.7444726211313091
-0.7488852020766058
-0.7339157250044717
-0.7073816991982975
-0.6866439785976366
-0.6961495045004882
-0.6731716750495356
-0.6665548490215027
-0.6706057856014507
-0.6712596882541407
-0.6459278807089238
-0.6492215183673709
-0.6392454395272413
-0.6199616171975283
-0.6052660559771235
-0.612396662241331
-0.5953265787793593
-0.5902863461135403
-0.5929359969218919
-0.5940378773723175
-0.5749005606474232
-0.5775952362543967
-0.5708347274604992
-0.5567596328756395
-0.5450333913976102
-0.5510385859778946
-0.5382190050035096
-0.5340665834239672
-0.5359693204690299
-0.5369368775031135
-0.522335177930541
-0.5246968862293956
-0.5198398018354784
-0.5094277748042824
-0.5007277086180174
-0.5051525562310647
-0.4954827282938373
-0.49202808425770467
-0.4933406932719909
-0.4943626576710854
-0.4830536972337165
-0.4850353397014533
-0.48166267874084484
-0.4737569375003919
-0.46721013339931927
-0.4706447665913034
-0.46319278387635987
-0.4605637785043156
-0.46140772761471294
-0.46244717126756507
-0.4537116607011267
-0.45536129160454775
-0.4530463435241024
-0.4470725910845513
-0.4422059006037491
-0.4449127072045257
-0.4392960801595425
-0.4372992958219214
-0.43783783309675456
-0.43882420436148384
-0.4321579486619806
-0.4335946505507918
-0.4320983745763521
-0.4277916358286376
-0.4244657259356048
-0.42631353699793995
-0.42227342011011754
-0.42089758845815
-0.42113733745447823
-0.4220587410495753
-0.4171236662290289
-0.4184173074148964
-0.4177694562838644
-0.41470309882726325
-0.41304004327070615
-0.41213437913633366
-0.4112936127768518
-0.4108063080394747
-0.41041751019256895
-0.41008881065926606
-0.40942012145339024
-0.40909774154675366
-0.40876654950048585
-0.40832883442545875
-0.4050774542742217
-0.40734403644520023
-0.4064703136304058
-0.4056591628197425
-0.4060768440563938
-0.40650531029425296
-0.40548492731705504
-0.4058229034298936
-0.4061131603263248
-0.4063212585666553
-0.4062020258188969
-0.40658828726117574
-0.40702233414381683
-0.40699446058833605
-0.4069041682429932
-0.4072904990364674
-0.40813030344046547
-0.40825944098885947
-0.4091998852847612
-0.41078988728011573
-0.41246646332722403
-0.4118439609326793
-0.41392330325597126
-0.4146839836482619
-0.41427728643636047
-0.4145183146913919
-0.41756405873276164
-0.4173945535416433
-0.4190394274129981
-0.42226545288775685
-0.4258880010842565
-0.4242539557515334
-0.4283261183110145
-0.4300678038801681
-0.4294569120510635
-0.42950895984361437
-0.43523218390404556
-0.43476829439209547
-0.43730536501603506
-0.4426000695579085
-0.4487027790658434
-0.44589494578503786
-0.45247859482821196
-0.4556266822671015
-0.4548768189030965
-0.4547157265288972
-0.464049887273204
-0.46325327124556126
-0.46702430840565506
-0.4750630233402917
-0.4847189647479919
-0.48035848470165915
-0.49059435830711573
-0.4957605141629111
-0.4948686104047866
-0.4947009510077241
-0.5090566025816392
-0.5079925892520885
-0.5136207122091861
-0.526086251688641
-0.5413609838061515
-0.5341892988754227
-0.5503779196405649
-0.5591909680899501
-0.5580956124728096
-0.5581414979930347
-0.5808593677554602
-0.5792805124048409
-0.5880759895216536
-0.6081683159298525
-0.63257973021546
-0.6220201466622804
-0.6489535865297765
-0.6636542506059554
-0.6633603509625029
-0.6637534720309365
-0.7016248278110345
-0.7008564715428173
-0.7159516124210947
-0.7514369421067228
-0.7951723749503824
-0.7785356544637693
-0.8271906135444299
-0.856728087723886
-0.8588567083619928
-0.8607530791881614
-0.9374015099564807
-0.9373909361701107
-0.9712336340167796
-1.0426172149463315
-1.1419327704218243
-1.1119152278283797
-1.2248223452225804
-1.3059480361799425
-1.315503063297322
-1.3339989203266966
-1.5394218837774611
-1.5553705731099994
-1.6710291447646897
-1.9176385862022183
-2.314868090314403
-2.218833282421976
-2.7774963696635555
-3.306215356574614
-3.4493248998115633
-3.6841308955602194
-5.8265331006
-6.548731138388915
-10.116629352091689
-32.455115016287365
12.581794271800556
13.17965119075439
6.077210510048728
4.29594614931775
3.7178598903751956
3.439618889100945
2.5104156547292615
2.3327109966149435
2.086956107960439
1.7822624551138495
1.523859171111811
1.493919642130967
1.316165880973677
1.1979674881881333
1.1309151007800027
1.0861576957749461
0.9747188188968359
0.9321336258454949
0.8839410519345916
0.8242458223114631
0.7653042593013738
0.7437077120780707
0.6990572106148045
0.6607327956938857
0.6321875761434168
0.6092010145835374
0.5767869017885398
0.5542771981780357
0.5340494349302177
0.5140508509019373
0.49209069991461574
0.4755819386639171
0.45928627078737555
0.44037381350190524
0.4221022037297221
0.4083601463418045
0.39580270492178166
0.3810882736119964
0.37083658376932455
0.36234759882914247
0.3524078585517641
0.33897566219267394
0.3320268685551002
0.3208736739573941
0.3082604304685477
0.2987265271607745
0.29380207552124105
0.2827669406529606
0.2764501881521034
0.2730131871673026
0.2680969222733166
0.2567259677202878
0.2548372536885908
0.24736985008422044
0.23730764356530434
0.22976082462940148
0.22868146520691698
0.21961037568280503
0.2155828249057801
0.2146544527694099
0.21319807693304416
0.2024925377040248
0.20337067263942207
0.19784491161287027
0.18921002186313485
0.18333436274165105
0.18357353083523775
0.1761141795828964
0.1733892231247864
0.17371887919191142
0.17397297413995014
0.16345995142567254
0.1669565660477061
0.16207898724853786
0.15473656727791263
0.150919566833488
0.14623435415512237
0.14482600670356247
0.14337444696977714
0.14203738974902477
0.1408184787228738
0.13841498485563342
0.13711175597381342
0.13542627326859977
0.13171792442152697
0.10528843327961701
0.1279349126852214
0.12155516469196825
0.11958728109099233
0.12210728868452465
0.12294205679438827
0.1157552945162998
0.11706865000481012
0.11538461152553156
0.11040048775123307
0.10371127338483056
0.10923713566730897
0.10361220341396173
0.10178371679121657
0.1039045830835469
0.10539796996931336
0.09856133009339281
0.10048808557718963
0.09935277669378567
0.09499936227070117
0.08963446743933759
0.09434519771463343
0.08936684127970432
0.08761565401883878
0.08958339590895228
0.09142601362698473
0.08506125074078974
0.08720843054765855
0.08652296938176023
0.08249118653796587
0.07776070616589448
0.08228400093776508
0.07776135523386195
0.07615252005498802
0.07793284698181216
0.0801201050591723
0.07402782842734697
0.07632205674842275
0.07591249412096963
0.07239163021973494
0.06792725620383128
0.07252729403419846
0.0681824514620358
0.06663733139341828
0.068441004562951
0.07072163868058506
0.0648321698875466
0.06736183810772206
0.0672732094096567
0.06400229384921388
0.059639410667194685
0.06436050021726876
0.060158998981689485
0.05870911768563007
0.06045956244607524
0.06282674243685007
0.05716020351369508
0.059745398314002995
0.059874385943494556
0.05691578503789865
0.05292763538747838
0.05744467889572504
0.0535191852440222
0.052061218211944246
0.053742157587084276
0.0562955891861762
0.05075309472643164
0.05340501072965448
0.05364658751769388
0.0508623948465088
0.0470313485399448
0.05151642880633973
0.04777973830173409
0.04632886822507344
0.04802868924145959
0.050657118577045725
0.04531970547043094
0.0479222428061743
0.04829973754624021
0.045684200711451066
0.042007955486991655
0.04642305213682758
0.04288781177130741
0.0415480260079877
0.04317728387315339
0.04572418652957706
0.04063385123441907
0.04323675355550269
0.04369191923578952
0.04125906724093104
0.03779180918188585
0.04207320869120894
0.03867146388502937
0.037384890062145085
0.03890062215791739
0.04158469267189461
0.03655874473328178
0.03916369237232449
0.03961234182504871
0.037375352575251174
0.03400484618850688
0.03825836389221303
0.03501678395467809
0.03367133662025601
0.03523921353283124
0.03775456130148223
0.03305892406508336
0.035589944250584954
0.036147950812421385
0.03403097213935548
0.030820998508273866
0.03482929607519133
0.031847580363963915
0.030567521282590344
0.03200221627178626
0.03447748255990802
0.030026244230248945
0.032449431045717764
0.033001648583359355
0.031019502201570695
0.027934409271444458
0.03194519604982524
0.02895233774914639
0.027750752127726343
0.02927922271914127
0.03178102116345426
0.027252614171390997
0.029743389334539988
0.030346951397901133
0.02850032471031814
0.025504946701105282
0.029286523031254258
0.026409742156555775
0.02524259189943164
0.026679312870623608
0.02912514549774869
0.024936391980121445
0.027204464353289718
0.02793189451256204
0.026030503750365457
0.023248686432418793
0.02711647415628478
0.024236167109110675
0.02305995839367533
0.024344699175560747
0.026986246981658787
0.022590705015245106
0.024981168832757597
0.025912308926430865
0.02414980095804044
0.021260515962895733
0.025121482336830384
0.02225016033249686
0.021160121718659382
0.022404827841978604
0.02482284454496478
0.020815820886663675
0.023142994742388734
0.02386003955688439
0.02223719826931262
0.01955550378517469
0.023127926374944197
0.020579782925577904
0.01935756278619693
0.020631608633512506
0.023030443489922156
0.019092097384523565
0.02134479727794255
0.022129179516873418
0.020514777364486467
0.017984006672410492
0.02150040638735193
0.01890141955317249
0.017828739717008813
0.01914744108403558
0.021538849363762203
0.017616283363810752
0.01984502138881658
0.020572743043683794
0.018989843705573252
0.01640433109906957
0.019979599802532798
0.017500885575910164
0.016310046068075037
0.01763365834004861
0.02017650664065092
0.016207012188410565
0.01846030834598587
0.019212823280751558
0.01759111897019635
0.015005425031231211
0.01864109039664139
0.016178917284673223
0.014977099103540838
0.016532711524316977
0.018681488202171494
0.015021949946641962
0.01705359410474406
0.018033056198818204
0.016429180566854287
0.013946803909936955
0.017457117807678984
0.015010850061420292
0.013964665746620503
0.015232889203273698
0.017383784433088374
0.01393997463186809
0.01582378230240222
0.016707110653109442
0.01532161251400611
0.012954609595036826
0.016303254160044935
0.013938725761083539
0.012923913212557422
0.014154516884967997
0.016427153300908475
0.012775139647209272
0.014826123147653771
0.015710830360278646
0.014334290745264188
0.011859623335478808
0.015224558552179138
0.012982625247464508
0.011969160519773753
0.012966602211061056
0.015367020441144224
0.011634839577757988
0.014002454535917008
0.014771018139280594
0.013624499508739361
0.010869241664123275
0.014514897155603227
0.012002915676482139
0.011086386448156323
0.012193564229902256
0.01460390530423049
0.010994132178253329
0.013007269097522577
0.013929709295867104
0.012390975866443651
0.010170660227087656
0.013596566477185362
0.011249787135355606
0.010111978105677327
0.011333917451944038
0.013591804102024874
0.010415503877659207
0.012425889752514406
0.013341608244600268
0.011865222657940015
0.009454577258755979
0.012711023442521986
0.010559878865751212
0.009114062734736871
0.010668812609268668
0.01289546691955613
0.00936992367415194
0.011527288167110739
0.01249628919529509
0.01121792291791586
0.008520349509739482
0.012199727591169633
0.009846144645552496
0.008885536367900963
0.009928487482978544
0.012255574140717743
0.008785281032077624
0.010841536896182447
0.011868045836622397
0.010360482761000687
0.008322650012221358
0.011652011888664418
0.009348499344539267
0.008212273335725613
0.009406930389313107
0.01144555840890385
0.007973555229936183
0.010185224312153216
0.011083032771026572
0.009810929756997799
0.007629448334108778
0.010967494770489587
0.008653351128450693
0.007426760600310004
0.008807335607339751
0.0106926261814998
0.00761063211261861
0.009749073089739933
0.01072754028635214
0.009339930193798342
0.006930835644093182
0.010383878845278608
0.008055752985302176
0.007035925335976628
0.008099427335842058
0.010378165414532434
0.007080938221989804
0.00894040468217896
0.009801937677307217
0.00892620466298293
0.006687449687366851
0.009995629236533453
0.00774061150225126
0.006601170373406176
0.007638487006225908
0.009712648906415525
0.006351649101728057
0.00856435652863877
0.009307510083849389
0.008506802113102063
0.0061274705384251294
0.00922225618231649
0.007237212749500972
0.006068825218501576
0.0070521233339897495
0.00924734838894943
0.005970718148870024
0.007976205375120617
0.009068409267475486
0.007968729474161636
0.005795671902197749
0.008859440794032662
0.007005472237633255
0.006009240690393868
0.006810193391725019
0.008918428043625682
0.005551784693667572
0.007596442310947004
0.00865843380962243
0.007537032247610141
0.005302320890862244
0.008434759553371057
0.006478020830688521
0.005166646636997297
0.006324766932398762
0.008429167614691679
0.005384875837706627
0.007188815880547647
0.008457123095322205
0.007196882705575355
0.004943812390464173
0.00801548792280992
0.006200702090588452
0.005167349133976236
0.005930830928646833
0.00804576894160055
0.005025717955571053
0.006904249168632152
0.007770242369764363
0.0066786626053222135
0.004770701338324839
0.007609111602604692
0.005800473370934819
0.004756790713295453
0.005652713073247603
0.007715789355550266
0.004736382501693642
0.006553869236090511
0.00736901232811565
0.006342681627763418
0.004235094451221027
0.0072416106919334505
0.005379710199593569
0.004501488668941665
0.0054592527188143695
0.007413530967098931
0.004479214555151853
0.006302950234369732
0.007103393831989978
0.0060126117356950086
0.003977674038089407
0.0069552710158128014
0.005011468988588375
0.004150980506536988
0.005205393867986632
0.007208817047388221
0.0041618201963192925
0.006063891509293574
0.006839484195513892
0.005720237925716369
0.0036333000176995665
0.0066722437283527605
0.004697682764710794
0.003869382313022313
0.004948254395578908
0.006933885130560546
0.003815045991881773
0.005801534971017606
0.006580523996535081
0.005458536906163047
0.0033289746430119993
0.006398716469998267
0.0044389343719326785
0.003579274428196559
0.004666856437074084
0.00671739658969539
0.0035773608323389724
0.0055395658639775
0.006343372318581719
0.005234611617409577
0.0029978889259511055
0.006218299371517534
0.004187943127654053
0.003289863017521927
0.004397558391522411
0.006490399039069024
0.00323462116312557
0.00529023143706295
0.0061606098377327
0.005020909794997979
0.002826992272355502
0.006115221436210587
0.003976202945362127
0.003036793696089493
0.004100960737085579
0.006288735489454163
0.003023273093529222
0.005038055236830484
0.0059559074700598555
0.004812677925438578
0.0026269866895582256
0.005873550784804993
0.003789226197440506
0.0028037184330808817
0.0038397941615507594
0.006059029362675431
0.002792334436035531
0.00480257089565278
0.005728604727432569
0.004653354437607677
0.002454579035719069
0.005651344523184531
0.00362435249868645
0.002636845175724302
0.003628350541204332
0.0058017493625836325
0.0025741369989637185
0.004578826480030997
0.005506456485185443
0.004461300414813893
0.00238891112255856
0.005457789040906656
0.0034610977938028527
0.002465948571648862
0.00345456560970197
0.005521951286573522
0.0024428626691279584
0.004354860915036557
0.005314084569271158
0.004243803290917249
0.0021987036445216433
0.005159794539752266
0.0032884921898108056
0.0023462925737732783
0.0032722255038451975
0.0053363416649418235
0.0023036917331103104
0.0041726193957081084
0.005048688515967936
0.004095485830094612
0.0020524503325976026
0.005008825049388493
0.003113049088177129