0.3333334391580335
0.33334613902650173
0.3333800141258023
0.3334350884987741
0.33351140149314934
0.33360900816784206
0.33372797987322034
0.3338684050236136
0.3340303900869811
0.3342140608247118
0.33441956382440285
0.33464706838087943
0.3348967687964981
0.33516888719216675
0.3354636769471317
0.3357814269207367
0.3361224666563025
0.33648717283062557
0.3368759772990885
0.3372893772058351
0.3377279477955418
0.3381923588001482
0.33868339561442345
0.3392019869715735
0.3397492415687487
0.34032649720994984
0.3409353877594978
0.34157793592418517
0.3422566842935614
0.34297488441064805
0.34373677625660265
0.3445480129755372
0.3454163272617386
0.34635261664129185
0.3473727907713547
0.3485010875289814
0.34977642784540447
0.35126564110200603
0.3530941213058836
0.35552820208077063
0.3592503835923725
0.36668310509822843
0.3961626374202399
0.3015384493783848
0.3352812804808674
0.34325469760878585
0.34725701306155166
0.34995165661895244
0.35206815506254624
0.3538870827941502
0.3555394013405472
0.3570945485314631
0.35859286481441277
0.3600594746072159
0.3615109178926869
0.3629585952557732
0.3644106802062402
0.3658732394670217
0.36735091930034974
0.36884738217947627
0.3703655937824978
0.3719080170123452
0.37347674646285806
0.3750736036975037
0.37670020612274413
0.3783580176898312
0.38004838685396747
0.3817725754461225
0.38353178096570634
0.38532715404513107
0.3871598123281565
0.3890308516557431
0.39094135521129575
0.3928924011068172
0.3948850687698911
0.39692044440355473
0.3989996257269584
0.4011237261573343
0.4032938785585258
0.4055112386548058
0.4077769881886489
0.4100923378858074
0.4124585302793147
0.4148768424349847
0.41734858861399005
0.4198751229026762
0.4224578418355798
0.42509818703436086
0.42779764788288765
0.4305577642568092
0.4333801293245566
0.43626639243571036
0.43921826211198506
0.4422375091556951
0.4453259698903952
0.44848554954843967
0.45171822582043836
0.45502605258198553
0.45841116381360597
0.46187577773057853
0.4654222011401615
0.46905283404476594
0.47277017451079
0.4765768238241673
0.4804754919551725
0.4844690033567107
0.48856030312218873
0.49275246353113855
0.49704869101306953
0.5014523335625751
0.5059668886415427
0.5105960116074316
0.5153435247100442
0.5202134267030264
0.5252099031205711
0.5303373372744695
0.5356003220318639
0.5410036724398003
0.5465524392690853
0.5522519235570574
0.5581076922368107
0.5641255949491993
0.570311782143824
0.5766727245861648
0.5832152344003171
0.5899464877905667
0.5968740496004542
0.6040058998853374
0.611350462693953
0.6189166372764487
0.626713831961154
0.6347520009703804
0.6430416844772591
0.6515940522415924
0.6604209512035967
0.6695349574608912
0.6789494331071676
0.6886785884715784
0.6987375503672506
0.7091424370369629
0.7199104405755136
0.731059917713762
0.7426104899710871
0.7545831543239422
0.7670004057017358
0.7798863728114674
0.7932669690144389
0.807170060237736
0.8216256522074126
0.8366660996480131
0.8523263405150291
0.8686441588260908
0.8856604802492338
0.9034197053122638
0.9219700859405143
0.9413641520417726
0.9616591960747454
0.9829178250091508
1.0052085908714565
1.0286067132469314
1.053194909773347
1.0790643539389684
1.1063157835481758
1.1350607882501678
1.1654233108115242
1.1975414047082626
1.2315693005891377
1.2676798468469626
1.3060674057717967
1.3469513076892004
1.390579992665373
1.4372360049331463
1.4872420521409737
1.540968404042673
1.598841989283415
1.6613576630575255
1.72909227507662
1.802722384875174
1.8830467775109518
1.971015369020636
2.0677667222432485
2.1746773216671293
2.2934271443810013
2.426088181579929
2.575245862967483
2.744168594421718
2.9370492234618175
3.1593567434459335
3.4183617886804845
3.7239451020054717
4.089884275964055
4.5359849670332215
5.091782580654261
5.803353602195868
6.746780427213778
8.057326764175038
10.000872389485632
13.181745768375174
19.332626193801577
36.25321767355437
290.66463766274865
-48.27847649674773
-22.290275661430222
-14.490406523835109
-10.734580316548067
-8.525302742281106
-7.0705166099556065
-6.040159650217495
-5.272189213336631
-4.67773857092736
-4.204000822242417
-3.8176232549031885
-3.496504159405341
-3.225417629490659
-2.993532702234594
-2.7929343461678675
-2.6177040558256324
-2.4633276814948815
-2.3263022219734064
-2.2038677250422234
-2.0938201941689223
-1.994378315144121
-1.9040867666400256
-1.8217449111370925
-1.746353419457562
-1.677073778750042
-1.6131971962147433
-1.5541204497301566
-1.4993269397842692
-1.448371681032
-1.4008693098516827
-1.3564844237279383
-1.3149237400955296
-1.275929687026604
-1.239275129731
-1.204759004779884
-1.1722026848505083
-1.1414469352519536
-1.1123493528099038
-1.0847822002162562
-1.0586305663902582
-1.0337907969969184
-1.010169149943554
-0.9876806391086365
-0.9662480362598541
-0.9458010064762702
-0.9262753566958115
-0.9076123804886274
-0.8897582849817802
-0.8726636881653385
-0.8562831766985061
-0.8405749158887641
-0.825500304801634
-0.8110236705245295
-0.7971119964958951
-0.783734680553
-0.7708633189742566
-0.7584715133159118
-0.7465346972855174
-0.7350299812693479
-0.723936012449436
-0.7132328487172603
-0.7029018448230254
-0.692925549398123
-0.6832876116591188
-0.6739726967485218
-0.6649664087945867
-0.6562552208821818
-0.6478264112220267
-0.6396680048884276
-0.6317687205677648
-0.6241179218229852
-0.6167055724344268
-0.6095221954256094
-0.6025588354250112
-0.595807024052176
-0.5892587480493627
-0.5829064199089851
-0.5767428507727735
-0.5707612254013243
-0.5649550790328888
-0.5593182759682096
-0.5538449897341486
-0.5485296846931067
-0.5433670989779393
-0.5383522286434143
-0.5334803129354593
-0.528746820588531
-0.5241474370696417
-0.5196780526949346
-0.5153347515513128
-0.5111138011615961
-0.5070116428370695
-0.5030248826661371
-0.4991502830922063
-0.4953847550378992
-0.4917253505363071
-0.4881692558332705
-0.48471378492765105
-0.4813563735192711
-0.478094573336651
-0.47492604681893563
-0.4718485621284454
-0.4688599884721604
-0.46595829171216535
-0.4631415302466553
-0.4604078511445228
-0.4577554865179012
-0.4551827501182195
-0.45268803414245884
-0.45026980623733354
-0.4479266066900494
-0.445657045795193
-0.44345980138809893
-0.4413336165358024
-0.43927729737737453
-0.4372897111061055
-0.43536978408657295
-0.43351650010022935
-0.4317288987136469
-0.43000607376406813
-0.4283471719573604
-0.4267513915739278
-0.4252179812785304
-0.4237462390303664
-0.42233551109014394
-0.42098519112122146
-0.4196947193822388
-0.4184635820090042
-0.41729131038369527
-0.4161774805897689
-0.41512171295126643
-0.41412367165549185
-0.41318306445834774
-0.4122996424718995
-0.4114732000340269
-0.4107035746603268
-0.4099906470787071
-0.40933434134743807
-0.4087346250577118
-0.4081915096220944
-0.40770505065056567
-0.4072753484161988
-0.40690254841286316
-0.40658684200772716
-0.406328467191714
-0.4061277094314704
-0.4059849026268641
-0.4059004301784733
-0.4058747261700336
-0.4059082766713478
-0.40600162116771804
-0.40615535412259346
-0.40637012668078354
-0.4066466485202982
-0.4069856898616735
-0.40738808364447193
-0.4078547278815783
-0.4083865882029175
-0.4089847006013132
-0.40965017439442053
-0.4103841954179661
-0.4111880294669997
-0.41206302600342726
-0.41301062214985335
-0.41403234699171226
-0.4151298262117521
-0.4163047870833311
-0.41755906385157643
-0.4188946035343318
-0.4203134721780563
-0.42181786160735874
-0.4234100967108654
-0.42509264331049695
-0.42686811666619656
-0.4287392906736413
-0.43070910781867516
-0.43278068995908403
-0.434957350012151
-0.43724260463513354
-0.4396401879956782
-0.4421540667402878
-0.4447884562815022
-0.4475478385387004
-0.4504369812835094
-0.4534609592591497
-0.45662517726388424
-0.45993539541250766
-0.4633977568169757
-0.46701881795837796
-0.470805582058137
-0.47476553579734304
-0.4789066897804113
-0.48323762319383484
-0.48776753317405847
-0.49250628947178116
-0.4974644950854234
-0.5026535536359588
-0.5080857443717863
-0.5137743058288463
-0.5197335293317775
-0.5259788637114095
-0.5325270328380753
-0.5393961678364496
-0.5466059561646684
-0.5541778101195873
-0.5621350577846441
-0.5705031599844465
-0.5793099574721277
-0.5885859533791006
-0.5983646369365172
-0.6086828556773923
-0.6195812448043796
-0.6311047242330637
-0.6433030760886482
-0.6562316182675447
-0.6699519932364766
-0.6845330957429875
-0.7000521688379309
-0.7165961049436161
-0.7342629981588301
-0.7531640062794436
-0.7734255971047633
-0.7951922748499748
-0.8186299107991833
-0.8439298404216163
-0.8713139409326667
-0.9010409743914709
-0.9334145802736655
-0.9687934406078175
-1.007604339341565
-1.0503591252141526
-1.0976770107341685
-1.150314273983511
-1.209204398357054
-1.2755131959607795
-1.350715872948262
-1.4367069504462708
-1.5359606329979296
-1.6517708728563092
-1.7886215084037218
-1.952776862513117
-2.153262875997549
-2.4035773698778633
-2.7248509472987443
-3.1521303247039953
-3.7480916082194846
-4.6369486705189455
-6.104534993190309
-8.987788801140509
-17.236367054031877
-207.2329810869872
19.681025814082574
9.415184223080844
6.15895111980264
4.560841459106743
3.6115499703735807
2.9827316681904854
2.535609395904009
2.201424435323521
1.9422244046501844
1.735348366893188
1.5664302891935367
1.4259219011822257
1.307229344123821
1.205652540500683
1.1177508705294812
1.0409478005784523
0.9732756513579116
0.9132057871776255
0.8595326349998226
0.8112926243878009
0.7677063677501387
0.7281366617961217
0.6920574798221727
0.6590307394519737
0.6286886623659649
0.600720216270122
0.5748605778922026
0.5508828597848545
0.5285915531273807
0.5078172851546201
0.48841259366412626
0.47024849560943865
0.4532116809650333
0.4372022028547337
0.4221315644842611
0.40792112556535953
0.3945007676681211
0.3818077707126791
0.3697858626326634
0.3583844118500774
0.3475577381358425
0.3372645220907558
0.32746729716517176
0.31813201106445554
0.30922764572936756
0.30072588696366326
0.2926008363031352
0.28482875895654003
0.2773878626575735
0.27025810309403975
0.26342101226111914
0.2568595466484679
0.25055795263796055
0.24450164687804243
0.23867710972603867
0.23307179012278076
0.2276740204937832
0.22247294046532093
0.21745842834828608
0.21262103948245276
0.2079519506529541
0.20344290989256988
0.1990861910707095
0.19487455274493157
0.19080120081544044
0.1868597545787541
0.18304421582501199
0.17934894066526993
0.1757686138115168
0.17229822506388384
0.1689330477872027
0.1656686191833076
0.1625007221866949
0.1594253688298373
0.15643878494083324
0.15353739605056066
0.1507178143992666
0.14797682694382647
0.14531138427692677
0.14271859037828907
0.1401956931259702
0.13774007550278636
0.13534924743918458
0.1330208382394675
0.13075258954329383
0.12854234877883647
0.1263880630680087
0.12428777354776005
0.12223961007469178
0.1202417862831465
0.11829259496955791
0.11639040377821532
0.11453365116573146
0.11272084262344369
0.11095054713872167
0.10922139387774935
0.10753206907378027
0.10588131310617681
0.10426791775673422
0.10269072363086211
0.10114861773219337
0.09964053118007593
0.09816543706023206
0.09672234839960978
0.0953103162571431
0.09392842792275517
0.09257580521752017
0.09125160288841781
0.08995500709160167
0.08868523395854344
0.08744152823981938
0.08622316202168416
0.08502943351091627
0.08385966588374054
0.08271320619492152
0.08158942434339575
0.08048771209105265
0.0794074821315122
0.0783481672059521
0.07730921926323782
0.07629010866179092
0.07529032341079601
0.07430936844850695
0.07334676495555409
0.07240204970129188
0.07147477442134721
0.07056450522464854
0.0696708220283196
0.0687933180189267
0.06793159913865496
0.06708528359508362
0.06625400139330459
0.06543739388920779
0.06463511336282632
0.06384682261069921
0.06307219455627228
0.06231091187741338
0.06156266665017373
0.06082716000797454
0.0601041018154484
0.05939321035620472
0.05869421203383362
0.058006841085498057
0.05733083930750186
0.05666595579225426
0.056011946676083745
0.05536857489738427
0.05473560996460282
0.05411282773360735
0.053500010193994245
0.05289694526392226
0.052303426593077997
0.05171925337340087
0.051144230157214456
0.050578166682428205
0.05002087770449267
0.04947218283480566
0.04893190638528382
0.04839987721882638
0.04787592860541434
0.04735989808359811
0.04685162732714121
0.04635096201659734
0.04585775171561086
0.0453718497517385
0.04489311310160219
0.04442140228019081
0.043956581234136795
0.043498517238804275
0.043047080799029164
0.04260214555336353
0.04216358818167932
0.041731288315996665
0.04130512845440582
0.040884993877958645
0.04047077257041204
0.040062355140708925
0.03965963474809004
0.03926250702973224
0.038870870030816025
0.038484624136926555
0.0381036720086996
0.0377279185186252
0.037357270689926975
0.03699163763743892
0.036630930510403045
0.03627506243711703
0.0359239484713614
0.03557750554054166
0.03523565239548028
0.034898309561799463
0.03456539929283495
0.03423684552402654
0.033912573828730884
0.033592511375405296
0.03327658688611452
0.03296473059631145
0.03265687421584837
0.032352950891174105
0.03205289516867579
0.031756642959125135
0.031464131503190995
0.031175299337980827
0.03089008626457623
0.030608433316527562
0.03033028272927588
0.030055577910470064
0.02978426341114922
0.029516284897760443
0.029251589124985357
0.0289901239093472
0.028731838103573038
0.028476681571686337
0.02822460516480539
0.027975560697625298
0.02772950092556
0.027486379522524362
0.027246151059334457
0.027008770982707177
0.02677419559483879
0.02654238203354548
0.026313288252946616
0.02608687300467481
0.025863095819595082
0.02564191699001829
0.025423297552392643
0.02520719927045863
0.024993584618853412
0.024782416767150234
0.0245736595643203
0.024367277523603258
0.024163235807774783
0.023961500214798866
0.023762037163853084
0.023564813681715837
0.023369797389504766
0.02317695648975598
0.022986259753833452
0.02279767650965979
0.022611176629757958
0.022426730519595713
0.022244309106222996
0.022063883827194836
0.021885426619770554
0.021708909910382046
0.021534306604362813
0.021361590075930754
0.021190734158417424
0.021021713134736292
0.020854501728084094
0.02068907509286789
0.020525408805852255
0.02036347885751956
0.02020326164363847
0.020044733957033923
0.019887872979553887
0.019732656274226625
0.019579061777604
0.01942706779228537
0.019276652979617125
0.019127796352563346
0.018980477268742708
0.01883467542362755
0.018690370843900062
0.01854754388096229
0.01840617520459519
0.018266245796763125
0.018127736945559678
0.017990630239291414
0.017854907560695923
0.017720551081290146
0.01758754325584627
0.017455866816991555
0.017325504769928928
0.017196440387275032
0.017068657204013175
0.016942139012557873
0.016816869857928317
0.01669283403302779
0.016570016074026642
0.016448400755846103
0.016327973087740217
0.01620871830897376
0.016090621884593398
0.015973669501290248
0.015857847063350923
0.01574314068869545
0.015629536704999697
0.015517021645900242
0.015405582247279524
0.015295205443629674
0.015185878364492818
0.015077588330976029
0.014970322852339272
0.0148640696226545
0.014758816517534171
0.014654551590927545
0.014551263071983137
0.014448939361975879
0.014347569031297247
0.014247140816507001
0.014147643617445048
0.014049066494402155
0.013951398665347819
0.013854629503214325
0.0137587485332354
0.013663745430338485
0.013569610016589016
0.013476332258685875
0.013383902265506663
0.013292310285701651
0.01320154670533534
0.013111602045574529
0.013022466960421917
0.012934132234494041
0.012846588780842707
0.012759827638818876
0.012673839971978082
0.012588617066026396
0.012504150326806076
0.012420431278320097
0.012337451560794488
0.012255202928777914
0.012173677249277448
0.01209286649992996
0.012012762767208052
0.011933358244660132
0.011854645231183592
0.011776616129330642
0.011699263443645708
0.011622579779034206
0.01154655783916163
0.011471190424882444
0.01139647043269818
0.011322390853244043
0.011248944769803522
0.011176125356850234
0.01110392587861662
0.011032339687688816
0.010961360223627236
0.010890981011612146
0.010821195661113945
0.010751997864587514
0.010683381396190086
0.010615340110522242
0.010547867941391556
0.010480958900598372
0.010414607076743208
0.010348806634055529
0.010283551811243243
0.010218836920362667
0.01015465634570838
0.010091004542722732
0.01002787603692453
0.00996526542285642
0.009903167363050813
0.009841576587013779
0.009780487890226659
0.009719896133164959
0.009659796240334317
0.009600183199323027
0.00954105205987097
0.0094823979329545
0.009424215989886985
0.009366501461434818
0.009309249636948414
0.009252455863508018
0.009196115545084016
0.00914022414171149
0.009084777168678624
0.00902977019572885
0.008975198846276376
0.008921058796634882
0.008867345775259038
0.00881405556199877
0.008761183987365875
0.008708726931812788
0.008656680325023343
0.0086050401452152
0.008553802418453814
0.008502963217977609
0.008452518663534284
0.008402464920727909
0.008352798200376783
0.008303514757881573
0.008254610892603882
0.008206082947254814
0.008157927307293386
0.008110140400334701
0.008062718695567603
0.008015658703181711
0.0079689569738036
0.007922610097941962
0.007876614705441707
0.007830967464946643
0.007785665083370698
0.0077407043053775515
0.007696081912868479
0.007651794724478206
0.0076078395950787475
0.007564213415290997
0.007520913111003994
0.007477935642901618
0.007435278005996768
0.007392937229172644
0.007350910374731299
0.007309194537949034
0.00726778684663871
0.007226684460718865
0.007185884571789319
0.007145384402713406
0.007105181207206532
0.007065272269431058
0.007025654903597301
0.006986326453570625
0.006947284292484519
0.0069085258223594926
0.006870048473727732
0.0068318497052634155
0.006793927003418605
0.0067562778820645444
0.00671889988213842
0.006681790571295289
0.0066449475435652865
0.006608368419015876
0.006572050843419134
0.0065359924879239495
0.006500191048733109
0.006464644246785072
0.0064293498274404755
0.006394305560173265
0.006359509238266286
0.006324958678511385
0.0062906517209138455
0.00625658622840117
0.006222760086536057
0.006189171203233555
0.0061558175084823
0.006122696954069823
0.006089807513311743
0.006057147180784903
0.00602471397206435
0.005992505923464028
0.005960521091781223
0.005928757554044645
0.005897213407266088
0.00586588676819561
0.005834775773080213
0.005803878577425905
0.005773193355763163
0.005742718301415641
0.005712451626272192
0.005682391560562071
0.0056525363526332495
0.005622884268733895
0.005593433592796844
0.005564182626227122
0.0055351296876923715
0.005506273112916215
0.005477611254474489
0.005449142481594259
0.005420865179955626
0.005392777751496276
0.005364878614218694
0.005337166202000016
0.005309638964404487
0.0052822953664985175
0.005255133888668202
0.005228153026439356
0.005201351290299992
0.005174727205525196
0.005148279312004376
0.005122006164070836
0.005095906330333663
0.005069978393511869
0.005044220950270739
0.0050186326110604
0.00499321199995653
0.004967957754503227
0.004942868525557909
0.004917942977138333
0.004893179786271639
0.0048685776428453505
0.004844135249460398
0.004819851321286058
0.004795724585916802
0.00477175378323104
0.004747937665251693
0.004724274996008626
0.0047007645514028805
0.004677405119072624
0.0046541954982609185
0.0046311344996851755
0.004608220945408288
0.004585453668711477
0.004562831513968739
0.00454035333652296
0.0045180180025635765
0.004495824389005848
0.004473771383371672
0.004451857883671917
0.004430082798290274
0.0044084450458685845
0.004386943555193635
0.004365577265085388
0.004344345124286639
0.004323246091354062
0.004302279134550672
0.004281443231739588
0.004260737370279179
0.004240160546919517
0.004219711767700156
0.00419939004784914
0.004179194411683328
0.004159123892509954
0.0041391775325294
0.0041193543827391915
0.004099653502839191
0.004080073961137979
0.00406061483446036
0.004041275208056054
0.004022054175509491
0.0040029508386507495
0.003983964307467537
0.00396509370001831
0.003946338142346439
0.003927696768395404
0.003909168719925069
0.0038907531464289413
0.0038724492050524724
0.0038542560605123225
0.003836172885016629
0.003818198858186229
0.0038003331669768554
0.0037825750056022377
0.0037649235754581753
0.0037473780850474938
0.0037299377499059143
0.0037126017925288145
0.003695369442298871
0.0036782399354145707
0.003661212514819548
0.0036442864301328083
0.0036274609375797585
0.0036107352999240633
0.0035941087864003016
0.0035775806726474303
0.0035611502406430505