-6.1324302391272996e-9
-6.460912854842097e-9
-6.803838156098743e-9
-7.161715797648167e-9
-7.535069820890723e-9
-7.924439000874707e-9
-8.330377204666053e-9
-8.753453756202785e-9
-9.19425381147883e-9
-9.653378743520447e-9
-1.0131446535319282e-8
-1.0629092185519585e-8
-1.114696812177432e-8
-1.1685744626147195e-8
-1.2246110269297767e-8
-1.2828772360218959e-8
-1.3434457402253314e-8
-1.406391156417037e-8
-1.4717901162967774e-8
-1.5397213156875558e-8
-1.6102655655889697e-8
-1.6835058439211548e-8
-1.759527349386266e-8
-1.8384175559006157e-8
-1.920266269228226e-8
-2.0051656845155515e-8
-2.093210445724066e-8
-2.1844977065645524e-8
-2.279127192851529e-8
-2.377201266744595e-8
-2.4788249925761477e-8
-2.5841062046317015e-8
-2.6931555765402784e-8
-2.8060866924856448e-8
-2.9230161207199296e-8
-3.0440634886807825e-8
-3.169351560299434e-8
-3.299006315474411e-8
-3.433157031714704e-8
-3.5719363677693065e-8
-3.715480450104384e-8
-3.8639289610905224e-8
-4.017425230202199e-8
-4.176116327440571e-8
-4.340153159436955e-8
-4.509690568319103e-8
-4.684887433237827e-8
-4.8659067747531005e-8
-5.052915862243682e-8
-5.2460863243357736e-8
-5.445594262457537e-8
-5.6516203675759844e-8
-5.8643500401603e-8
-6.083973514126684e-8
-6.310685983432652e-8
-6.544687733282252e-8
-6.786184274336089e-8
-7.035386481395908e-8
-7.292510735655478e-8
-7.557779071502195e-8
-7.831419327281765e-8
-8.11366530078245e-8
-8.404756909011104e-8
-8.704940353051458e-8
-9.014468287352465e-8
-9.333599994418997e-8
-9.662601564603008e-8
-1.0001746081235659e-7
-1.0351313811395415e-7
-1.0711592402246021e-7
-1.1082877083637625e-7
-1.1465470876549923e-7
-1.1859684807944628e-7
-1.2265838132320789e-7
-1.2684258559939182e-7
-1.311528249202174e-7
-1.355925526336847e-7
-1.4016531392264563e-7
-1.4487474838522314e-7
-1.4972459268929546e-7
-1.547186833169026e-7
-1.598609593917911e-7
-1.6515546559412709e-7
-1.706063551705082e-7
-1.762178930380868e-7
-1.8199445898837154e-7
-1.8794055098919807e-7
-1.940607886017615e-7
-2.0035991649681954e-7
-2.068428080926584e-7
-2.1351446930646517e-7
-2.2038004242889075e-7
-2.2744481012655028e-7
-2.3471419957435184e-7
-2.4219378672383565e-7
-2.498893007130065e-7
-2.578066284215884e-7
-2.6595181917904816e-7
-2.743310896305498e-7
-2.829508287613165e-7
-2.918176030967747e-7
-3.009381620747666e-7
-3.1031944360052013e-7
-3.1996857979042437e-7
-3.298929029140129e-7
-3.4009995153725787e-7
-3.505974768821333e-7
-3.613934493996099e-7
-3.724960655780438e-7
-3.8391375498542576e-7
-3.956551875570177e-7
-4.0772928114510426e-7
-4.2014520932746267e-7
-4.3291240950375176e-7
-4.4604059126566343e-7
-4.595397450807116e-7
-4.7342015128176035e-7
-4.876923893794833e-7
-5.02367347714792e-7
-5.174562334621077e-7
-5.32970582998967e-7
-5.489222726548906e-7
-5.653235298584459e-7
-5.821869446961191e-7
-5.995254818989613e-7
-6.173524932841879e-7
-6.3568173065569e-7
-6.545273591966111e-7
-6.73903971367398e-7
-6.938266013320232e-7
-7.143107399402583e-7
-7.353723502737772e-7
-7.570278838123621e-7
-7.792942972048638e-7
-8.021890697095198e-7
-8.257302213088353e-7
-8.499363315416589e-7
-8.748265590741824e-7
-9.00420662056224e-7
-9.267390192781623e-7
-9.538026521921756e-7
-9.81633247803896e-7
-1.010253182505337e-6
-1.0396855468691022e-6
-1.0699541714637046e-6
-1.1010836537215048e-6
-1.1330993859287466e-6
-1.1660275843667587e-6
-1.1998953196819888e-6
-1.2347305485179406e-6
-1.270562146490404e-6
-1.3074199425620691e-6
-1.3453347548805102e-6
-1.3843384281447519e-6
-1.4244638726017454e-6
-1.465745104712883e-6
-1.5082172896019386e-6
-1.5519167853676436e-6
-1.5968811893348037e-6
-1.6431493863649198e-6
-1.6907615993166217e-6
-1.7397594417690273e-6
-1.7901859731068319e-6
-1.8420857561267237e-6
-1.8955049172418085e-6
-1.9504912094621835e-6
-2.0070940782777533e-6
-2.065364730593677e-6
-2.1253562068713887e-6
-2.1871234566790927e-6
-2.2507234177862063e-6
-2.3162150990249847e-6
-2.3836596671105082e-6
-2.453120537631819e-6
-2.524663470450516e-6
-2.5983566697331017e-6
-2.6742708888950735e-6
-2.752479540709332e-6
-2.833058812878905e-6
-2.91608778937516e-6
-3.0016485778846252e-6
-3.0898264436860064e-6
-3.1807099503517374e-6
-3.2743911076535054e-6
-3.370965527104688e-6
-3.47053258556897e-6
-3.5731955974307666e-6
-3.679061995822766e-6
-3.7882435234596005e-6
-3.900856433657859e-6
-4.017021702150935e-6
-4.136865250370562e-6
-4.260518180897842e-6
-4.388117025835967e-6
-4.519804008911013e-6
-4.655727322169741e-6
-4.79604141820087e-6
-4.940907318859606e-6
-5.09049294157893e-6
-5.244973444394172e-6
-5.4045315908892e-6
-5.56935813642205e-6
-5.739652236995244e-6
-5.9156218823050514e-6
-6.097484354616708e-6
-6.28546671517909e-6
-6.479806320123258e-6
-6.680751367822172e-6
-6.888561479953812e-6
-7.103508318594868e-6
-7.325876241932191e-6
-7.555963001324361e-6
-7.794080482697542e-6
-8.040555495510077e-6
-8.295730612751845e-6
-8.55996506577689e-6
-8.83363569801879e-6
-9.117137982072238e-6
-9.410887104899741e-6
-9.715319126431818e-6
-0.000010030892217188965
-0.000010358087981134595
-0.000010697412870437814
-0.00001104939969947828
-0.000011414609266061504
-0.000011793632088506314
-0.000012187090268128488
-0.00001259563948744961
-0.000013019971155491608
-0.000013460814712535762
-0.000013918940107942127
-0.000014395160465922381
-0.000014890334955616232
-0.00001540537188338985
-0.000015941232027137855
-0.00001649893223429793
-0.000017079549307453663
-0.00001768422420401152
-0.000018314166578982797
-0.00001897065970311573
-0.000019655065791965054
-0.000020368831785347307
-0.000021113495620909167
-0.000021890693050323618
-0.000022702165052103956
-0.000023549765901024562
-0.00002443547196105726
-0.000025361391276394507
-0.000026329774043962557
-0.000027343024060553977
-0.00002840371124906275
-0.00002951458538089196
-0.00003067859112607414
-0.00003189888457909632
-0.000033178851427134986
-0.000034522126948809164
-0.000035932618056124415
-0.00003741452762022268
-0.00003897238135395671
-0.000040611057561376064
-0.00004233582010692029
-0.00004415235500667483
-0.00004606681110125427
-0.00004808584533623088
-0.000050216673253290826
-0.00005246712538532929
-0.00005484571035374392
-0.000057361685589323175
-0.00006002513674264378
-0.00006284706701996994
-0.00006583949788124318
-0.00006901558277437797
-0.00007238973586179004
-0.0000759777780303897
-0.00007979710287689084
-0.00008386686583949655
-0.00008820820022316614
-0.00009284446456022438
-0.00009780152658803607
-0.0001031080901456349
-0.00010879607253446577
-0.00011490104140976557
-0.00012146272213816029
-0.00012852558886377853
-0.00013613955538359523
-0.0001443607854927841
-0.00015325264691527256
-0.00016288683853682502
-0.0001733447277414995
-0.0001847189436590545
-0.00019711528364901976
-0.0002106550051699906
-0.0002254775943795573
-0.0002417441278428279
-0.00025964137660559146
-0.000279386845395377
-0.00030123499775367156
-0.00032548499598388273
-0.00035249039079495706
-0.0003826713407878634
-0.0004165301430594535
-0.00045467113770035445
-0.0004978264475615868
-0.000546889586123384
-0.0006029597965990787
-0.0006674012092629266
-0.000741922736185406
-0.0008286874120224692
-0.000930464214758659
-0.0010508422420191742
-0.0011945381797435935
-0.001367846317406451
-0.0015793115124916831
-0.00184076005568423
-0.002168922102226643
-0.0025880646670281148
-0.0031344168812200636
-0.003863913251579259
-0.0048663912572388
-0.006293087272242413
-0.008413432611190484
-0.01174164097018949
-0.01734485377643369
-0.027667011988351493
-0.04885885301075674
-0.09563150682396945
-0.16803823511680813
-0.14724204002706734
-0.07797934440429867
-0.041845509211193344
-0.025084651220713884
-0.01650624257967533
-0.011639854585612088
-0.008641990982479975
-0.00667303788189761
-0.0053132234608029225
-0.004335654911125105
-0.0036095767098817183
-0.0030555430919542723
-0.002623106406826292
-0.0022790176864297498
-0.0020006559547417367
-0.0017722036538770714
-0.001582333657576101
-0.001422763003121966
-0.001287321676223476
-0.001171337276906065
-0.001071218916938999
-0.0009841699598046242
-0.0009079859772047847
-0.0008409102238782425
-0.0007815286572405426
-0.0007286926051270807
-0.0006814610632324536
-0.0006390571273536414
-0.0006008347369290545
-0.0005662530315999093
-0.0005348563916000139
-0.0005062587658473314
-0.00048013126592730856
-0.00045619227021052666
-0.00043419947360101796
-0.00041394345736195815
-0.00039524245542367606
-0.0003779380690980909
-0.0003618917385511172
-0.00034698182190165123
-0.00033310116510110573
-0.00032015507044751807
-0.00030805959061839654
-0.0002967400898656955
-0.0002861300255372763
-0.0002761699121349499
-0.00026680643726514826
-0.00025799170451116545
-0.0002496825827866309
-0.00024184014536305861
-0.00023442918469465082
-0.00022741779153610315
-0.00022077698877887004
-0.00021448041200835456
-0.000208504030077244
-0.0002028259000551359
-0.00019742595179438437
-0.0001922857980821068
-0.00018738856695562842
-0.00018271875326624428
-0.00017826208700080448
-0.00017400541622834034
-0.0001699366028396972
-0.00016604442950284194
-0.00016231851647243679
-0.00015874924707550152
-0.0001553277008516267
-0.00015204559345954598
-0.00014889522257659118
-0.00014586941911559373
-0.0001429615031685846
-0.0001401652441594693
-0.00013747482475089885
-0.00013488480810542008
-0.0001323901081480503
-0.00012998596251905076
-0.0001276679079413585
-0.00012543175775866133
-0.0001232735814274985
-0.00012118968577090688
-0.00011917659782218394
-0.00011723104910593357
-0.00011534996121999497
-0.00011353043259615663
-0.00011176972633046021
-0.00011006525898509265
-0.00010841459027388298
-0.0001068154135523415
-0.00010526554704106184
-0.00010376292571824304
-0.00010230559382355611
-0.00010089169792092337
-0.00009951948047296906
-0.00009818727388426696
-0.00009689349497454607
-0.00009563663984661851
-0.00009441527911699335
-0.00009322805348005931
-0.00009207366957935062
-0.00009095089616171176
-0.00008985856049230381
-0.00008879554501043413
-0.00008776078420773049
-0.0000867532617118468
-0.00008577200756040713
-0.00008481609565096319
-0.00008388464135411177
-0.00008297679927785583
-0.00008209176117232542
-0.00008122875396483866
-0.00008038703791602785
-0.00007956590488862229
-0.00007876467672096515
-0.00007798270369811592
-0.00007721936311383356
-0.00007647405791731751
-0.00007574621543898096
-0.00007503528619005557
-0.00007434074273107643
-0.00007366207860483461
-0.00007299880732951069
-0.00007235046144825691
-0.0000717165916314451
-0.00007109676582844069
-0.00007049056846562669
-0.000069897599687934
-0.0000693174746410869
-0.00006874982279213296
-0.00006819428728590893
-0.00006765052433526401
-0.00006711820264304845
-0.0000665970028539569
-0.00006608661703446275
-0.00006558674817924285
-0.00006509710974249792
-0.00006461742519275821
-0.00006414742758987099
-0.0000636868591828189
-0.00006323547102730925
-0.00006279302262191504
-0.000062359281561833
-0.00006193402320922489
-0.0000615170303792497
-0.00006110809304096598
-0.00006070700803224259
-0.0000603135787879788
-0.0000599276150809034
-0.00005954893277427417
-0.00005917735358589955
-0.00005881270486281738
-0.00005845481936616734
-0.00005810353506565254
-0.00005775869494315172
-0.00005742014680499637
-0.000057087743102478115
-0.000056761340760178634
-0.00005644080101173109
-0.00005612598924262531
-0.0000558167748397629
-0.00005551303104737713
-0.00005521463482901475
-0.00005492146673534304
-0.00005463341077743187
-0.000054350354305281585
-0.00005407218789137345
-0.00005379880521894661
-0.00005353010297483844
-0.00005326598074664585
-0.00005300634092400648
-0.00005275108860383356
-0.0000525001314992968
-0.00005225337985238998
-0.000052010746349944824
-0.00005177214604288383
-0.000051537496268629494
-0.00005130671657649552
-0.00005107972865591412
-0.00005085645626742287
-0.00005063682517624931
-0.00005042076308838489
-0.000050208199589075706
-0.00004999906608358369
-0.00004979329574013455
-0.000049590823434987505
-0.000049391585699494325
-0.00004919552066908596
-0.000049002568034116905
-0.000048812668992476216
-0.00004862576620387822
-0.000048441803745802335
-0.000048260727070982294
-0.00004808248296638971
-0.00004790701951366004
-0.00004773428605090133
-0.000047564233135813044
-0.00004739681251009748
-0.000047231977065058176
-0.00004706968080842339
-0.000046909878832240285
-0.000046752527281893294
-0.00004659758332615121
-0.00004644500512820032
-0.0000462947518176787
-0.00004614678346358347
-0.00004600106104812487
-0.00004585754644139693
-0.00004571620237689249
-0.000045576992427814406
-0.00004543988098412854
-0.00004530483323039292
-0.00004517181512425979
-0.0000450407933756758
-0.000044911735426749444
-0.000044784609432236816
-0.00004465938424064504
-0.00004453602937593725
-0.000044414515019783146
-0.00004429481199437591
-0.00004417689174577848
-0.00004406072632776165
-0.00004394628838616335
-0.00004383355114368899
-0.000043722488385200485
-0.000043613074443431045
-0.000043505284185135904
-0.0000433990929976435
-0.00004329447677582254
-0.00004319141190942189
-0.00004308987527078395
-0.00004298984420292055
-0.00004289129650793285
-0.00004279421043577929
-0.00004269856467334161
-0.000042604338333834447
-0.000042511510946497135
-0.000042420062446593995
-0.000042329973165686274
-0.000042241223822183976
-0.00004215379551216854
-0.00004206766970046066
-0.00004198282821194873
-0.00004189925322315551
-0.000041816927254031215
-0.00004173583315997895
-0.00004165595412409771
-0.00004157727364963967
-0.00004149977555266203
-0.00004142344395489777
-0.00004134826327679307
-0.000041274218230756245
-0.000041201293814569734
-0.00004112947530498217
-0.000041058748251483166
-0.000040989098470222065
-0.000040920512038099476
-0.0000408529752870069
-0.000040786474798229615
-0.00004072099739697758
-0.00004065653014707157
-0.000040593060345757744
-0.00004053057551866277
-0.00004046906341487057
-0.00004040851200213241
-0.000040348909462190596
-0.00004029024418622948
-0.000040232504770428516
-0.00004017568001164603
-0.00004011975890318614
-0.000040064730630698474
-0.00004001058456815401
-0.00003995731027393919
-0.00003990489748703496
-0.000039853336123299745
-0.00003980261627183158
-0.000039752728191426254
-0.00003970366230712188
-0.00003965540920682335
-0.000039607959638009826
-0.00003956130450452205
-0.000039515434863425174
-0.000039470341921946804
-0.00003942601703448708
-0.00003938245169970212
-0.00003933963755765345
-0.000039297566387020936
-0.00003925623010239383
-0.0000392156207516101
-0.00003917573051316269
-0.00003913655169367255
-0.00003909807672541219
-0.00003906029816388412
-0.00003902320868546485
-0.00003898680108509709
-0.00003895106827402506
-0.00003891600327760425
-0.00003888159923313756
-0.000038847849387766735
-0.000038814747096426435
-0.00003878228581981739
-0.00003875045912244904
-0.00003871926067070758
-0.00003868868423098009
-0.0000386587236678135
-0.00003862937294211273
-0.00003860062610938439
-0.00003857247731801058
-0.000038544920807567804
-0.00003851795090718332
-0.00003849156203391123
-0.000038465748691167614
-0.000038440505467184016
-0.000038415827033494406
-0.00003839170814345877
-0.00003836814363081413
-0.00003834512840826715
-0.00003832265746609913
-0.0000383007258708136
-0.000038279328763805124
-0.000038258461360067546
-0.00003823811894690768
-0.00003821829688271106
-0.0000381989905957156
-0.000038180195582811174
-0.00003816190740838364
-0.00003814412170315082
-0.000038126834163051005
-0.000038110040548137
-0.00003809373668150184
-0.00003807791844822143
-0.00003806258179431737
-0.000038047722725749564
-0.000038033337307416875
-0.000038019421662187205
-0.000038005971969940615
-0.00003799298446663978
-0.000037980455443408416
-0.000037968381245636745
-0.000037956758272100255
-0.000037945582974093475
-0.0000379348518545932
-0.00003792456146741685
-0.000037914708416418636
-0.00003790528935469244
-0.00003789630098378166
-0.00003788774005291902
-0.000037879603358278407
-0.00003787188774222898
-0.000037864590092615486
-0.000037857707342053664
-0.00003785123646722766
-0.0000378451744882102
-0.00003783951846779619
-0.0000378342655108406
-0.000037829412763620206
-0.00003782495741319553
-0.000037820896686793644
-0.00003781722785120071
-0.000037813948212161545
-0.00003781105511379874
-0.00003780854593802826
-0.000037806418104005875
-0.00003780466906756682
-0.00003780329632068214
-0.00003780229739092469
-0.000037801669840950617
-0.00003780141126797884
-0.00003780151930328592
-0.00003780199161171641
-0.0000378028258911897
-0.00003780401987222668
-0.0000378055713174757
-0.000037807478021257844
-0.000037809737809108774
-0.00003781234853733816