0.3343980264354274
0.33441956382440285
0.33444132120837045
0.3344632987697486
0.3344854966934731
0.334507915167024
0.3345305543804517
0.3345534145264037
0.3345764958001527
0.3345997983996247
0.3346233225254273
0.33464706838087943
0.334671036172041
0.33469522610774366
0.33471963839962166
0.3347442732621437
0.3347691309126454
0.334794211571362
0.3348195154614632
0.334845042809086
0.3348707938433711
0.3348967687964981
0.3349229679037225
0.3349493914034127
0.3349760395370883
0.3350029125494594
0.3350300106884651
0.3350573342053156
0.33508488335453235
0.3351126583939912
0.33514065958496464
0.33516888719216675
0.3351973414837975
0.3352260227315887
0.3352549312108511
0.3352840672005223
0.3353134309832153
0.33534302284526857
0.3353728430767972
0.3354028919717445
0.3354331698279357
0.3354636769471317
0.3354944136350849
0.33552538020159606
0.33555657696057156
0.3355880042300831
0.3356196623324279
0.33565155159419047
0.3356836723463057
0.3357160249241234
0.3357486096674741
0.3357814269207367
0.33581447703290673
0.3358477603576674
0.335881277253461
0.33591502808356277
0.33594901321615583
0.3359832330244084
0.33601768788655234
0.33605237818596306
0.3360873043112425
0.3361224666563025
0.3361578656204515
0.33619350160848194
0.3362293750307608
0.3362654863033211
0.3363018358479565
0.3363384240923181
0.3363752514700122
0.3364123184207016
0.3364496253902098
0.33648717283062557
0.3365249612004118
0.33656299096451653
0.3366012625944862
0.3366397765685819
0.33667853337189857
0.33671753349648675
0.3367567774414773
0.3367962657132098
0.3368359988253627
0.3368759772990885
0.3369162016631507
0.33695667245406463
0.3369973902162422
0.33703835550213973
0.33707956887240964
0.33712103089605605
0.3371627421505937
0.33720470322221274
0.33724691470594464
0.3372893772058351
0.33733209133511993
0.3373750577164066
0.3374182769818585
0.3374617497733864
0.3375054767428428
0.337549458552223
0.33759369587387034
0.3376381893906872
0.3376829397963523
0.3377279477955418
0.33777321410415917
0.33781873944956853
0.3378645245708362
0.3379105702189774
0.33795687715721096
0.33800344616121997
0.3380502780194197
0.33809737353323405
0.33814473351737784
0.3381923588001482
0.33824025022372395
0.33828840864447335
0.3383368349332703
0.33838552997581917
0.33843449467299025
0.33848372994116327
0.3385332367125818
0.3385830159357169
0.3386330685756431
0.33868339561442345
0.3387339980515065
0.3387848769041356
0.3388360332077696
0.3388874680165166
0.33893918240357984
0.3389911774617182
0.3390434543037196
0.33909601406288914
0.3391488578935525
0.3392019869715735
0.33925540249489
0.33930910568406364
0.33936309778284873
0.3394173800587782
0.3394719538037679
0.33952682033474024
0.3395819809942675
0.3396374371512363
0.33969319020153255
0.3397492415687487
0.33980559270491545
0.3398622450912548
0.3399192002389604
0.3399764596900015
0.34003402501795565
0.34009189782886756
0.34015007976213785
0.3402085724914416
0.3402673777256773
0.34032649720994984
0.3403859327265861
0.34044568609618586
0.3405057591787093
0.3405661538746028
0.340626872125964
0.3406879159177489
0.34074928727902015
0.3408109882842423
0.34087302105462197
0.3409353877594978
0.34099809061777986
0.3410611318994434
0.34112451392707666
0.3411882390774859
0.3412523097833621
0.3413167285350084
0.3413814978821344
0.3414466204357179
0.3415120988699383
0.34157793592418517
0.34164413440514374
0.3417106971889632
0.3417776272235089
0.34184492753070495
0.34191260120897005
0.3419806514357504
0.3420490814701557
0.3421178946557017
0.3421870944231661
0.3422566842935614
0.3423266678812315
0.3423970488970777
0.3424678311519212
0.34253901856000696
0.3426106151426584
0.3426826250320892
0.342755052475379
0.3428279018386254
0.34290117761127464
0.34297488441064805
0.3430490269866676
0.34312361022679566
0.34319863916119747
0.34327411896814003
0.3433500549796382
0.3434264526873645
0.34350331774883225
0.34358065599387255
0.34365847343141653
0.34373677625660265
0.34381557085822745
0.3438948638265572
0.34397466196152304
0.3440549722813206
0.34413580203143873
0.3442171586941407
0.34429904999842664
0.34438148393050405
0.34446446874479864
0.3445480129755372
0.34463212544893657
0.34471681529603926
0.34480209196623224
0.3448879652414947
0.3449744452514185
0.3450615424890533
0.34514926782762745
0.3452376325382034
0.345326648308327
0.3454163272617386
0.3455066819792168
0.3455977255206303
0.3456894714482811
0.34578193385162875
0.3458751273734907
0.3459690672378237
0.3460637692791981
0.3461592499740853
0.34625552647409397
0.34635261664129185
0.34645053908577494
0.3465493132056435
0.3466489592295766
0.34674949826219714
0.3468509523324444
0.3469533444451929
0.3470566986363701
0.34716104003185533
0.347266394910464
0.3473727907713547
0.3474802564062227
0.34758882197668073
0.34769851909727123
0.3478093809245877
0.34792144225304206
0.34803473961785863
0.34814931140594296
0.3482651979753311
0.3483824417840115
0.3485010875289814
0.34862118229650324
0.34874277572462575
0.34886592017915313
0.3489906709443788
0.3491170864300491
0.3492452283961892
0.3493751621976169
0.34950695705018353
0.3496406863210276
0.34977642784540447
0.3499142642729742
0.3500542834467915
0.35019657881865573
0.35034124990495574
0.3504884027876872
0.35063815066595
0.35079061446395793
0.35094592350243015
0.3511042162411991
0.35126564110200603
0.351430357381762
0.35159853626808185
0.3517703619707037
0.3519460329845028
0.3521257635022941
0.35230978499855
0.35249834800862767
0.35269172413222666
0.35289020829471923
0.3530941213058836
0.3533038127626425
0.3535196643509375
0.353742093612185
0.35397155825231025
0.3542085610866595
0.35445365573286786
0.35470745318687014
0.3549706294458819
0.35524393437776647
0.35552820208077063
0.35582436303363824
0.35613345840702165
0.35645665699743057
0.35679527536068517
0.35715080187125287
0.35752492562808014
0.35791957138204583
0.35833694199638955
0.358779570399537
0.3592503835923725
0.359752782090544
0.36029073930588584
0.3608689269304344
0.36149287457696827
0.362169175046493
0.3629057510883547
0.3637122060988173
0.3646002909894966
0.3655845342585646
0.36668310509822843
0.3679190151855118
0.3693218222349354
0.37093009251553716
0.37279503726605484
0.37498600803103416
0.3775990068942664
0.38077019549123625
0.38469781338621123
0.38967811432797106
0.3961626374202399
0.40483360866453416
0.4165890120213335
0.43154490673706575
0.4407616468479951
0.3917002954173564
0.2862872227049605
0.2648067590268753
0.277595893582087
0.2911751513881421
0.3015384493783848
0.30923602915883874
0.31506326935732554
0.3195919081984448
0.32320064074798627
0.32614065351268856
0.3285821314325411
0.3306433513756511
0.33240859401198214
0.33393931724979375
0.3352812804808674
0.3364691970178099
0.337529844482224
0.33848419070851354
0.33934887675767567
0.34013727103192815
0.3408602314924364
0.3415266655239783
0.3421439471163836
0.3427182318486259
0.34325469760878585
0.3437577306236975
0.3442310707132037
0.3446779257941774
0.3451010629472383
0.3455028814427386
0.3458854717516162
0.34625066357440437
0.3466000651956831
0.3469350959345961
0.34725701306155166
0.3475669342496345
0.3478658564002161
0.34815467150688484
0.3484341800865788
0.34870510260169457
0.3489680892147612
0.34922372815255187
0.34947255290524637
0.34971504844542506
0.34995165661895244
0.35018278083347576
0.35040879014891785
0.35063002285702055
0.3508467896228046
0.3510593762491922
0.35126804611645657
0.3514730423402135
0.3516745896851082
0.35187289626583546
0.35206815506254624
0.3522605452738307
0.35245023352722027
0.35263737496439507
0.35282211421596954
0.35300458627872666
0.35318491730650853
0.35336322532450315
0.3535396208754465
0.35371420760518796
0.3538870827941502
0.3540583378404271
0.3542280586995719
0.35439632628553924
0.3545632168367233
0.35472880225058395
0.35489315038996244
0.35505632536383736
0.35521838778497933
0.3553793950066842
0.3555394013405472
0.355698458257018
0.35585661457031137
0.35601391660907034
0.3561704083740544
0.35632613168398153
0.35648112631055323
0.3566354301035872
0.3567890791070888
0.3569421076670221
0.3570945485314631
0.35724643294375297
0.35739779072922034
0.35754865037598177
0.3576990391102842
0.35784898296682305
0.3579985068544116
0.35814763461736443
0.35829638909291495
0.35844479216496095
0.35859286481441277
0.358740627166389
0.35888809853448916
0.3590352974623516
0.35918224176269
0.3593289485539828
0.35947543429498213
0.3596217148171883
0.3597678053554298
0.3599137205766791
0.3600594746072159
0.3602050810582542
0.36035055305012764
0.36049590323513214
0.3606411438191068
0.36078628658183803
0.3609313428963588
0.3610763237472123
0.3612212397477451
0.36136610115648893
0.3615109178926869
0.3616556995510153
0.36180045541554967
0.36194519447302065
0.3620899254253992
0.3622346567018531
0.36237939647011097
0.3625241526472629
0.36266893291003893
0.3628137447045851
0.3629585952557732
0.363103491576065
0.3632484404739568
0.3633934485620303
0.36353852226462624
0.3636836678251647
0.3638288913131301
0.3639741986307381
0.3641195955193008
0.3642650875653087
0.3644106802062402
0.3645563787361165
0.36470218831081125
0.3648481139531317
0.3649941605576765
0.36514033289549047
0.3652866356185171
0.3654330732638642
0.36557965025789163
0.36572637092012733
0.3658732394670217
0.36602026001554816
0.3661674365866564
0.3663147731085857
0.36646227342004484
0.36660994127326574
0.36675778033693407
0.36690579419900615
0.3670539863694141
0.367202360282667
0.36735091930034974
0.3674996667135278
0.36764860574505837
0.3677977395518161
0.36794707122683257
0.36809660380135656
0.36824634024683933
0.3683962834768437
0.36854643634888484
0.36869680166620394
0.36884738217947627
0.368998180588459
0.36914919954357883
0.3693004416474644
0.36945190945642353
0.36960360548186794
0.3697555321916898
0.3699076920115899
0.37006008732635826
0.37021272048111337
0.3703655937824978
0.3705187094998319
0.3706720698662323
0.3708256770796889
0.3709795333041078
0.371133640670321
0.3712880012770594
0.37144261719189703
0.37159749045216345
0.37175262306582624
0.3719080170123452
0.37206367424349995
0.3722195966841903
0.3723757862332112
0.3725322447640044
0.37268897412538626
0.37284597614225107
0.37300325261625517
0.37316080532647933
0.3733186360300689
0.37347674646285806
0.3736351383399714
0.3737938133564105
0.3739527731876205
0.3741120194900422
0.3742715539016453
0.37443137804244797
0.37459149351502036
0.37475190190497326
0.37491260478143335
0.3750736036975037
0.3752349001907127
0.37539649578344764
0.3755583919833792
0.37572059028387156
0.3758830921643816
0.37604589909084785
0.3762090125160677
0.37637243388006447
0.37653616461044426
0.37670020612274413
0.37686455982076905
0.3770292270969212
0.3771942093325206
0.3773595078981146
0.3775251241537836
0.3776910594494342
0.3778573151250881
0.37802389251116125
0.378190792928737
0.3783580176898312
0.3785255680976521
0.37869344544685124
0.3788616510237707
0.37903018610668177
0.3791990519660188
0.37936824986460776
0.3795377810578871
0.37970764679412566
0.3798778483146332
0.38004838685396747
0.3802192636401345
0.38039047989478514
0.3805620368334077
0.38073393566551395
0.38090617759482237
0.38107876381943606
0.38125169553201765
0.38142497391995817
0.3815986001655448
0.3817725754461225
0.38194690093425204
0.38212157779786643
0.3822966072004211
0.38247199030104334
0.38264772825467563
0.3828238222122191
0.38300027332067055
0.383177082723258
0.3833542515595745
0.38353178096570634
0.3837096720743613
0.38388792601499105
0.38406654391391426
0.3842455268944347
0.38442487607695836
0.3846045925791069
0.3847846775158295
0.38496513199951254
0.3851459571400866
0.38532715404513107
0.385508723819978
0.3856906675678119
0.3858729863897694
0.3860556813850351
0.38623875365093807
0.3864222042830436
0.3866060343752455
0.3867902450198549
0.38697483730768883
0.3871598123281565
0.38734517116934314
0.38753091491809427
0.3877170446600959
0.3879035614799554
0.38809046646128065
0.3882777606867556
0.3884654452382176
0.38865352119673086
0.38884198964266026
0.3890308516557431
0.38922010831515946
0.3894097606996019
0.3895998098873434
0.3897902569563052
0.3899811029841217
0.39017234904820663
0.3903639962258158
0.39055604559411006
0.390748498230218
0.39094135521129575
0.39113461761458707
0.39132828651748286
0.39152236299757825
0.3917168481327305
0.39191174300111425
0.3921070486812787
0.39230276625220023
0.39249889679333716
0.3926954413846829
0.3928924011068172
0.39308977704095954
0.39328757026901745
0.3934857818736383
0.3936844129382585
0.3938834645471513
0.39408293778547565
0.394282833739323
0.3944831534957646
0.39468389814289806
0.3948850687698911
0.3950866664670285
0.39528869232575575
0.39549114743872305
0.3956940328998275
0.3958973498042586
0.3961010992485378
0.3963052823305614
0.3965099001496428
0.39671495380655153
0.396920444403555
0.3971263730444575
0.39733274083464126
0.39753954888110354
0.3977467982924963
0.397954490179165
0.3981626256531849
0.3983712058284003
0.3985802318204605
0.39878970474685665
0.3989996257269586
0.3992099958820502
0.3994208163353661
0.39963208821212604
0.39984381263957014
0.40005599074699416
0.4002686236657828
0.40048171252944587
0.40069525847364945
0.4009092626362515
0.4011237261573345
0.4013386501792377
0.40155403584659133
0.4017698843063482
0.40198619670781577
0.4022029742026889
0.40242021794508087
0.4026379290915557
0.4028561088011588
0.40307475823544797
0.40329387855852594
0.4035134709370688
0.4037335365403578
0.40395407654031024
0.40417509211150743
0.4043965844312278
0.4046185546794736
0.4048410040390027
0.4050639336953569
0.4052873448368919
0.4055112386548061
0.4057356163431689
0.40596047909895183
0.4061858281220548
0.4064116646153355
0.40663798978463844
0.40686480483882276
0.40709211098979053
0.40731990945251484
0.407548201445068