0.3343868374488508
0.3344071617985704
0.33442188767642544
0.33445662401487736
0.33447385965388066
0.3345228793167269
0.33449880861856957
0.3345319923397734
0.3345816413212931
0.3345951734972039
0.33459416515116924
0.3346672758100219
0.3347029044783672
0.33469994727058705
0.3347164535804075
0.33472489948926903
0.3347518052932342
0.33477632080462505
0.33479744591352933
0.33482473447067745
0.3348704602007815
0.3348970706187968
0.3349133440687582
0.3349394677530147
0.33499070490837257
0.3350038562670473
0.3350314910172244
0.33507748015943095
0.33511810857567365
0.33511536630434924
0.33516461992645086
0.33518765316302157
0.3352129577831994
0.3352531808429661
0.335277120262624
0.3352980571325955
0.3353326788711429
0.3353431182155594
0.3353537940558148
0.3353970133829186
0.33542600967892233
0.33545745988374887
0.335510135021052
0.33553993508883034
0.3355693501138829
0.33560098332896215
0.33563293915425224
0.3356828979776349
0.3357083645009101
0.3357446774173741
0.3357713199398663
0.3358029601113264
0.3358378082794323
0.3358654457440436
0.33589841780986435
0.3359263971557095
0.33594844710505467
0.33599326790526496
0.33602773452191825
0.336052395871369
0.33607383208504654
0.33609668507033197
0.33613314755089974
0.33622572130839046
0.3362555760863049
0.33629835182318357
0.3363346546726368
0.3363759739082734
0.33641007657476024
0.3364377921364105
0.3364941799521633
0.3365201168002207
0.3365465289317804
0.33656284570382466
0.3366104635904982
0.3366630088331607
0.3366673411803406
0.3367065778548886
0.3367321390033995
0.3367688337053264
0.3368035318285401
0.3368385185161515
0.336878217280788
0.33691601252912123
0.33695337773688666
0.33698128036627395
0.337035038622197
0.3370772872416925
0.3372173875455893
0.33721191860276717
0.33724618564795195
0.33729308384940604
0.3373154230989556
0.3374113706196744
0.3374013903759334
0.3374532652665941
0.33747659258767154
0.33750811046519835
0.33755587219451677
0.33759425353509903
0.3376348124742797
0.3376833375659602
0.3377246802962689
0.3377768682201309
0.33780684308616976
0.33786919350952843
0.33791931238727857
0.3379674500561834
0.33800687472414775
0.33809089262478614
0.33815258874055476
0.3381903795246519
0.33828208969289203
0.33823902114203763
0.33827609193552466
0.33833107940526624
0.3383707857715984
0.3384216942619038
0.3384723153975298
0.3385213447925073
0.3385712848279269
0.3386364474479241
0.3386918522173285
0.3387431233016911
0.3388361492622557
0.33888203019768753
0.3389395661163946
0.3389727593901012
0.3390517251321768
0.3391323260452189
0.3392014597135754
0.3392493494162655
0.3393111572035851
0.3393766973092511
0.33943552689951534
0.3394899060027628
0.33953917798977024
0.33960828184560377
0.33950203520001565
0.3395714894627261
0.33964809356184555
0.3397236337597419
0.33977037712269376
0.33983516318433943
0.3399461275626397
0.3400225522779111
0.340067371946168
0.3401417230842294
0.3402182565578994
0.34027275150971165
0.34033289910089215
0.3403938989749564
0.34045875077650084
0.34050738354861443
0.3405778918258259
0.3406156730986931
0.34066652961393934
0.3407101914610338
0.3407465448033501
0.3407954642916556
0.34084246331943435
0.3408974049833116
0.34094785515467335
0.34112848997053313
0.34120877831031754
0.341275709991003
0.3413362319679669
0.34140969041438557
0.3414760637758647
0.3415400713806804
0.3416182649378875
0.34169444564618556
0.3417206813289083
0.3417901022286136
0.3418334151445731
0.3418856312522247
0.34191953901348576
0.3419577944691154
0.3420233219184718
0.34207853811641636
0.3421597772561834
0.3421831865109456
0.34224062343080797
0.3422969342536849
0.3423563290716265
0.34242195376873014
0.3424949768581378
0.34255821508589207
0.3428719295745349
0.3429068729453451
0.34298055041795633
0.3430066448496123
0.3430754722936594
0.3431306346070767
0.34320133007578413
0.3432283402558089
0.34328634703067107
0.34336540396346005
0.34342377034528243
0.34349268775785763
0.3435605990220592
0.3436337062162724
0.34371962026491315
0.3437916614379096
0.3438658626225815
0.34397347918887133
0.3440846816024055
0.3441536565028247
0.3442866089214888
0.34438057837154834
0.34446077268714653
0.3445475185944112
0.344666296538611
0.34462242603256604
0.344692737321731
0.3447723027036922
0.3448449626894177
0.3449298926722468
0.34501630498742875
0.34511244140583197
0.34521162016921997
0.3452994503886136
0.3453934520390017
0.3455025579769886
0.34562810136979305
0.3457127281920516
0.3458278939187411
0.3459774679275879
0.34605927423788807
0.3461792493711959
0.34631216950936744
0.34643031363600774
0.3465615691742326
0.34668474860203224
0.346796790995445
0.3469179689303408
0.34704773391763905
0.34714115034241233
0.34686896641615483
0.3469599876456007
0.34710776253635733
0.34721041501142513
0.3473980214406739
0.3475564286651504
0.3476794304501599
0.34783741150080233
0.34798053752256747
0.34810780622822907
0.3482444569150788
0.3483729384506177
0.3485089260739658
0.34863606496450855
0.34875578474242064
0.34889331565011905
0.3490105522966099
0.34914514834397087
0.34924567247213234
0.3493386588367369
0.34945463267303534
0.3495939271127185
0.34969081047061523
0.3497789884459475
0.3498731356541503
0.3500641938910186
0.3502825420129995
0.3504702517049669
0.35062726712894837
0.350810662935536
0.3509810275097859
0.35114339178777704
0.35131117076092616
0.3514523567015565
0.3515884081812427
0.3517819540395186
0.351927354101583
0.35207278710965473
0.3522287513522095
0.35239916305608526
0.35252620263412987
0.3526855046558738
0.35285273920066734
0.35303256898525526
0.35319073794339767
0.35336914078860066
0.35355050546304423
0.35374156440598
0.35392008143101866
0.3541579111352215
0.3551619282436251
0.35545838536302904
0.355718353853368
0.35590799118795546
0.3561862815606107
0.35644913473635564
0.35671838094088526
0.3570261251426757
0.3573181133856634
0.3576207896789015
0.357963433169855
0.358311514469637
0.35868465511156217
0.35907506543496226
0.3595171235795996
0.35996782780282166
0.3605081311294487
0.3610656745981156
0.36165662717413016
0.3622925935138966
0.36310623674804576
0.3639786998751522
0.3649473438000496
0.3659722763156816
0.3672890453605705
0.3902746566805645
0.38860344694407273
0.38689686625112374
0.3849868940763146
0.38301729961762027
0.3809835556929443
0.37844483974764354
0.3759548935976717
0.37287741001606456
0.36976287644414974
0.3665166123941605
0.3631047500898108
0.3595181964095755
0.35599682796529164
0.35236321764448364
0.3487334297378532
0.3449013396071666
0.34103055300033036
0.33703856252712155
0.3327026020915842
0.3283687760539862
0.3237015000831341
0.31919069434625247
0.31462654199095624
0.31037056644419003
0.3290843658139436
0.33093091012330866
0.3325570525430925
0.33408870158791626
0.33542628665223145
0.33665221704965625
0.33778717170072814
0.33874551617592813
0.3397065020517446
0.34059403556947376
0.3413992784537617
0.3420993653036854
0.34280387897898285
0.34344692448880515
0.34399762288821917
0.34455807022151724
0.34506728917267604
0.3455080689879673
0.34593102175745266
0.3463013943340158
0.3466417684359921
0.3469847360078363
0.34724794337630777
0.3475050916078756
0.3477382164804726
0.34793073621313175
0.34831172250364784
0.3486396214189367
0.34893088435239844
0.34921353842083297
0.34950164680676493
0.34975102078375453
0.3499991166590879
0.35021227019262413
0.35041810143266955
0.3506327743787589
0.35080166745283675
0.3509722038461889
0.3511152095088202
0.35127737055640396
0.35145147111876596
0.35159200163257737
0.35174225175172125
0.35188225599337297
0.3520086505741174
0.35214500690356
0.3522868993265528
0.35244262591012226
0.3526032368275198
0.3527272491328101
0.35372021479022764
0.35383771577436446
0.3539128702087838
0.35400674385033903
0.3541712574456167
0.3542930800083668
0.35432700158374336
0.35447252207597113
0.35456414745729886
0.35470441968418265
0.3548192600576918
0.35493885146620885
0.3550823812196003
0.3552389719873282
0.35538600418243077
0.35554023564391013
0.3557269620032743
0.3558809493526447
0.3561219388066609
0.35630639489199767
0.35649849700635633
0.3567112570913451
0.3569556685921536
0.3571330645741996
0.35744951511902695
0.35708975075502775
0.35724023477940053
0.3573407586299658
0.3574741191468839
0.35762733844037964
0.3577770787760217
0.3579616366762422
0.35812907955003387
0.35831316729807267
0.35852632378782995
0.35870265329506
0.35890543444842565
0.359156797941347
0.35936090956115113
0.3595214405890535
0.3597475566005528
0.3599564536389278
0.360174039970717
0.3603236558494411
0.3605263376332972
0.3607213362199819
0.3609128849141548
0.3610869910593233
0.3612384436390047
0.36133646635646
0.36066657512443423
0.3608912788046513
0.3611567267152218
0.3613806714283608
0.36159523570036395
0.36186905228411853
0.3620375042758482
0.3622308224584593
0.362477059809473
0.36262630115754346
0.36281527181124607
0.362994658160782
0.3631541077291408
0.36329451117190203
0.3634495644626433
0.3635954986257121
0.36369066595551897
0.36378141130592007
0.3638957237631192
0.36399458740353186
0.3640455553710124
0.36412502877653996
0.3641815375239351
0.36426803539238023
0.3642778946225191
0.3651006801291469
0.3652732161644795
0.3654599102537224
0.36560016279219687
0.3657435013046204
0.36588084477110305
0.36598194407796414
0.3661020693700663
0.36618833152229674
0.36628897293924095
0.36637968445085606
0.3664311906485884
0.3665045930386437
0.3665844397756182
0.3667014765631663
0.36674607288050665
0.36683560804785365
0.36692101354658496
0.3669707970075805
0.3670740882957898
0.36717197358454345
0.3672937292243449
0.36742698335998086
0.36753503722371905
0.3676831901880718
0.36884862148454567
0.36889533932337587
0.368946319855246
0.36895304935383716
0.36900504785391025
0.3691455342746648
0.3691254747302791
0.36923598069758046
0.36932408994873944
0.36940008177600725
0.36950262653854715
0.3696376660324466
0.3697750396059594
0.36989546817053254
0.37009160651164386
0.3702560105717446
0.3704623654085503
0.3706875340782023
0.37086162123432126
0.37109923535618144
0.3713191365790453
0.37155318532450665
0.3718023775808954
0.37213360260227546
0.37243835721313373
0.3717444724067402
0.3718277770093857
0.3719719942004406
0.3721023306610236
0.3722909200581003
0.37246466373609605
0.3726564972571697
0.372864146575362
0.37308917411634585
0.37331519925942613
0.3735027137846611
0.3738046171691915
0.37408261208685245
0.3743301806036659
0.37459013264785546
0.3748397939230207
0.3750555354041177
0.3752950368868467
0.3755492071724954
0.3757731164749335
0.3759756028306006
0.376166799509783
0.3763445980676225
0.37653107363229027
0.37665487064744624
0.3755735567602067
0.37588802010235434
0.37623910492971097
0.37660841521466604
0.376829624925885
0.37715241583913073
0.3773751232955847
0.37766600925208643
0.3779027550052137
0.3781331569121462
0.3783455453590577
0.37853395506880155
0.37871568641980435
0.3788662309935296
0.37902955313337566
0.37916299964230166
0.3792897889744511
0.379371528683396
0.3794803734566242
0.3795267582612888
0.3796229930957911
0.37965824639885065
0.37965523892461933
0.3796946008268134
0.3797609642707957
0.380980862887135
0.3812155634395724
0.3814226817324587
0.3815566986241261
0.3817349558939611
0.38188249735854385
0.3819986794357516
0.38209741112354284
0.38224158800300895
0.3822992964509214
0.3823610933205839
0.38247620478707217
0.3824891015539571
0.38258466001388375
0.3826490656067495
0.3827227993961844
0.38282626154534466
0.38290771360466785
0.3829587087024652
0.38304110610973824
0.38317128604738654
0.38330025838923076
0.3834701159462686
0.38364994513391915
0.3838952794344482
0.3854391392167139
0.3854448121480698
0.38545714518459395
0.38547538680678745
0.38551358769975447
0.38558836541192426
0.3856173822808664
0.3857171242952301
0.38579549824160436
0.38587930069493176
0.38602268083131974
0.3861514887004331
0.38636549083305377
0.3865111808724886
0.38672640947790216
0.38692820577159376
0.38720331847082395
0.38745652654207413
0.38769792916615536
0.38806151420322066
0.3883457416351357
0.38863893344891726
0.38902129775841066
0.3893766194887053
0.3898073372714011
0.3886661100060689
0.38880003253577794
0.38895671070575244
0.3891404480642799
0.3893560194347645
0.38957424962151993
0.38982807574416184
0.3900957135543466
0.39038988709811795
0.3906913118643267
0.3910109915397984
0.3912687196017387
0.39161414819423884
0.39196366155003565
0.3922704254400796
0.39262492022517176
0.39290795817426016
0.3932354398509833
0.393563801896418
0.39383744586273867
0.39408887566425205
0.39436616380673867
0.3945959294243693
0.3948260514851455
0.3949564607555111
0.39349144032625816
0.39391028824584357
0.3942827457330171
0.39462669142355905
0.3951324375849277
0.3954618199387191
0.3957934143148211
0.3961102316370456
0.3964466879276029
0.39670602238747715
0.3969772920595999
0.3972319600881909
0.39746470899588027
0.3976767250105273
0.3978430490459909
0.39799068924004377
0.39810599378243006
0.3982873739965272
0.3983426896849898
0.3984107839934669
0.3984681131985203
0.39850347419801807
0.39853321644258277
0.3985781858162266
0.3985549402391542
0.4003444858938573
0.4005973430621502
0.40081352951902854
0.4010424635699699
0.4012051443258011
0.4013559678912913
0.4015572750253806
0.40165486748931145
0.40173812434690653
0.401842946611055
0.40190808027784986
0.4020128067636102
0.402023036204055
0.4021275427242757
0.40219159549341627
0.4022485943789874
0.40232162091817125
0.4023768636256881
0.4025002117150969
0.40261130826321007
0.4027391974322881
0.402897127557088
0.4030836996489663
0.40328634560583826
0.4035513264365886
0.4057718153902048
0.4057208776705551
0.40578857707671956
0.405776054892778
0.4057336870052129
0.4057209252254432
0.40582855556244185
0.4059205505730553
0.40600868530150597
0.406124846954635
0.4062921043678252
0.4064351392512991
0.4066460272945115