5.910260222810234e-6
4.7616215015812495e-6
0.000019819191288443813
-8.688539186134985e-6
-6.809844821907565e-6
-0.00002598749567200787
-2.972294338986459e-7
-5.6142052293050096e-6
-0.000015180765058589111
-0.000019441860412283632
-0.000020485552076468865
-0.000013947526583916427
-9.791664688776964e-7
0.000027076333312970692
0.00001581108762538695
-0.00001287790084944404
-0.000014315694406916079
-7.384158310188183e-6
1.2883952093810618e-6
0.000014545825753742226
-0.00002520980165569543
-0.00002477635986933245
-7.492752166666021e-6
-0.00001155517078741291
-0.000023980153441856884
-0.000015511637063178606
-0.000014034222278248662
-9.912932633378853e-6
-9.179333520974453e-7
-0.000017297133374722098
-7.248955464277735e-6
-2.4682901720601077e-6
7.601980284306529e-7
0.00001666368371496005
0.00001879498673513071
6.344029467327104e-6
0.000015187935232178676
0.00003325111852896608
-0.0000261415926069565
-0.00003509316471386885
-0.000029118146991914678
-0.00002783564574416281
-0.000031280671104394494
-0.000027776975522586088
-0.000019695650123136962
-0.000012423640743108305
-0.00002488752174670515
7.72109268991184e-6
-2.404837812173858e-6
0.000022569842867684095
4.0558189315481645e-6
6.870030982985229e-6
0.000013537239183796596
0.00002046493275925708
0.000016392717982898194
0.000023830785685856114
0.00003249061486109009
0.000028900551741274723
0.000029371884326534754
0.000031687037724635376
0.000026844180814467998
0.000023784987297946676
0.00004283089644104305
-0.00003318186391738592
-0.000035921123808943116
-0.00002835065570108695
-9.043814772509892e-6
-7.746127848618305e-7
3.7559512171811254e-6
0.000014290642651128955
-4.397475203814307e-6
0.000011387014795143605
0.00002855048002193799
0.00003509501293653271
0.0000289147471806039
0.00002899974831463575
0.000032169568758635535
0.000029149065872019467
0.00002298704381945389
0.00002857555509326399
0.00001855817106305973
7.878944916761005e-6
0.000018725885759894323
0.000021968869413927228
2.2744137619925198e-6
-4.031518369009245e-6
-0.000030158448319212715
-0.00002391629711300092
0.00003677314452694685
0.00006065049698521098
0.00006208742464492825
0.000051260323629893006
0.000045429668434706025
0.00005598990109087671
0.00004967507249534127
0.00004671343000890536
0.000034845639107852174
0.00001682138348649608
0.00001868649719200135
4.212056675016536e-6
6.6780226393492875e-6
0.000026875587949342257
3.088875023712609e-6
-0.000011890395236406098
-6.908023589866728e-6
-0.000021398222103326867
-0.00003284135566048957
-0.00004063790667685548
-0.000048464548783057275
-0.000051163113666098247
-0.00005403757269305619
-0.00006726699052026434
-0.000061000499014075
0.0000707390254547856
0.000044159197027806385
0.000030959106183306274
0.00002078467065565106
0.00001649353013693352
0.00001728097460233197
-3.948059643739498e-6
-0.000013714295122024783
-0.00003397359641433912
-0.00004026784899757643
-0.000044227207185731606
-0.00005507572892229662
-0.00005194610605784819
-0.00005635912879392215
-0.00006024372702479896
-0.00006269331738021455
-0.00004538788057362761
-0.000031554401141372625
-0.00004179825342095149
-0.00004535899838260744
-0.0000334466787363635
-9.221150704711851e-6
0.000012294457529765779
0.0000434719722838077
0.0000347274895077987
-0.00006430825212037661
-0.00007327140392609727
-0.00006951899047558756
-0.0000811040283070309
-0.00007615842740674383
-0.00006820522746781352
-0.00006785686260917331
-0.00005080323040008831
-0.00006125068935605604
-0.000045126884461443315
-0.000014440423501816597
-0.000027116582372956828
-0.000017103026228030092
-0.000025535642791130977
-4.909002609057723e-6
0.000030333152337159715
0.00002280335576143627
0.00004365761503015295
0.00006222332369119668
0.0000759487649227538
0.00008305053336064089
0.00008626296338953996
0.00008679164574418816
0.00008641463591420998
0.00009566677655769085
-0.00009273963950605742
-0.00006659262798506887
-0.00005057892120475193
-0.00004371503247091487
-0.00003841565052155711
-0.00001687304175382885
-1.7382556094173767e-7
-7.246414995787026e-7
3.021719847949244e-6
0.000044234374955683835
0.00005946514417228012
0.00007053669086268149
0.00007673569100800166
0.00008548845742249481
0.00007837051484034529
0.00008037643818703343
0.00008688258530865942
0.00009930333053286235
0.00006599038160170234
0.0000596301809646314
0.000043085299103747986
0.000011432060564068988
8.049047381043245e-6
-0.000033483752658175
-0.00004636678132357965
0.00008190494117278041
0.00009761360714658847
0.00010346116961218869
0.00011583270588289658
0.00011184259603412805
0.00011249599412022143
0.00011931580721114561
0.00008800781402926458
0.0000721170090615535
0.00009075331341327376
0.00005628835234992421
0.000044814410773240145
0.000021107010424658793
0.000014424157903198747
-0.00001527917319024247
-0.0000221044493862905
-0.00003467363271697245
-0.00006720981920653869
-0.00009174268975889197
-0.00009861854118308033
-0.00011772862282360836
-0.00012958909446187617
-0.000136291453733874
-0.00013560943980572837
-0.00016766558045286747
0.0001413653916988818
0.0001238943461230216
0.0001134625302358908
0.00007883519193174236
0.000021829885703682218
0.000031191143813465626
-0.000019437226747055787
-0.000025934555067449136
-0.00004995257862613967
-0.00006265400237327527
-0.00008624019060249165
-0.00009192712906503998
-0.00010946590340727473
-0.00012299959765618896
-0.00011733422682292031
-0.00013801442581788106
-0.00012507872378163408
-0.00011665938538719218
-0.00011287804900400555
-0.00008917238162081758
-0.00007842199562664198
-0.00005228867676502757
-0.000032594256551059625
-0.000018058170402720318
0.00004545054773215081
-0.00008054512199863599
-0.00009423636666268681
-0.00012598379149461974
-0.0001367967419012482
-0.00015432629119531017
-0.00015453033494384604
-0.0001600678485722781
-0.00015286101123096688
-0.00012632381206907766
-0.0001214246548556529
-0.00010468672337789625
-0.00009802970587709063
-0.00010191052188279034
-0.00003509414006704386
-0.000018581612076609246
9.45928107414475e-6
0.000036405727989940196
0.000053643579423699126
0.00008537920140884037
0.00012631777124610737
0.00015795373328561662
0.00017510478690463128
0.0001911430797092648
0.00020230825130038277
0.00021425097988049324
-0.0002821698174465112
-0.0002205860536236984
-0.00019580505186430437
-0.00016489422767054885
-0.00012158498063398665
-0.00010813450044905094
-0.000059773395159975466
-0.000030092245742148086
0.000016605076651062946
0.00006781297293642464
0.00007047038132851494
0.0001168706332147984
0.00013608669776784394
0.00016466520336397826
0.00019882656736416933
0.00018600317905468434
0.0001952880968701158
0.00020812212414346874
0.00022659646506640877
0.0001905231897220835
0.00021400451128390273
0.0001653435540488895
0.00012265585064796125
0.00012369384590484554
0.000035747502862129285
-0.00014924945002043862
-0.000043875754725193545
0.000015676457042986235
0.0001121702818701005
0.00017233140955862542
0.0002362635142987759
0.00027199793059973985
0.0003268410337314106
0.00035605156937684127
0.00036349957945607355
0.0004007646674924394
0.0003815776434785772
0.00041148617291421053
0.0004020818008842864
0.0003685474710141773
0.0003203787558557312
0.0002658777867438222
0.0002039316291391881
0.00014186670426016824
0.00006611460986053378
-0.00006472814157379986
-0.0001903616524354641
-0.0003402298988606626
-0.0005080291013609346
-0.0007487149285657453
0.017314703222009203
0.0209054056403555
0.024179663954796142
0.027370949210182186
0.030371164089284634
0.03304925033206015
0.03593586985642456
0.0383955846903808
0.04085930876666024
0.042888876404026596
0.044584483192379225
0.0459827693657772
0.04711581730430918
0.04790729562016569
0.04846431395743918
0.04881400566760797
0.04892884981373506
0.04879577452024632
0.04843104088488242
0.04758025922077136
0.04640591714248681
0.04457368234851099
0.04215379369273961
0.03912846492907444
0.03557047127321442
0.000881774880513849
0.0005319307618070654
0.0002590596154311284
1.525539760277448e-6
-0.00018282324945925312
-0.0003179726281754443
-0.00040236792911697925
-0.000503248112517312
-0.0005282113492538306
-0.000552149658325693
-0.0005278643144175528
-0.0005030207397083656
-0.0004941084601326974
-0.00043118062052757884
-0.0003656638571525706
-0.0002767497524033974
-0.00024222395614153548
-0.00008647174442834493
-3.809399411552527e-7
0.00008514281547417443
0.00019096807388514235
0.0002638707741492664
0.0003521941604904806
0.000425982234462196
0.0005272354264039248
-0.0004302234296205957
-0.0003562625098301484
-0.00026399200944881196
-0.00024391751294435386
-0.00015348633341051126
-0.00009631951231775363
-0.00003357451372414665
9.239407188416749e-6
0.00007417552057897511
0.00012865584482200373
0.00015429720022776432
0.00021299789908916426
0.00024485903234730257
0.0002513948290957237
0.00027331459438525844
0.0002912789391900924
0.0002927991309806794
0.0002779485504701904
0.00025467826670579
0.00020448858170159681
0.0001375515264561103
0.00012653833456717826
0.00005779733808039918
-0.000010868632696314832
-0.00004105387210641638
0.00021040098028203577
0.0002680533952418535
0.00029522198035349866
0.00032677254476832585
0.0003410641234982532
0.000341333390926047
0.0003085942011960797
0.0003035240172313277
0.0002537886342079065
0.00022796687562251996
0.00017865859154564366
0.0001361365457650243
0.00009314580388782141
0.00004465517657669952
-2.5939933309457388e-6
-0.00003907190718554996
-0.00013147638480709716
-0.00017286317652552086
-0.00024975006414263285
-0.00028711914567596344
-0.0003235328847655832
-0.0003597338064032314
-0.0003934075311183932
-0.0004190511195480884
-0.00037777987290974765
0.00036994829548495344
0.0003175611374504665
0.0002346385486289299
0.00011570766700372208
0.00009755275715776187
-0.00001222201975080579
-0.00006353973731658401
-0.00014772738293221784
-0.0002022467948544801
-0.00024989212364334094
-0.00026723885576307677
-0.00030198799787212595
-0.00031762637693541463
-0.0003207046814492601
-0.00031381712778616916
-0.000293309852448473
-0.0002632132159365378
-0.00023030401357484128
-0.0002416091887652876
-0.00015921242962207014
-0.00007288444184906537
-0.000038963128809555564
0.00003874551522208783
0.00009164902641980728
0.0002744169365935203
-0.00035422764513066247
-0.0004021582170778548
-0.00041633747111592407
-0.000428923605113929
-0.0004179780909447282
-0.00039879468997639314
-0.0003738791766212543
-0.0003502449296812199
-0.0002774931821029309
-0.00026184972852847624
-0.00018718621119879014
-0.0001371128921638039
-0.00009153234610958181
0.000023642369811987695
0.00010366421790624822
0.00013388635100178918
0.00022290691790784244
0.0002973555038510815
0.00033769481591665687
0.0003774074504285791
0.00039541547286854595
0.0004541426180868073
0.0004618265705122643
0.0005100208699907562
0.00048548044620576526
-0.0004400679374357518
-0.00033185642607496047
-0.00019218020089664678
-0.00014166056795287472
-0.000032671626753305376
0.00003711773084867392
0.00012720770480353281
0.00017886243019250484
0.0002467878775960456
0.0002842831496436762
0.0003277964371187632
0.0003773337327510487
0.00039852086815705766
0.00039471659594903397
0.00040120460572482225
0.0003662419467565932
0.0003522578425826916
0.00033795008090882755
0.0002289347141909826
0.00021695611666696946
0.00009095630511513954
0.000011805092756595715
-0.00011725577702534134
-0.00018811885131359856
-0.0002939611672076109
0.0004658268240831834
0.000500530822013398
0.0004997106936397376
0.0005158191819860822
0.0005180781395549744
0.0004804703154469714
0.00044915602282838207
0.00040601874528168675
0.0003594240376310556
0.0002660739950231331
0.0001991066887964096
0.00017981037608818677
0.00005497195998638432
-0.00002363468946041852
-0.00013654888822148167
-0.00019523655445980438
-0.0002845932520782661
-0.00037548087291311655
-0.00041734854232232323
-0.0004598313881963858
-0.000516568503300449
-0.0005569249849881369
-0.0006092097921195794
-0.0005450842635741964
-0.0005848189322694913
0.000530026193549665
0.0003879595466901966
0.00027724272239125703
0.00013377702054514985
0.00005484798805268077
-0.00004927813183863481
-0.00014025647105538953
-0.00023656246985960248
-0.00033079413808886774
-0.0003757408018199021
-0.0003895134629107816
-0.0004634409600161557
-0.0004803847143925795
-0.00048381108447033194
-0.0004603599941486424
-0.00043373729346215986
-0.0004028546052584678
-0.0003660298111850455
-0.00026630315450685166
-0.00016844583292322296
-0.00011099055838191353
0.00004627360581527875
0.00016808111494263586
0.0002584735880516206
0.00042661359994158773
-0.000490679903916059
-0.0005442939723634887
-0.0006093758838762959
-0.0006478106590593304
-0.000632462509571667
-0.0005878426807031773
-0.0005498419724934126
-0.00046895600671651556
-0.00038750182155804105
-0.00030503637118475287
-0.00023236940630204215
-0.00011789164913848484
-0.000051971314283160925
0.00003206139191826093
0.00017886826479964377
0.0002462635620152865
0.00035077994216040103
0.0004423676035140076
0.0005062655332079685
0.0005888413313773159
0.0006102953485320229
0.0006702772101893496
0.0006746157995374122
0.0006774061100595342
0.0006756219956110086
-0.0006213850441143319
-0.0004462935998924227
-0.00027180842298906214
-0.00020108654391516096
-0.00003462581559880566
0.00014203309501030156
0.00023658484777980268
0.0003245736692376809
0.0003810524416157482
0.00046211584301478225
0.0005382351761053904
0.0005571120273071113
0.000571579357611873
0.0005785963787675092
0.0005850522420439514
0.0005398034027377391
0.0005098368356170695
0.00043163695034344695
0.0003544475797832066
0.0001792791292044259
0.00011719704544161976
0.000010619434260497282
-0.00020343874119629888
-0.0003450143505004301
-0.0005109322137813755
0.0006736480560419018
0.000733393599187503
0.0007544454084270243
0.0007533594463985798
0.0007465742502091349
0.0007203644432084621
0.0006502026810945035
0.0005791030680015645
0.0005113764814015697
0.00037070856790418334
0.0002571274800657838
0.00020103924261110674
2.020378051148821e-6
-0.00005401382861574776
-0.00021221906677309788
-0.0002942335058604852
-0.0004297314279043472
-0.0005205458367591459
-0.0006053085117638173
-0.000688177534292946
-0.0007536696295872114
-0.0007992893815368037
-0.0008390195485143669
-0.0008459836518476871
-0.0007876080640910024
0.000670325007012429
0.0005202666698851331
0.0003455372316444661
0.0001455341238018639
6.7688397081373734e-6
-0.00008779627008098618
-0.00026317562113843055
-0.0003670269280871917
-0.00048040513293979507
-0.0005490756309909938
-0.0006124706903989155
-0.0006590565731974741
-0.0006886338910133899
-0.0006873537259677436
-0.0006720355366180116
-0.0006293859701128479
-0.0006177839471235309
-0.0005025007529653572
-0.000382526898462035
-0.0002706007817552076
-0.00015916847798923557
0.00010383179180569191
0.0002099175497714347
0.000376937363928709
0.0005725350637113243
-0.0008005851301502164
-0.0008771123368960086
-0.000898438359551228
-0.0009118663122828157
-0.0008785172734098292
-0.0008347819700469563
-0.0007631433407385056
-0.0006656429271365064
-0.0005587511903286291
-0.0004755508263322545
-0.00031620928978647685
-0.00019250055794593153
-0.0000787529584260855
0.00008020745570367766
0.00019279882671560444
0.0003840398192552636
0.000553731380586723
0.000607072382857643
0.0007286456334168433
0.0008112352865263765
0.000897549967230102
0.0009378263084913059
0.0009864348487060395
0.0009786520369181257
0.0009668984131689218
-0.0008054907862596997
-0.0006044763564671064
-0.0004289138002876391
-0.0001692172732443823
-3.926633937916443e-6
0.0001627792194303295
0.0002732156627028486
0.00043012777953829463
0.0005860953196702525
0.0006673891218376746
0.0007475492198867029
0.0007656689456613558
0.0008092087697716997
0.0008000256968828898
0.0008169604902559032
0.0007434701201597843
0.0006867462622521833
0.0005599155258489809
0.000492394356701895
0.00031440898277932425
0.00010377471089490424
7.46219914967192e-6
-0.0002603948781462518
-0.0004658026376243194
-0.0007024134167240014
0.0009565285657579176
0.0010543110921157292
0.0010432779804783003
0.0010796082458036209
0.0010692236242689516
0.0009534659858451736
0.0009114059075211135
0.0008206112185541729
0.0006956049417837042
0.0005262851271399429
0.00044730231868293015
0.00021766268398274322
0.00007075166128370454