1.509335006829921e-20
-3.9962464094344113e-16
-1.0146645795467537e-14
-7.12189928254643e-14
-2.8871521381702327e-13
-8.617357991538226e-13
-2.115228696240615e-12
-4.533124045511655e-12
-8.793105016190166e-12
-1.580337651884509e-11
-2.6741817144992614e-11
-4.309793596741901e-11
-6.671807767618162e-11
-9.985437006535803e-11
-1.4521795114621692e-10
-2.0603706312544784e-10
-2.8612066972583055e-10
-3.899283190581534e-10
-5.22647056082033e-10
-6.902762864566241e-10
-8.997215991809077e-10
-1.1588986744987172e-9
-1.476848548882467e-9
-1.8638656710961037e-9
-2.3316403582586843e-9
-2.8934174951594062e-9
-3.564173529980333e-9
-4.360814140093078e-9
-5.30239522507192e-9
-6.4103702927691764e-9
-7.708867711066483e-9
-9.22500180319093e-9
-1.098922234292606e-8
-1.3035707692254014e-8
-1.540280756656244e-8
-1.8133542374992274e-8
-2.127616710098835e-8
-2.4884808964192022e-8
-2.902018955433343e-8
-3.375044385175624e-8
-3.915205056235434e-8
-4.5310890613811523e-8
-5.2323453473506704e-8
-6.029821430233504e-8
-6.93572090478168e-8
-7.96378392189059e-8
-9.129494399874427e-8
-1.0450318409524512e-7
-1.1945979008748653e-7
-1.3638773807791397e-7
-1.5553942756028864e-7
-1.772009513063469e-7
-2.0169706506262814e-7
-2.2939698712971752e-7
-2.607211850900979e-7
-2.9614934081063425e-7
-3.362297265461118e-7
-3.81590277446471e-7
-4.3295171086772827e-7
-4.911431254945337e-7
-5.571206172554141e-7
-6.319895816071353e-7
-7.170315411324453e-7
-8.137365555403375e-7
-9.238425532999707e-7
-1.0493832920913667e-6
-1.1927471377161742e-6
-1.356749488976771e-6
-1.544722525380785e-6
-1.7606270947829297e-6
-2.009193102506788e-6
-2.296096873494348e-6
-2.6281868716154664e-6
-3.0137732205769447e-6
-3.4630021963320107e-6
-3.988345028941914e-6
-4.605242156060123e-6
-5.332961363846587e-6
-6.195753966923727e-6
-7.224432038070707e-6
-8.458549455053109e-6
-9.949463194916143e-6
-0.00001176470121796
-0.000013994308815998032
-0.00001676025782486441
-0.00002023071613993793
-0.000024642247230086744
-0.00003033536225545621
-0.000037813380010618484
-0.000047843700319583956
-0.0000616401028048152
-0.00008120901896626072
-0.00011005154037190372
-0.00015470628390107036
-0.00022850811770219778
-0.00036208559350011147
-0.0006388731420512334
-0.0013563379025671827
-0.004277017750395646
-0.06416210150450405
-0.02098150533511119
-0.003344934013425073
-0.0013478821973962887
-0.0007395999364845994
-0.0004743956246208943
-0.00033438651458691116
-0.000251045925574478
-0.0001971644168356878
-0.00016015646489250684
-0.00013353321412816233
-0.00011366508286156043
-0.0000983885439358138
-0.00008634633700085705
-0.00007665043585434976
-0.0000686989579833445
-0.00006207148908869373
-0.000056466600331925194
-0.000051663146731707415
-0.000047495514150679814
-0.00004383733549488663
-0.00004059050724379681
-0.00003767761283557304
-0.00003503658822675639
-0.000032616894376757076
-0.000030376721462546028
-0.00002828091102453298
-0.00002629938465222085
-0.000024405934071786106
-0.00002257727113061389
-0.000020792265321971536
-0.000019031316212974172
-0.000017275821563092317
-0.000015507711078535252
-0.000013709021921929809
-0.000011861496121944612
-9.946182434591123e-6
-7.943026320299793e-6
-5.83043169265972e-6
-3.5847770219709593e-6
-1.1798661842074111e-6
1.4137090181912124e-6
4.229322740282944e-6
7.305220468551074e-6
0.000010685620561874802
0.00001442206979812096
0.00001857512879129536
0.000023216487998217535
0.00002843164955540619
0.00003432335863820045
0.00004101603668880828
0.00004866156741744427
0.00005744692977608178
0.00006760438346097024
0.00007942522917670017
0.00009327864841790762
0.00010963787661363516
0.00012911715002039123
0.00015252478884116531
0.00018094096997542608
0.00021583418737040305
0.00025923997582134384
0.00031404291297700834
0.0003844359287574878
0.00047669630718524505
0.0006005540039958982
0.0007717296286979271
0.0010169376007775335
0.0013845155424537128
0.0019692437340258226
0.00297791143682098
0.004934506504677121
0.009505386449715408
0.024570783174583458
0.14846999270709033
0.8202216078060316
0.04477020300345216
0.014592205797688116
0.007221133185986108
0.0043270269946260025
0.002894082825890223
0.0020784897928290556
0.0015687632151453106
0.0012280025131553435
0.000988287714967773
0.0008127669726898641
0.0006800166849452253
0.000576878923694021
0.0004949016564149081
0.00042844900053987345
0.0003736419994894657
0.00032773719054602523
0.0002887475539054533
0.00025520340555124484
0.0002259970769661195
0.00020027937683803092
0.00017738896236745035
0.00015680315158861968
0.00013810301711744165
0.00012094818286532939
0.0001050583309281089
0.00009019942298906827
0.00007617328085980715
0.00006280958959464978
0.00004995966536326338
0.000037491518724054464
0.00002528587283931506
0.000013232885503659213
1.2293861021209296e-6
-0.000010823517758722572
-0.000023022578885762948
-0.00003546438848755694
-0.00004824727408423916
-0.00006147318985153694
-0.00007524966860740975
-0.00008969190564544329
-0.00010492504952033338
-0.00012108678437107528
-0.0001383303027182192
-0.00015682778836070087
-0.00017677455712369064
-0.00019839404185992952
-0.00022194386008582081
-0.0002477232732368357
-0.0002760824425803288
-0.00030743401867642866
-0.0003422677832891338
-0.00038116931753866875
-0.00042484402918539316
-0.00047414838614387314
-0.0005301309472047921
-0.000594086874294558
-0.0006676312410096255
-0.0007527989258291773
-0.000852182699588993
-0.0009691271392073997
-0.0011080057018592686
-0.0012746243073803551
-0.0014768219263936607
-0.0017253861051860799
-0.0020354870688289372
-0.0024289949478742572
-0.002938360210105537
-0.003613388125408488
-0.004533661610077853
-0.005832706291719878
-0.007748517054539399
-0.010739230992114653
-0.015781023824684503
-0.025268446668385507
-0.04645046574740483
-0.11066688930561698
-0.5189218697365309
-20.709056156043307
-0.30628747870137774
-0.08726157938862139
-0.040760384944517045
-0.023581994193174957
-0.015381686621974441
-0.010832733394873192
-0.00804597169219067
-0.006213721498231443
-0.004943477295898748
-0.004025735125445107
-0.0033403368333917048
-0.0028143298356260666
-0.002401324073426197
-0.0020706658824702607
-0.0018014329810220869
-0.0015789435810726203
-0.0013926444101078862
-0.0012347882834959118
-0.0010995808932618258
-0.000982615643678443
-0.000880490444289438
-0.0007905423979644763
-0.0007106606277741891
-0.0006391519579813461
-0.0005746430092180295
-0.0005160078017592859
-0.0004623134983454545
-0.0004127792233514692
-0.0003667444248073351
-0.00032364427699428915
-0.0002829903266181691
-0.0002443550754392172
-0.0002073595350427747
-0.00017166303336603353
-0.00013695472625129988
-0.00010294639251733804
-0.00006936618101007394
-0.00003595304222721491
-2.4516224310185506e-6
0.000031392571760764284
0.00006583791183931445
0.0001011514545544995
0.0001376139844530728
0.00017552546935676195
0.0002152111269826262
0.0002570283334740191
0.0003013746507678746
0.00034869731530823853
0.00039950461853591955
0.00045437973065849484
0.0005139976831652606
0.0005791464505624729
0.0006507533811494175
0.000729918657293613
0.0008179580693915662
0.0009164582461524538
0.0010273487160582704
0.0011529969728684435
0.0012963353733868137
0.001461032689298078
0.0016517292364730855
0.001874364014844869
0.002136637421595339
0.0024486777268361883
0.0028240206222806836
0.0032810817751274045
0.003845427502147487
0.004553378623816424
0.005457922390544146
0.00663878871518749
0.008220410932514723
0.010405692028297124
0.013543711308382618
0.018276755401216982
0.025893715167314885
0.039301502281292276
0.0662458904493091
0.1335190898938022
0.39144659476098526
4.39740754295645
2.202829750331701
0.31354964871953545
0.11908472710782914
0.06229928994471819
0.03826294139269015
0.02587893226915782
0.018664757710476796
0.01409233617382269
0.011009906297149229
0.008831559446935509
0.007233563895705292
0.006025152743784418
0.005087950517048957
0.004345317001420651
0.003745836854460389
0.0032539570436882614
0.002844441431307875
0.002498961528723087
0.002203931702936781
0.0019490950603975887
0.0017265761777563267
0.0015302320729825003
0.0013551982856235792
0.0011975653118777802
0.001054143751144267
0.0009222907949064941
0.000799779687277784
0.0006846995784920984
0.0005753769692527776
0.0004703124445738112
0.00036812804999000916
0.0002675217532194172
0.00016722612512166268
0.0000659687690225968
-0.00003756781937166223
-0.0001447893441418881
-0.00025723843408009166
-0.00037665224887420087
-0.0005050331461583263
-0.0006447380200029207
-0.0007985940952105638
-0.0009700522628761008
-0.0011633940923550295
-0.0013840165129084178
-0.0016388305879777678
-0.0019368309028500346
-0.0022899253724226903
-0.0027141718848208095
-0.0032316674711719206
-0.0038735157853534616
-0.004684638294937411
-0.005731864028436044
-0.007118121611203712
-0.009008616793537516
-0.01168211571388428
-0.015639114904136695
-0.02185222792041736
-0.03242032458484274
-0.05258427538911837
-0.09863712795815173
-0.24418512483857466
-1.2516251144118895
-5.5419367281452026
-0.45671218737696617
-0.1471861388682999
-0.07153038893503495
-0.04210009190622548
-0.027669899281880232
-0.01953252690935459
-0.014490817348313331
-0.01114724058541257
-0.008812036644020048
-0.007112735152486898
-0.005833700482792383
-0.004842923332762538
-0.0040557608014098545
-0.0034157421615645753
-0.0028838289215580085
-0.002432110592124643
-0.0020399395059783015
-0.001691456769533476
-0.0013739303013378472
-0.0010765665659683411
-0.0007895826868643543
-0.0005033869222152721
-0.00020773570086803653
0.00010927962814130385
0.0004626220542444987
0.0008724117090363237
0.0013673545096538112
0.0019906919474735004
0.002811167906996251
0.0039446169858205786
0.0055998823396439116
0.00818632211240084
0.012598862359931011
0.021113548158740583
0.04099306347760913
0.10624318411052405
0.5578516193518386
0.836153222558983
0.1336750316571589
0.048431654644177244
0.02450809736185232
0.014676819301324936
0.009718485700397277
0.006877750631751918
0.005102383989624454
0.003920631067250114
0.003095520480409756
0.0024974563646678366
0.0020507253845222246
0.0017086933537257404
0.0014413670249490852
0.0012287474318633898
0.001057086134424479
0.0009166809199689279
0.0008005278016265974
0.0007034692124700134
0.0006216401187814741
0.0005520986561081795
0.0004925742375931319
0.00044129230027851145
0.00039685015728893326
0.00035812760968534336
0.00032422162705084655
0.00029439796766904635
0.0002680548996715835
0.00024469568553312643
0.00022390749320929334
0.0002053450753710996
0.00018871802454138625
0.00017378073698595103
0.00016032444771523733
0.00014817086290703024
0.00013716703445980445
0.00012718120783971189
0.00011809943803600475
0.00010982281582720624
0.00010226518206494575
0.00009535123454736124
0.00008901495251574492
0.00008319827951175323
0.00007785001746753402
0.00007292489434211991
0.00006838277499378616
0.00006418799080338503
0.00006030876815140063
0.000056716739525812065
0.00005338652395719423
0.00005029536583531626
0.000047422823063986846
0.000044750497043943185
0.00004226179824227238
0.00003994174212068997
0.00003777677104722967
0.000035754598505898443
0.00003386407249486928
0.0000320950554831753
0.000030438318687107308
0.0000288854487682693
0.000027428765324852092
0.000026061247786045578
0.00002477647051839742
0.00002356854511291694
0.000022432068972655703
0.00002136207942798242
0.00002035401272637541
0.000019403667308949763
0.00001850717088377833
0.000017660950852923427
0.00001686170771312712
0.000016106391096978565
0.000015392178161602304
0.00001471645406711074
0.000014076794319565635
0.000013470948778547136
0.000012896827152020866
0.000012352485825013351
0.000011836115882259414
0.000011346032202975132
0.000010880663519243566
0.000010438543340230967
0.000010018301656131734
9.618657346253393e-6
9.238411218617736e-6
8.876439623904576e-6
8.53168858330659e-6
8.203168385405523e-6
7.889948603149402e-6
7.591153491560436e-6
7.3059577319993135e-6
7.033582485218344e-6
6.773291728015547e-6
6.524388841859398e-6
6.286213432324103e-6
6.05813835228233e-6
5.839566913025353e-6
5.629930259427906e-6
5.4286848936135665e-6
5.2353103314962385e-6
5.0493068740000816e-6
4.870193481767354e-6
4.69750573773575e-6
4.530793886262052e-6
4.3696209351241664e-6
4.213560810631297e-6
4.062196553013216e-6
3.915118543005618e-6
3.771922746982807e-6
3.6322089725331175e-6
3.495579121794839e-6
3.3616354331452283e-6
3.22997870349171e-6
3.1002064749922364e-6
2.971911178887753e-6
2.8446782273763282e-6
2.718084035539374e-6
2.5916939685203775e-6
2.465060195366179e-6
2.3377194392391165e-6
2.2091906100731184e-6
2.0789723028468614e-6
1.9465401454449135e-6
1.811343982015911e-6
1.6728048688103875e-6
1.5303118655265654e-6
1.3832186009409855e-6
1.2308395872019204e-6
1.0724462596635638e-6
9.072627148615629e-7
7.344611151103144e-7
5.531567307094586e-7
3.624025809731003e-7
1.6118363809393625e-7
-5.158944830098528e-8
-2.770871515679426e-7
-5.16568444599475e-7
-7.713888063865194e-7
-1.0430089151758858e-6
-1.3330041014731894e-6
-1.6430746229664051e-6
-1.9750568495260456e-6
-2.3309354325779507e-6
-2.712856572476909e-6
-3.1231424631589565e-6
-3.5643070508162004e-6
-4.039073219690666e-6
-4.550391545633661e-6
-5.101460770393115e-6
-5.695750166143898e-6
-6.337023968170677e-6
-7.029368085360822e-6
-7.777219310741083e-6
-8.585397271611861e-6
-9.459139407726359e-6
-0.000010404139257483372
-0.000011426588404857355
-0.000012533222435355173
-0.000013731371319156207
-0.000015029014664708786
-0.000016434842340335154
-0.000017958321008835853
-0.000019609767191376008
-0.000021400427524915092
-0.000023342566965976576
-0.000025449565771718
-0.00002773602616485069
-0.000030217889723548128
-0.000032912566604522516
-0.000035839077890273773
-0.00003901821242472505
-0.00004247269973564756
-0.000046227400742953785
-0.00005030951821577703
-0.00005474882910832705
-0.000059577941195781565
-0.00006483257667715227
-0.00007055188574266828
-0.00007677879344315946
-0.00008356038360943283
-0.00009094832397178477
-0.0000989993371886201
-0.00010777572299161901
-0.00011734593731267329
-0.00012778523499070156
-0.00013917638340560194
-0.00015161045533144545
-0.00016518771031703662
-0.00018001857503353869
-0.00019622473435592727
-0.00021394034641541738
-0.00023331339655104186
-0.00025450720691643506
-0.00027770212077140693
-0.0003030973827988155
-0.00033091323966279575
-0.00036139328810698494
-0.0003948071015511885
-0.0004314531701851571
-0.0004716621941786157
-0.000515800775130632
-0.0005642755566444255
-0.0006175378721767364
-0.0006760889660132959
-0.0007404858623772409
-0.0008113479681678378
-0.0008893645065747493
-0.0009753028927392825
-0.0010700181781158299
-0.0011744637085955574
-0.0012897031619463087
-0.0014169241544191929
-0.001557453633892278
-0.0017127753090035232
-0.0018845494005449385
-0.0020746350442282825
-0.0022851157235457037
-0.002518328168538723
-0.0027768952232464245
-0.003063763261881505
-0.003382244823740009
-0.0037360672417782897
-0.00412942816229407
-0.004567058995304132
-0.005054297502367057
-0.0055971709238580155
-0.006202491275435481
-0.00687796471268956
-0.007632317176389089
-0.008475438901907568
-0.009418550811487562
-0.010474396321603676
-0.011657462704157812
-0.012984236856372372
-0.014473501182282423
-0.016146676293188673
-0.018028218427801963
-0.020146080908341486
-0.022532250635565344
-0.025223372636438167
-0.028261478073076298
-0.03169483398997162
-0.0355789365031488
-0.03997767324888473
-0.044964685835689217
-0.05062496898090216
-0.057056750140709336
-0.06437370205067224
-0.0727075509749974
-0.08221115601180415
-0.09306214999695137
-0.10546725096178573
-0.11966737544414266
-0.13594371211517706
-0.15462494721556255
-0.1760958735318556
-0.20080766370917533
-0.22929014854800636
-0.2621665140347558
-0.3001709201785584
-0.34416965386449955
-0.3951865613907742
-0.4544336693503451
-0.5233481016257823
-0.6036366429562291
-0.6973295950487151
-0.80684592967407
-0.9350721765770881
-1.0854580050587135
-1.262132079127798
-1.4700424996664858
-1.7151269992107994
-2.004519024344901
-2.346796907690681
-2.7522844447508357
-3.233412245082182
-3.8051500264650806
-4.485520218965797
-5.296202252680698
-6.2632337338626405
-7.417807753005709
-8.797152184232742
-10.445452791859973
-12.4147404648989
-14.765593125794885
-17.56738761178713
-20.89764893496947
-24.83974102873568
-29.477657504931614
-34.885899272736864
-41.111208670086945
-48.14102597817628
-55.85058758793915
-63.91608794312721
-71.67459841646325
-77.90166068082824
-80.46391868428425
-75.78682784815183
-58.058757809928956
-18.081106589091657
58.30854633809938
192.21650825096847
413.7740200894307
763.37009004104
1289.7840454948846
2040.7004804023895
3037.9322199951825
4227.188894078835
5395.641354944796
6070.977424100983
5466.729562444073
2614.3096863294554
-3151.22142379155
-11369.005085202069
-19794.36198823146
-24815.037857248884
-23347.131741453886
-15069.684472263007
-2955.0427285279225
8563.112659833929
16150.42574696617
18839.628482227694
17594.451738842086
14134.553123433936
10000.098878988041
6172.598724595789
3097.456289425592
860.9435877322321
-634.2693927748195
-1549.5648506529697
-2046.1998819858554
-2258.730449755758
-2289.0232922375258
-2209.4758700169073
-2069.1812448872683
-1900.1222358153802
-1722.316495000293
-1547.7085612970081
-1382.9545218904916
-1231.341631056421
-1094.0759818912898
-971.1273313890067
-861.7722494512046
-764.935990133925
-679.4022995799064
-603.9378621029778
-537.3623985750476
-478.58475704356516
-426.6181834522094
-380.583232095666
-339.7036749058741
-303.2987536746699
-270.7738212053448
-241.61058661125153
-215.35765549844575
-191.62172767672274
-170.05961507613569
-150.37112197187008
-132.2927618922719
-115.59224884339733
-100.06368271239216
-85.52334459465301
-71.80601783381886
-58.7617560351646
-46.25302530262695
-34.15215470582415
-22.33903563032213
-10.699016741065448
0.8790543200826114
12.504685604756476
24.287533211525947
36.33916683476216
48.77484595341318
61.715335574875
75.2887946370387
89.6327617986074
104.8962624674545
121.24205398947905
138.84901487413708
157.9146714569839
178.65783585886228
201.3212836887684
226.17436712608045
253.51537290833585
283.6733236373821
317.0087816590953
353.9129703378429
394.8042250425298
440.1203382880791
490.30475416549734
545.7837614501121
606.9307403970638
674.0121718672245
747.1085321157783
826.0014041912196
910.0166801535346
997.8130598027117
1087.106776720579
1174.3292809802815
1254.227785277584
1319.4431995555128
1360.1378276591943
1363.7979392671914
1315.3954643825423
1198.1363760918737
995.0170428415026
691.3077731638999
277.8600144869174
-245.19086707503726
-865.0841858987782
-1554.3971827404844
-2271.1856467607063
-2961.793727112159
-3566.249972980025
-4025.5225064881924
-4289.377981202623
-4323.338633646905
-4113.376338627155
-3667.5536341921456
-3014.598856405203
-2200.10489279954
-1281.3634712499602
-321.73076044930986
614.9257944529737
1469.4343714646736
2191.989225949499
2745.9310041481995
3110.1509675243174
3279.6755324749843
3264.3401190498957
3085.9279772080636
2774.50091433832
2364.7009120488874
1892.5770611050891
1393.1297151137915
898.4702345668693
436.37226690661186
29.060155865668396
-307.75280163124273
-565.4056184495668
-742.2092767371506
-842.6620295664611
-876.0726120335413
-854.8603257514008
-792.8448126277956
-703.764403247618
-600.1430377450898
-492.52594164620444
-389.05585699568866
-295.3530959413842
-214.66013789306584
-148.19625464204927
-95.64406140774886
-55.67428551477462
-26.42399304823721
-5.872411086376655
7.905142914975212
16.595207408011486
21.58999862183772
23.987551559206754
24.62284178510923
24.11165749015747
22.895983493866456
21.284983929124998
19.489213569586703
17.647743968646544
15.848901945383103
14.145692838386536
12.567030549745667
11.125768488896176
9.824354010825948
8.658750314222015
7.621115145434878
6.701598701250931
5.889524858989337
5.174145460317003
4.545102471810001
3.992692988185127
3.5080033036835747
3.0829579026340252
2.710314801832217
2.3836285621757107
2.0971952515665016
1.8459887668763135
1.6255945662829399
1.4321445855994337
1.2622555723275775
1.1129720369365312
0.9817143661312714
0.8662321955917336
0.7645628932283965
0.6749948431622919
0.5960351426123425
0.5263812951235421
0.4648964778203596
0.4105879835361755
0.362588459667963
0.3201396020683615
0.2825779938180232
0.2493228144641546
0.21986517454409374
0.19375886198485015
0.17061231268157462
0.15008164131793292
0.1318645908576491
0.11569527660006024
0.10133961889648554
0.0885913711320809
0.07726866368257836
0.0672109945234515
0.05827660689652282
0.05034020252414098
0.04329094581966713
0.03703072076769025
0.03147260714926041
0.026539547440837776
0.022163179577544895
0.018282814049204635
0.014844536767140634
0.011800421541938003
0.009107838219981117
0.00672884436314763
0.0046296499138744965
0.00278014572499628
0.0011534879864226
-0.0002742683700206622
-0.0015244933173468548
-0.002616267688856825
-0.0035666360274099577
-0.0043908303313146164
-0.005102468196625155
-0.005713728415446963
-0.006235506708274288
-0.0066775539367149245
-0.007048598853807342
-0.007356457197073487
-0.007608128709287177
-0.007809883479690277
-0.00796733883107923
-0.008085527832091021
-0.008168960383964372
-0.008221677719661695
-0.00824730105601738
-0.008249075047589528
-0.008229906624211612
-0.008192399718661746
-0.0081388863356125
-0.008071454363564694
-0.007991972483368652
-0.007902112484702246
-0.0078033692738392465
-0.007697078816142164
-0.007584434235482639
-0.007466500265364699
-0.007344226225223242
-0.007218457678991178
-0.0070899469106051735
-0.00695936234255083
-0.006827297005157778
-0.006694276156041132
-0.0065607641355104164
-0.006427170538237249
-0.006293855768879277
-0.006161136045543881
-0.006029287906611661
-0.005898552271054407