0.14285738372396825
0.14288629190697658
0.14296342078519497
0.14308888064234349
0.14326285109220738
0.14348558165645414
0.14375739256947356
0.14407867581492106
0.1444498964000266
0.14487159387515786
0.1453443841076341
0.14586896132037316
0.14644610040764175
0.14707665954198798
0.14776158308838147
0.14850190484368397
0.14929875162186887
0.15015334720789036
0.15106701670584474
0.15204119131005903
0.15307741353105844
0.15417734291201787
0.15534276227536148
0.15657558454368345
0.15787786018418362
0.15925178533142176
0.16069971064947244
0.16222415100159393
0.16382779600344013
0.16551352154474208
0.16728440237442907
0.16914372585551618
0.17109500700893268
0.1731420049800638
0.17528874107835346
0.17753951855922143
0.17989894433911507
0.1823719528591916
0.18496383234142147
0.18768025371340383
0.19052730251560693
0.1935115141479458
0.19663991286257118
0.1999200549676891
0.20336007677459286
0.20696874789860314
0.21075553061637098
0.21473064608952894
0.218905148391054
0.2232910074196709
0.2279012019637643
0.2327498243851791
0.23785219864192905
0.2432250136657343
0.24888647446614245
0.2548564737610268
0.26115678745014864
0.2678112978752273
0.2748462495730905
0.2822905431618421
0.2901760741467772
0.29853812484867354
0.3074158194141201
0.31685265405953555
0.32689711745049904
0.3376034195883596
0.34903235198278276
0.3612523075212649
0.37434049569561
0.3883843982433821
0.40348352254143854
0.4197515262647991
0.43731880832167225
0.4563356899133924
0.4769763486408963
0.4994437220889183
0.5239756714458728
0.5508527996824136
0.58040846658506
0.6130417560413616
0.6492344631450636
0.6895736338983213
0.7347818966943549
0.7857589198108952
0.8436390658747837
0.909873139565192
0.9863468535882366
1.075556810352622
1.180879444510291
1.3069957456918153
1.460588279828264
1.6515385453161366
1.8951006086968845
2.2161257569730606
2.658017370079197
3.3040126226262836
4.336481643696247
6.247068635631348
10.974794615159416
42.079793523330295
-23.83645357786402
-9.433886979145827
-5.940003165686031
-4.367366053823484
-3.4742063875046023
-2.8992472809840066
-2.4988102787734867
-2.204431974613561
-1.9793434214961725
-1.8020334858368616
-1.6590798962154896
-1.5416752425598874
-1.4438018797354317
-1.3612096047017834
-1.290812303016676
-1.230316064057529
-1.1779814022727886
-1.1324663743367178
-1.0927202178542688
-1.0579095093130872
-1.027365816639355
-1.000547897633573
-0.9770139513716546
-0.9564009506598629
-0.9384090492139823
-0.9227896840282573
-0.909336408599345
-0.8978777728572325
-0.888271758004493
-0.8804014086558638
-0.8741713997362616
-0.8695053439683434
-0.8663436957182674
-0.8646421440505198
-0.8643704159036062
-0.8655114320227497
-0.8680607755972001
-0.8720264478642318
-0.8774288973478525
-0.884301320778684
-0.8926902448638987
-0.902656409678365
-0.9142759873083087
-0.9276421843854612
-0.9428672954044657
-0.96008529664359
-0.9794551000302347
-1.0011646250639
-1.0254358986796703
-1.0525314630888158
-1.082762468025942
-1.1164989581049811
-1.1541830556637107
-1.1963460113797637
-1.2436304908603624
-1.296820051701349
-1.3568786497751886
-1.4250043742049812
-1.5027037511101813
-1.5918964073870252
-1.6950656041853724
-1.815479920704023
-1.9575286564017398
-2.127245349006779
-2.333155169503332
-2.587706804202905
-2.9098202242256614
-3.329716321050915
-3.898831060566132
-4.712388028866099
-5.968582438529516
-8.159320955514676
-12.934449580058164
-31.381210026610525
72.87083351154998
16.838906770019435
9.5177278042544
6.635593222904913
5.096055651635556
4.139273013410272
3.487787569885121
3.0161604215327036
2.659402368913127
2.3804767983211477
2.1567315382585304
1.9735345676184572
1.8210140769258782
1.6922691067187194
1.5823309391902265
1.4875317791669096
1.4051058240418952
1.3329286976776336
1.2693423255705656
1.2130342647581376
1.1629527131149378
1.1182454744221804
1.0782153614565295
1.0422871007216825
1.0099824278200242
0.980901109705071
0.954706318990423
0.9311132473668442
0.909880160246735
0.8908013131264445
0.8737013037611695
0.8584305437989006
0.8448616126774742
0.8328863145110376
0.8224133016007019
0.8133661604005984
0.8056818802501368
0.7993096440856988
0.7942098952033857
0.7903536460855821
0.7877220051818561
0.7863059060065509
0.7861060305097445
0.7871329258732866
0.7894073210917152
0.7929606573653929
0.7978358549426869
0.8040883491633968
0.8117874408055895
0.8210180213601079
0.831882753834411
0.8445048158882373
0.8590313470292223
0.875637788829204
0.8945333718897357
0.915968093298634
0.9402416551813062
0.9677150163525466
0.9988254725026331
1.0341065693271336
1.0742147378016471
1.1199654375894565
1.1723829999638826
1.2327706178438627
1.3028106512005708
1.3847117395360486
1.4814303329617982
1.597014584102503
1.7371574212438157
1.9101239703056863
2.1283864900757896
2.4116882132770305
2.7932414152596095
3.3335689793579206
4.155830814876649
5.555115578575392
8.459168162296374
18.0791147231503
-110.9705833899283
-13.570041152597481
-7.167775743739367
-4.8506813300867195
-3.6559039940605356
-2.9278625948044215
-2.4383388056014184
-2.0870435040876867
-1.8229972165374304
-1.6175431660655002
-1.4533354015487616
-1.3192601593434912
-1.2078681498465242
-1.1139797080317821
-1.0338820066239855
-0.9648445129238554
-0.9048146283740136
-0.8522199054135403
-0.8058357051420705
-0.7646943572170201
-0.7280213944645437
-0.6951898956855247
-0.6656872108145118
-0.639090322605672
-0.6150473407185042
-0.5932634211871303
-0.5734899268802491
-0.5555159938910438
-0.5391619063711673
-0.5242738465622836
-0.5107197019879913
-0.4983856937020808
-0.4871736485324955
-0.4769987812976881
-0.4677878847266572
-0.459477848499186
-0.45201444668494367
-0.4453513464866942
-0.43944930172300956
-0.43427550271788284
-0.42980306083370196
-0.4260106112024645
-0.42288202165542976
-0.42040619967101023
-0.41857699259071435
-0.41739317958064864
-0.41685855702980124
-0.4169821224387191
-0.41777836560560194
-0.4192676802419629
-0.4214769143870591
-0.42444008450425064
-0.42819928644117977
-0.4328058472383992
-0.4383217760567779
-0.44482159168214414
-0.45239463018224424
-0.4611479723201328
-0.4712101807401561
-0.48273610841940506
-0.4959131428284675
-0.510969400805509
-0.5281846132720398
-0.5479047787958085
-0.5705621911650081
-0.5967032795000842
-0.6270280529373441
-0.6624472034906395
-0.7041668213927964
-0.7538176529407089
-0.813658832989358
-0.8869114513434514
-0.9783299217472462
-1.0952355462389955
-1.2495162832290656
-1.4618404675058585
-1.7715890303771966
-2.264195393792301
-3.166076866444199
-5.336832628682562
-17.148339921058252
12.180445293581215
4.606716208818981
2.813463534387546
2.0164325305842006
1.5669447499129985
1.2788858258182492
1.0788718710715184
0.9321382160690306
0.8200927326766522
0.7318930769002199
0.6607908585405187
0.6023667631312282
0.5536061754588938
0.5123826863807044
0.47715390765063687
0.44677431775246795
0.4203757821954682
0.3972888292540789
0.3769893421193909
0.3590615905668344
0.3431720512707271
0.3290505226120729
0.3164762775181668
0.30526776354711116
0.29527484519144037
0.2863728984038395
0.27845827610512325
0.27144480431726314
0.26526106551800716
0.2598482937082579
0.25515875417700123
0.2511545164059878
0.24780655513710076
0.24509413536904626
0.24300445404112467
0.24153252607366488
0.24068131666511672
0.24046213664644067
0.2408953347825469
0.24201134203163968
0.2438521504932325
0.24647334785147954
0.24994688209563576
0.25436481016521023
0.2598444019675246
0.26653515157664
0.2746285301576335
0.2843717695289858
0.29608771631444164
0.31020407648332465
0.3272976277431888
0.34816311999251826
0.37392453823462035
0.4062225046341514
0.4475463005191177
0.5018596466551568
0.5758750979646373
0.681922160613995
0.8453318149755781
1.1274799034838414
1.7229364215378762
3.6471033105975086
-5.704855292741299
-2.194699442616924
-1.2428139902285598
-0.8564475945418186
-0.6492678254715937
-0.5207308505267098
-0.4335488291956009
-0.3707673995371222
-0.3235830430357667
-0.28697583313603225
-0.2578769571761998
-0.23430694087664808
-0.21493366160367983
-0.1988296572214556
-0.18533133726580725
-0.17395355939056675
-0.16433586264367567
-0.15620762286810433
-0.14936498612758453
-0.14365543367104958
-0.138967519542889
-0.13522432447640473
-0.13237981106913393
-0.13041772879093871
-0.12935312501113885
-0.12923697987281527
-0.13016514133670282
-0.13229383914085782
-0.1358661018945674
-0.14125749823489211
-0.14905843731481097
-0.16023077327913632
-0.17642883329155162
-0.20072511766966922
-0.239480123608977
-0.30811463881098117
-0.4539450327973931
-0.8284429766069692
0.7845320491755022
0.4097406677240174
0.23960251266386035
0.16234455599411193
0.1192800470099692
0.09214183725017557
0.0736345424400896
0.060304426959769224
0.05031236036322224
0.04259153777473462
0.03648168485409637
0.031552840604616016
0.02751334918248206
0.02415862751435373
0.02134109729556984
0.01895174796358954
0.016908404706905564
0.015148022188799345
0.013621481383160765
0.012289990893871755
0.011122544590037586
0.010094091305132157
0.009184194760326388
0.008376037422488833
0.007655669807126617
0.007011437665894197
0.006433539919009849
0.005913683927524774
0.005444814094142236
0.0050208963072225065
0.004636745339731438
0.004287885597842389
0.00397043798581597
0.0036810273869475785
0.003416706541683641
0.0031748930584464185
0.002953317012123824
0.0027499771310231084
0.0025631039911130963
0.0023911289587148954
0.002232657873386644
0.0020864486585287427
0.0019513922017046416
0.0018264959686542155
0.0017108699124491122
0.001603714317160265
0.0015043092781808576
0.0014120055722101439
0.001326216711141454
0.0012464120078795368
0.001172110509787925
0.0011028756782213887
0.0010383107114959437
0.0009780544242488543
0.0009217776091861725
0.0008691798181286265
0.0008199865083508706
0.0007739465079596966
0.000730829760475195
0.0006904253143348558
0.0006525395276426858
0.0006169944624962062
0.0005836264465852923
0.0005522847826639555
0.0005228305889773147
0.0004951357558551253
0.0004690820055571052
0.0004445600439828595
0.0004214687943093924
0.00039971470375348264
0.0003792111157207495
0.00035987770051373245
0.000341639938531919
0.0003244286506108707
0.0003081795707436143
0.00029283295694508435
0.00027833323650103145
0.00026462868224662566
0.0002516711168735522
0.0002394156425903688
0.0002278203937432342
0.00021684631024314585
0.0002064569298840672
0.00019661819780984733
0.00018729829158240242
0.00017846746045296492
0.00017009787756298134
0.00016216350395427994
0.00015463996333877462
0.00014750442671901038
0.00014073550601007367
0.00013431315589524504
0.00012821858324072656
0.00012243416342839304
0.00011694336305069324
0.00011173066844180664
0.00010678151958451055
0.00010208224895789738
0.00009762002494297648
0.00009338279943117845
0.00008935925930884838
0.00008553878153204154
0.00008191139151360349
0.00007846772458704658
0.00007519899031511888
0.00007209693944930414
0.00006915383334367872
0.00006636241566426378
0.00006371588622861475
0.00006120787684517409
0.00005883242901465338
0.0000565839733854773
0.000054457310853132884
0.000052447595201200075
0.000050550317212151236
0.00004876129016020022
0.000047076636610561726
0.000045492776480242806
0.000044006416283756345
0.00004261453953341916
0.00004131439824155489
0.000040103505486088356
0.00003897962902037763
0.0000379407858946952
0.00003698523806604016
0.0000361114889940122
0.000035318281203121514
0.00003460459481476867
0.00003396964704729265
0.00003341289269557696
0.000032934025594210264
0.00003253298109504875
0.00003220993956876581
0.000031965330968925216
0.00003179984049515336
0.00003171441538776705
0.000031710272909553015
0.000031788909571442587
0.00003195211165894449
0.000032201967131681034
0.00003254087898006888
0.00003297158011685089
0.000033497149915909806
0.00003412103248085027
0.00003484705680743084
0.000035679458908487655
0.00003662290610638327
0.000037682523615087476
0.000038863923592420544
0.00004017323686137973
0.00004161714750688814
0.00004320293056594385
0.0000449384930763042
0.00004683241875551376
0.000048894016589793724
0.000051133373702800984
0.00005356141281303011
0.0000561899547189436
0.000059031786206270264
0.00006210073386809153
0.00006541174435162525
0.00006898097158659878
0.00007282587161981992
0.00007696530573349655
0.00008141965258081336
0.00008621093016056769
0.0000913629285215851
0.00009690135415417858
0.00010285398717557695
0.00010925085244435572
0.0001161244059404527
0.00012350973776640553
0.00013144479340256807
0.0001399706148553391
0.00014913160362667625
0.00015897580755257036
0.00016955523378902056
0.0001809261904550686
0.00019314965967866254
0.0002062917050854034
0.00022042391710314812
0.0002356238997001393
0.00025197580271606266
0.00026957090419997163
0.0002885082477213064
0.0003088953401530706
0.00033084891592333166
0.00035449577441902313
0.0003799736979225711
0.0004074324582276103
0.00043703492092795433
0.0004689582573919477
0.0005033952754785143
0.0005405558811407268
0.0005806686846025179
0.0006239827659993876
0.0006707696172352375
0.0007213252784192845
0.0007759726894855068
0.0008350642796401578
0.0008989848198575534
0.000968154566596998
0.0010430327276352625
0.0011241212848234357
0.0012119692120537591
0.0013071771311927592
0.001410402453531432
0.0015223650594505225
0.0016438535751900271
0.0017757323118149974
0.0019189489393448844
0.002074542976525373
0.002243655186366079
0.002427537977289976
0.002627566921106387
0.002845253511283219
0.0030822592988649007
0.003340411558631907
0.0036217206546835254
0.00392839929333798
0.004262883871748821
0.004627858152579483
0.005026279519882753
0.005461408098053988
0.005936839044114122
0.0064565383550582636
0.007024882565529271
0.007646702745418677
0.008327333245375398
0.009072665674888214
0.009889208637373534
0.010784153783988993
0.011765448783623627
0.012841877837849411
0.01402315039338593
0.015319998716687678
0.016744284990978252
0.01830911856758753
0.020028983940112204
0.021919879902248862
0.02399947017801691
0.026287245555765573
0.02880469718746046
0.03157550019225181
0.034625705981939404
0.03798394073578071
0.041681606119143545
0.04575307653902775
0.05023588483556186
0.055170885112845826
0.06060237718649165
0.0665781715336841
0.07314956625971884
0.0803711978783739
0.08830071492296769
0.09699820658508887
0.10652529646231544
0.11694378240538152
0.12831366517087334
0.14069035817620076
0.15412080422052257
0.16863813738046415
0.1842544125159078
0.20095077166067093
0.21866421367757907
0.23726986429158547
0.2565572856752865
0.27619888800425124
0.295707869187267
0.31438225822428756
0.3312304976408579
0.3448724696689051
0.35340781090401896
0.3542405824482205
0.34384560914080436
0.31745671985325136
0.26865022836383534
0.18878763067825532
0.06626875648861791
-0.11447073314296997
-0.37430724054308534
-0.7412444455436374
-1.2528615620694232
-1.959619816306358
-2.9293327234860187
-4.253213782053235
-6.054059014649926
-8.497310463572589
-11.805988860875532
-16.280783626148267
-22.32693836215077
-30.4899339756865
-41.50225308639127
-56.34349114266531
-76.31531075384943
-103.13032787369907
-139.00828826876588
-186.76075691834748
-249.82155515278424
-332.13513924814737
-437.7344412694661
-569.7026439420966
-727.9964870296693
-905.3024413988941
-1079.7553275646749
-1203.2083169302362
-1184.4595592700884
-869.8377602619674
-31.196518425144067
1614.0965542849003
4307.841329465867
8032.5846718328285
12177.507353020417
15261.396185271753
15110.00130344473
9871.050601554109
-392.8904315135464
-12801.7943107512
-22755.567773975225
-26609.944824128223
-23734.64598897855
-16333.59388568347
-7629.559445589423
-138.15542721214908
4988.519887256644
7718.221348340306
8590.538830507452
8271.955577514886
7324.219129320663
6136.567399618882
4941.6877569024045
3858.586499852861
2934.3519276120824
2175.5089004554284
1568.508092534108
1091.847762152223
722.6134663819877
439.62364197118364
224.6609954816742
62.7050460716869
-58.30433554489461
-147.88363137304532
-213.45572023191485
-260.7657203675961
-294.2372727740066
-317.2649424947646
-332.44790271450967
-341.7735249366068
-346.7600112508187
-348.566398310229
-348.07700540817945
-345.96608537505733
-342.74724558409946
-338.81120970872325
-334.45467431767327
-329.90237296400016
-325.32396306071297
-320.8469610784715
-316.56666210302865
-312.55375163278694
-308.86014843294356
-305.5234891297126
-302.57056376104526
-300.01993959129175
-297.8839517034707
-296.17019542809385
-294.88262208656937
-294.02231244222287
-293.5879815264281
-293.57625162730136
-293.9817148628262
-294.79679553335563
-296.0114085264555
-297.6124011258636
-299.5827501585735
-301.90047563538565
-304.53721446824335
-307.4563804447418
-310.6108135832505
-313.93979501565576
-317.3652697461068
-320.78707801738426
-324.0769463661166
-327.07092830187463
-329.5599103087544
-331.2777217564412
-331.8862852444674
-330.9571563082333
-327.9487111789287
-322.1781896754249
-312.78782603929943
-298.7044558531105
-278.5924326324717
-250.80059527556764
-213.3054757993101
-163.6557938980369
-98.92738799738478
-15.70409428475098
89.89066948664993
222.075449193932
385.15571293267027
583.0703861810961
818.6750102753258
1092.7117886259623
1402.467146431583
1740.2153692057516
2091.693506755473
2435.020232718955
2740.5978425247804
2972.5223687085704
3091.8131178033964
3061.339991857266
2851.8150336095
2447.764216023306
1852.2015629563534
1088.8447947806767
201.1556989988478
-751.8152277293606
-1702.056564408391
-2580.364187182502
-3323.7953775143087
-3881.651970878283
-4219.457181077726
-4320.956795550956
-4188.433143077816
-3841.599812161203
-3315.1636917347773
-2655.093907411213
-1913.832085402344
-1145.0056002945682
-398.4643746574144
283.5735862925855
868.8291785134294
1335.739492784594
1673.094974681498
1879.0466962604655
1959.876438460004
1928.6886637745893
1803.979765690404
1607.9619938011713
1364.6044418439956
1097.5317543323029
828.0682771731539
573.7376490354387
347.4130843570096
157.1339845857631
6.45901037744962
-104.83141723376589
-179.854173870537
-223.68339446405048
-242.4361757017965
-242.4557988511085
-229.65908308936542
-209.0966951120299
-184.73888278888168
-159.45748329571404
-135.1458281152676
-112.91019248226469
-93.277376819088
-76.38219976716262
-62.1178923667907
-50.246243561798465
-40.4721493965132
-32.490296851149445
-26.011822026475922
-20.77756196340251
-16.562905981081858
-13.177751147026605
-10.463874106601137
-8.29115961062417
-6.553533575159817
-5.1650617959880165
-4.056437439626904
-3.17193894278531
-2.4668621520589
-1.905390463742805
-1.458850072130469
-1.1042932344093401
-0.823355041238384
-0.6013349915340478
-0.42646140027989865
-0.2893034347972415
-0.18230168427445148
-0.0993936343422809
-0.03571488613625373
0.012639263399099739
0.04880415760131083
0.0752978291319867
0.09414258754370321
0.10696231516873203
0.11506042757682594
0.11948239415076896
0.12106593460761537
0.12048136512020699
0.1182640590996332
0.1148405933789201
0.11054982423017973
0.1056598943547371
0.10038196589781315
0.09488131838099102
0.08928632144066269
0.0836956937002253
0.07818437636153991
0.07280828674649262
0.06760816553415919
0.06261268950762099
0.057840989321963104
0.053304684072422746
0.04900952427495177
0.04495671655961414
0.041143990007244446
0.03756645264448451
0.03421727750388119
0.03108825032837822
0.028170204953144023
0.02545336763862717
0.022927627617337024
0.020582747937679384
0.018408528085987114
0.01639492773105559
0.014532159210668055
0.012810754963084835
0.011221614954795315
0.009756038212208879
0.008405741799204787
0.007162869948129812
0.00601999554311486
0.004970115732130761
0.004006643101638788
0.00312339356625843
0.0023145719009994726
0.0015747556500472345
0.0008988780025828706
0.0002822100934756269
-0.00027965690747366954
-0.0007908296386085384
-0.0012551301085458467
-0.0016761128172721907
-0.0020570813192374816
-0.002401104145957798
-0.0027110300322303804
-0.0029895024134442274
-0.0032389731773036883
-0.0034617156667138146
-0.003659836942389
-0.0038352893185954694
-0.003989881194356651
-0.004125287204901669
-0.004243057721090561
-0.0043446277267505575
-0.004431325105472732
-0.004504378367162059
-0.004564923846505455
-0.004614012403633364
-0.004652615657066762
-0.004681631778207157
-0.004701890874890294
-0.0047141599912489136
-0.004719147748844084
-0.004717508653459007
-0.004709847090371148
-0.004696721029421051
-0.0046786454603711105
-0.00465609557731444
-0.004629509730083144
-0.004599292159201995
-0.004565815530002731