-1.600986422380844e-18
-3.708385983710739e-19
5.881596522583261e-19
9.489625278601205e-6
-0.000058681820181779565
-0.0003667929150617906
0.00004950268532516884
0.00036975882958563725
0.0006383376083898772
-0.00009964653527595621
-0.0005110477230481974
-0.00008460410176332454
0.000725600872855667
-0.0006124297336696695
0.00028963103573255607
0.0005484582968899456
0.0001159620202991894
-0.0010648326367996275
0.0008208420110337077
-0.0005204727403806008
-0.001021734239012083
-0.00014143663519513875
0.0014293470145067746
-0.0010857694917602008
0.00067638201109862
0.0013560518486317938
0.00017705118242823626
-0.001862295523107096
0.0013945888885570142
-0.0008796908754582879
-0.00159217135157376
-0.00017214677816932455
0.0022162113050379637
-0.0014811956756403699
0.0010569329083183739
0.0017948327537347865
0.00018169495300009015
-0.002657976329377372
0.0018572229132419564
-0.0012720084988359324
-0.0022364664816256394
-0.00017272202746353353
0.003014463807376725
-0.0020052289927182535
0.0014484130630243676
0.002518765682156196
0.00009314817428612536
-0.0033876797295087557
0.0021246077809428535
-0.0017624477047176212
-0.0026132567418552795
0.00004551487208557841
0.0037189265810150503
-0.001943671544624914
0.002155616878035832
0.0028652276851750193
-0.0004298788331232546
-0.00425993688839218
0.0011492654649932726
-0.003205054989771133
-0.0023735230721507582
0.002224329160001491
0.004872622985029679
0.06869764702853318
0.2016675740994281
0.34746759488563733
0.5443351871680753
0.5863965252999307
-0.0069725090025668625
-0.00611735695520565
-0.0023716876539663294
0.0030754369735806132
0.006943309913387472
-0.0034723739948569875
0.004236731313127942
0.005379141432914777
-0.0005597595268383604
-0.00831324650189325
0.005159845369906422
-0.004378876010628544
-0.006618291955794893
0.000012980303612509323
0.009270811243881736
-0.0060128418763058114
0.004819783681360924
0.0075315647037813935
0.00006715924003575998
-0.010486213293881278
0.006665750899721953
-0.005559994608739922
-0.008581379236180298
-0.00003860925158820169
0.011844195445423063
-0.007582065972857546
0.006278225672585463
0.009869667334216476
0.00004175301848204483
-0.013909302821591876
0.00920442524183911
-0.0074305272875970114
-0.011349704010620557
-0.00007545475220981668
0.015814815713841524
-0.010132023489383465
0.00853794257046073
0.013675965835714227
0.0001527132552349255
-0.01906387795868207
0.012785334714554043
-0.010584826203563076
-0.01602257164577362
-0.000055338240131742064
0.022267589795141915
-0.01477968693276311
0.012328482594661606
0.019611453726977007
0.00011557149714596886
-0.027568493522010424
0.019622795609092147
-0.016281797351545963
-0.02373787351661933
0.0001233039027139318
0.03298406573150677
-0.022942518765173944
0.019129557719804003
0.03147849994918812
-0.00010177113110492601
-0.0435880434545631
0.03664528836708764
-0.029399853007964737
-0.03965121113403923
0.0004044321912985884
0.05231557814945166
-0.0406631923341055
0.033571239345164115
0.0608018913838915
-0.00018107758542117505
-0.07711498030881145
0.15291749956258793
-0.1048603972013021
-0.0693454516693795
-0.000011142551966649254
0.043172441170519125
0.08055688674303654
0.08721096436829112
0.06714359341062917
0.0007508071628319536
-0.16636380852414698
0.08403187160061942
-0.10298053882334265
-0.3981799262319473
-0.0061898492695862785
1.0989261940319932
-0.836998276409207
1.0463020810834307
1.1972443092855398
0.027825334285914858
-3.6723127415105283
3.2951085184843616
-9.196906544737777
-15.409672886986229
-0.025160989397288495
3.8381913109665806
-1.0214915381959901
0.603729743098594
0.9075212591310897
0.02203402657638994
-0.7426958407759164
0.3012469916597062
-0.18360232626305967
-0.22882236202320538
-0.001439492939150218
0.23225546444792167
-0.1002584740061125
0.07050980807831951
0.1072843681444246
0.001978231934719162
-0.11750483640786918
0.05708343781569042
-0.03877807590911382
-0.059032956275694534
0.00028784757571638167
0.07007827240353576
-0.03346115494474654
0.025273675739259968
0.03655195803024646
0.000016959241139498917
-0.046804311375226046
0.021825213393647465
-0.017140641886624133
-0.025720584731948517
0.0012745339183010396
0.03276535768354698
-0.015254933830541328
0.014391270973693996
0.018488744310092065
-0.0009667957482512398
-0.025452596265239113
0.01101879779248972
-0.0114418220223477
-0.01428868831899193
0.0023738559425903485
0.019948893571100097
-0.00853241814059279
0.011142572818198361
0.011609248448927512
-0.0022914361738935645
-0.0181790689421572
0.006291617065354412
-0.009881767003851443
-0.010666883804454078
0.0038043372366253735
0.016928398056662772
-0.005208091035556547
0.010556587576771352
0.009293322889425611
-0.003985827043765964
-0.017065755003184975
0.003597751136373059
-0.01062327875464736
-0.010434358196245722
0.005458794166724659
0.016179714183370598
-0.0038741212000796737
0.01315841933704229
0.008696602293704099
-0.00563973473528088
-0.018252023035432108
0.0019728088558056377
-0.014653250816698035
-0.013619647198482927
0.010607539735822439
0.014343465970525788
-0.006591681824030565
0.026546909771924105
0.00625218725855563
-0.0039830882470212855
-0.00895079772433203
-0.011524143689036008
-0.010377299723528289
-0.005182278479279882
0.007526116437290792
0.045110214132798344
0.0005384588549545155
0.020519079004096295
0.02937381222884365
-0.04391604832089939
-0.04827605162767114
-0.004035013666181152
-0.044033958244482745
-0.021191838510310854
0.025407106729429963
0.08674914488742484
0.001884752484982419
0.05260438609396321
0.046798391928008304
-0.0774127826663281
-0.10660450678340216
-0.015943903368996797
-0.11082420382475265
-0.05446850298045724
0.07663007167616352
0.2502711497850955
0.018802093985106454
0.17706072211143645
0.16384437586814396
-0.32881166454700705
-0.45281981653682873
-0.11578962001820021
-0.6992019032011256
-0.32434905579969653
0.6425559712446081
3.005424193776004
0.264406336841745
5.483014803621048
57.56503664865071
-13.299173634105713
-17.25124512807108
-0.5097960512815378
-2.3892123357044355
-1.076769335198052
0.9848157445537573
0.7395455285374766
0.12060966180071425
0.409227444865957
0.11158659962879904
-0.19037337517867226
-0.35080308359593804
-0.03417591055788437
-0.17256017840278903
-0.05718962128090638
0.07508826982193513
0.11307051237740338
0.011373082325957979
0.07661315617638462
0.026465423453060678
-0.05775965327343923
-0.07625132518300456
-0.015084808224823517
-0.04392012904799189
-0.01648635458066162
0.02571266001755952
0.04167959259868652
0.008368500084310363
0.02838702968249795
0.009733386623469155
-0.022820743016816122
-0.030620667035882496
-0.007799118606147353
-0.021952079352469022
-0.009322521237705687
0.013516067144569927
0.019108606075742513
0.0036876792539220684
0.012942714632830272
0.004267078275441073
-0.011987707329581635
-0.018006650392073033
-0.004276410344667913
-0.012552639711419613
-0.005370259279839297
0.006091390101460407
0.00924663877620123
0.0013766119887363903
0.00670825869956816
0.0021098925643887505
-0.007704154378782831
-0.008877358499586967
-0.0026884282178608852
-0.007246807708713057
-0.0030675030721360416
0.00316550915877685
0.004841887900936989
0.0005903612344726771
0.0034868301036076656
0.0004832414954801769
-0.0045950930723534155
-0.005311230967433093
-0.001914924903911415
-0.0032038149038341552
-0.0011174824874142142
0.0017582688855004296
0.002540525367882586
0.000423236430327752
0.0017239064249758786
0.000058204778540332904
-0.002232625717760349
-0.0024812408358808272
-0.0012102893034660154
-0.001927454997722272
0.00018888212552274066
0.0007904383413252672
0.0011235657828559782
0.0002811132158603849
0.000526963582261147
-0.00014572206232270414
-0.0011494000348283519
-0.0010036303600348263
-0.0007375085512513006
-0.0006011417875193566
-0.00012061248725543301
0.00024120101627888018
0.00027653229529235916
0.0001685134363661439
-0.00008614435318456458
-0.0002869505754944652
-0.00029997443160194933
-0.00004383929879920555
-0.0006013028405581738
0.00047750537969659657
0.00012628281694940878
-0.00001309340838699654
-0.00005296363878492944
-0.00034377988153026686
-0.00024199183732991197
-0.00007163888192651802
0.00017133167664879913
0.0005913949504719904
0.00014561515348961122
0.0005822402747940745
0.0004113972323236767
-0.0006170559881484727
-0.00032345341162171124
-0.0002227739707860678
-0.0006654360733188462
0.000018125365519882916
0.000696310811352825
0.0009104538984972131
0.0005740767223164877
0.0010738446617709033
0.000490139503910128
-0.00040630158783510565
0.000019217420306131014
-0.000511523315857441
-0.0005262846064123925
0.0005523683526289177
0.0014663933992476229
0.0011643964207153617
0.001270229212323196
0.0015947617007170843
0.0007997711530490495
0.000047568170600223804
0.0009892784802441818
-0.0003628931166356746
0.00029795976305727225
0.0008197978289422131
0.0028513130472558124
0.001322770862916417
0.00255762736327131
0.0023285372034112964
0.0012387042368563858
0.0007688906058956916
0.0034757370579629825
-0.001472985676388833
0.0031028447990332202
0.00483976857092547
0.004208851861751288
0.0015604684705414168
0.007254131867004687
0.005875790416978936
0.0015013488485385999
-0.011176413660115828
0.01159522300629872
0.0026310263394826432
0.009394351135454353
0.014410477981500065
0.015254315206985702
0.001898406870294286
0.025427730716730938
0.013115554021908424
-0.0006835972765365703
0.011434195877736572
0.051812211433445436
0.011417649840980539
0.05011484178340793
0.08735617507224867
0.07418284900940142
0.00477914746018391
0.27186143983720734
0.18868448040594127
-0.01643551180454654
2.753241745409312
18.31135561346738
0.46897879626150374
0.8505526061233633
0.4625428442655092
0.29546936502007026
0.011400094729415321
0.1587400012502158
0.08186129228064117
-0.05037890921681007
0.01207472676929735
0.0568841075288723
-0.0036941148786208164
0.01966278085381877
0.02978428649704704
0.02160278381083122
0.00230281436115962
0.027653485782220502
0.01097783575452474
-0.0001867984801851815
-0.0013913829346101417
0.01094628504209747
-0.00421182688111669
0.0021766547681514896
0.009192545822258076
0.008709571728910457
0.002145469870865111
0.00960822659203725
0.006515611658563661
-0.0007600859843786122
-0.0016641645864956271
0.003283566883889521
-0.00455807594650072
-0.0009751241261334271
0.0038879607663410416
0.005845660149499202
0.002132981442901807
0.006215094374762692
0.005079711499568083
-0.0005642806466373449
-0.002880863569227975
0.0006091939314796758
-0.005331068417971998
-0.0025059608829705363
0.001804922173210336
0.00428333533502528
0.002172936768093273
0.004219845983146915
0.005169023604330509
-0.001158589100557077
-0.0032574776011398132
-0.00042636111732068045
-0.011695503706766575
-0.0021587446517532284
0.0004724761527382108
0.0015090973546415302
0.0017789463970515353
0.0018762893970993985
0.0012776331797552632
-0.00010913068789346285
-0.003290015894620992
-0.01815884195959845
-0.0014258152646159606
-0.003381378142572341
0.00048552043353642765
0.004355673102311436
0.0023736093025882757
0.0029237322752495142
0.0030232116062360466
0.0003008603277400218
-0.0030888346729292036
-0.0036739162645821875
-0.0014477110851616947
-0.003075859968671561
-0.00014578185035775615
0.003449374425658479
0.002735821999843849
0.0021405388212062276
0.0030363624786401175
0.00050173071157984
-0.002872117795467058
-0.003468073878277664
-0.0014343114180988006
-0.003150632732425939
-0.0006122886298845079
0.002859954080284074
0.0026829882231875673
0.0014965901888008063
0.0026987303772633493
0.00033847977619214824
-0.0029462379411625186
-0.003634870772402068
-0.001688700830303711
-0.003407898924190784
-0.0011849500303280477
0.0019959828817828857
0.0020135396383307493
0.0006951559064725786
0.0018654159148043376
-0.00059390951862567
-0.0034410931992723873
-0.0039988893733258835
-0.00253986604919288
-0.0038392560476809274
-0.0019397120459913268
0.000030754106063906055
-0.0004150149433155396
-0.0008956984284103045
-0.0013627029450767295
-0.0035443092638955506
-0.0051243613049896655
-0.00535639271064471
-0.00626398145395034
-0.0056789766196863635
-0.005977790902134308
-0.011238181014850955
-0.01833789231761828
-0.012498776948909898
-0.03387656780868992
-0.04246934107511527
-0.029799363926247702
-0.011785005683624769
-0.25196250105583956
-0.29635513802334246
-0.3825718230145438
-0.2751207250429614
-0.2038649150524352
-0.01270024801263548
-0.03488785947795304
-0.02950110838247537
-0.0094959946860133
0.00330068862864979
-0.015580548773934014
-0.0025781791931530065
0.002003797154090289
-0.00004880519198404919
-0.00229375365067144
-0.005936235989312071
-0.008130145097610519
-0.007810022852670651
-0.005484830716722905
-0.0007886331426414737
-0.0027648929457769794
-0.002183009611370444
0.0003754966017304596
0.0021813440963815763
-0.0003194649328134441
0.0013378602527200957
0.0009516756640930224
-0.001502728456534914
-0.00317595869569345
-0.0016992585349412542
-0.0026636777933838956
-0.002680158238917919
-0.0003570198344050812
0.0015983921352784704
0.0006013358705776554
0.0010421648412284527
0.001487101423672498
-0.0006718936095755065
-0.0027549837561075016
-0.0022065127224143413
-0.0020130863207598643
-0.0025895227513602305
-0.000554645827693661
0.00175474459261014
0.0014629199953530502
0.0010096123768035855
0.0018272771349898936
-0.0002483978189693929
-0.0025680383573928457
-0.002392329443954734
-0.00166371948471286
-0.002644229310464299
-0.0005791836259624045
0.0018791284793496005
0.0018181448644658945
0.0010471922057734057
0.001995556201538551
0.00004969193699235714
-0.0025046910758390545
-0.0025444910788753067
-0.0015557894852952794
-0.002680375230812154
-0.0006271398422307621
0.001977862761265379
0.0019918252888775495
0.001011563350422766
0.002102246615065079
0.00019099341464109883
-0.002412172593660874
-0.0025723862611322953
-0.001420092925022888
-0.002653761790748949
-0.0006932486435977708
0.0020323732832058187
0.0021746475506839794
0.0010297559334462743
0.0022033887722850117
0.00029231242410663195
-0.002472319577856879
-0.002717655713808838
-0.0013200639760888044
-0.0026327976008478017
-0.0005987360762050822
0.0019579333080175796
0.0022539752576899532
0.001009378865842246
0.002261043967998585
0.00040077597818962134
-0.0023453738639821926
-0.002675538700755059
-0.0012768985262175349
-0.002710620228438423
-0.0006902912496046047
0.0020492997884961526
0.0023608800943182165
0.0009996807705323508
0.00228090132079897
0.0004220338323410678
-0.002318160735582675
-0.002774963975584806
-0.001356867188047713
-0.002586348880231314
-0.0006627938137906042
0.0021105453418362105
0.0023770738162368576
0.000898284401220515
0.0023972177663968593
0.0004487025661744338
-0.0023286884783272903
-0.0027840947763836574
-0.0011591310041988183
-0.0025263001557571385
-0.0007031315780542984
0.002253517278389067
0.0025033958524322986
0.0009937347605784947
0.00248870031630292
0.0004876703404004059
-0.002344864390131477
-0.002697352098804574
-0.0011354854090677156
-0.0026343992841025166
-0.0006762031986454728
0.002238537771899036
0.0025047092206098346
0.001111315252431376
0.002518512274827371
0.0005645733356212299
-0.0023353753273646703
-0.002811048432900968
-0.0011806963602441337
-0.002704798768333745
-0.0007663740628594745
0.002148118584412669
0.00256015712265214
0.0011281693403476542
0.0023826145830542567
0.0006629027256983314
-0.0022975535740077115
-0.0027107306212811183
-0.0010207559707268745
-0.0026056198707452897
-0.000718953094618803
0.0018996172134156189
0.0026039286243086574
0.0009197102393400631
0.002488095291598832
0.0006136930324209145
-0.0022575349795850718
-0.0026038756834831965
-0.0011405749533607427
-0.00259005735091634
-0.0007675959862019919
0.001937523862950227
0.0026051728540916474
0.001044422674617463
0.0024576117029751214
0.0006504575735469263
-0.002179894205649559
-0.002747490678740156
-0.000950254515403521
-0.002567580833229264
-0.0007599337546979
0.0022416709621788764
0.002565964266046882
0.0007294155532212924
0.0024192765693244393
0.0006961159593270558
-0.0019880140873568034
-0.002780920966693915
-0.0008611878822518973
-0.002524327153883997
-0.0007652661904684391
0.0020499802110880163
0.002426115842976037
0.0008864538647905775
0.002467008048179098
0.0006728066901956516
-0.0022332450577152935
-0.0026066167940292217
-0.0008880816910982496
-0.0025342892916002603
-0.0007459788191311882
0.002132538105644304
0.002821248392259196
0.0009196235773435476
0.00258265327730771
0.0006192524331940676
-0.002204845851283219
-0.0028886534159829605
-0.0008719851623381658
-0.002639148606004077
-0.0007001253470205408
0.0019726762331447037
0.00266044282587304
0.0010142336964944786
0.0027777551615803023
0.0006745372420608415
-0.002430666478374625
-0.0027948279152329664
-0.0010923415328400528
-0.0024968544557585287
-0.0006775015798550759
0.002133791882540853
0.0025352670300338507
0.0009161820677359596
0.002394038296400875
0.0006342835024559182
-0.002270450975144779
-0.002852743252347645
-0.000986140453772736
-0.0024697167515652547
-0.0006789416425005255
0.0023061229990951663
0.002794980009403993
0.0009942388999523604
0.0024471427598954125
0.0006728256290432005
-0.0021999673368093965
-0.0026154088553220593
-0.0012696997071880189
-0.002683880962370823
-0.0006324812876375454
0.002290244073052069
0.0027499619716371054
0.0011635675188555708
0.00260183623608196
0.0006275074518080434
-0.0023841599938924187
-0.0027625345858585007
-0.0013147798964270939
-0.0028272533480457117
-0.0007297824883097467
0.002334178355359962
0.002672256246246092
0.0012055990125964297
0.002706075224935148
0.0006890687898255514
-0.0023148744679792436
-0.002828925737224456
-0.0012942363114601322
-0.0027356247285851023
-0.0006865527096474266
0.002305830927883228
0.0028485059851486878
0.0011760104967671074
0.0026182881265326883
0.0006657265990997564
-0.002438246956094018
-0.0028338824065390392
-0.001140916222501344
-0.002525143201507446
-0.0007393767041851321
0.002226946858172812
0.0027316577217408743
0.0009887374659394161
0.0025909085636906127
0.0006539248313274378
-0.0022591830005928753
-0.0028389095041331342
-0.0008974785552200876
-0.002634511558190155
-0.0007149497490645494
0.0024529781861750023
0.002782117265555335
0.0011236635363994477
0.002539493727931455
0.0007161407725751216
-0.002116190772112467
-0.0028545473531989022
-0.0011698528901747658
-0.0026155921249985037
-0.0007429817768538051
0.0023892109866216695
0.0029517422737974646
0.0009701227181903448
0.0027309254643135385
0.000802881586104927
-0.0020972800181560747
-0.0027802979876155195
-0.0009096145730975786
-0.0025706285849929813
-0.0007887030967857968
0.0021418755754926953
0.0029364744731186234
0.0008973073687750753
0.0025914920501573257
0.0007975204363158366
-0.002314475750204348
-0.0028457393789116845
-0.0009104369372821142
-0.002698029470140079
-0.0008360222465063088
0.002078445735409775
0.00272575687573277
0.0010278602136931316
0.0027521909062110396
0.0007450524049510439
-0.0021675522116646625
-0.0030574834787224377
-0.0009063875125169035
-0.002431582470371183
-0.0008222024542152431
0.0022901465070053442
0.0027150035177410043
0.001164667953455583
0.0028042764466793316
0.0007762901778782444
-0.002598680323268188
-0.0027073073638133947
-0.0011503457961397276
-0.002503626261171569
-0.0006767842789701401
0.0022296065523335676
0.002743038102578938
0.0011484303511319468
0.002789349538970982
0.0007239763093150163
-0.0024780654730231777
-0.0027935341628886907
-0.0010473642385549768
-0.0024385822681015864
-0.0007597414501225921
0.002337719801076094
0.0027675943040765213
0.0009633526833139162
0.0026499008835491468
0.0007940802121744073
-0.0020922652430296544
-0.0025283628178720484
-0.0008917687297402551
-0.002708029857169933
-0.0006922519282937265
0.0023337819368682553
0.0028469400968139675
0.0011158155662838486
0.0028797746515318513
0.0007642627305800105
-0.0021520847432067516
-0.00267916993121013
-0.0010008047088566235
-0.0026429267075555947
-0.0007143655923639243
0.0022700419206226766
0.0025442004470269896
0.0009544017178214797
0.0025506457794160827
0.0006810261183168831
-0.0023484820381173047
-0.0027072151898579555
-0.0011555099698478588
-0.0027045339319731183
-0.0007154725490435083
0.002238987984586451
0.002594686754238861
0.0011455962761811852
0.0025168286734389414
0.0006967133646739271
-0.002311072483919615
-0.002865460833872257
-0.001161766332612805
-0.0025951959206832395
-0.0006815933236201483
0.0021891014154733724
0.0027702344222169375
0.001385336049048441
0.002453751334863678
0.0006039750798930363
-0.002313884872185388
-0.003014984282179496
-0.0011798444310495424
-0.002814357585193861
-0.0006517003750442721
0.0024749275656007316
0.002713279995664383
0.001247975814644545
0.0025949163467940805
0.0006883851922791058
-0.002423158663117177
-0.0028613933434656603
-0.0013862327901410277
-0.0027420891943894204
-0.0006548243102964879
0.00233380784376545
0.002809748304565817
0.0012026291468868044
0.002728930842399636
0.0006343387890780515
-0.002392367680119882
-0.0028391417068161806
-0.0011231114198016613
-0.0028055922433992088
-0.0006731655542283832
0.002389650652101998
0.002821716611947873
0.001208520505717016
0.0028063496772051427
0.0006432495012613189
-0.002437813314107183
-0.0027981947387084633
-0.0011702655370308848
-0.0027334548468902348
-0.0006605823921707643
0.002459754735602897
0.0027984894017627853
0.0012816268013264714
0.002656446656831248
0.0006417651339751068
-0.0024569847734440867
-0.002866113980758111
-0.0012123575200152978
-0.0027962811414176192
-0.0006691050784510534
0.0025161196004475214
0.0028133260500082216
0.0012284346106448565
0.0027301421774066944
0.000648581542197753
-0.002440263722691155
-0.0028660650321201504
-0.0012117070482484263
-0.0027631266581906967
-0.0006633387961154972
0.0024064267571713206
0.0028219528519372082
0.0012943857585298914
0.0027137940979088406
0.000645036387162993
-0.0024646523510176857
-0.0028531724477193344
-0.001231952035660022
-0.0027252905371634994
-0.0006533781970895284
0.0024646225824505597
0.002679887457263772
0.0012719707803464518
0.0027253362572927514