-2.633838120928305e-19
-4.254390514439739e-14
-1.080779008373524e-12
-7.59793274860595e-12
-3.0869842782205315e-11
-9.240125972672553e-11
-2.2760117240555665e-10
-4.897846035172967e-10
-9.545974311328482e-10
-1.7249727323583408e-9
-2.9367423856287083e-9
-4.765046768363648e-9
-7.431709108243562e-9
-1.1213770326235671e-8
-1.645341625512771e-8
-2.3569573449628132e-8
-3.30715043218917e-8
-4.557479953163963e-8
-6.182024847422943e-8
-8.269617135863875e-8
-1.0926492380434571e-7
-1.4279444366183554e-7
-1.847959083057441e-7
-2.3706881999219724e-7
-3.0175515131589973e-7
-3.8140458118723426e-7
-4.790533590088048e-7
-5.983199838685727e-7
-7.435217208341195e-7
-9.198170573398186e-7
-1.1333806099783075e-6
-1.391618835827001e-6
-1.7034373346873935e-6
-2.079573759673717e-6
-2.5330146784074197e-6
-3.0795205621042327e-6
-3.7382910192255297e-6
-4.532813290818928e-6
-5.491952134278821e-6
-6.651360381675183e-6
-8.055319415962736e-6
-9.759161721031297e-6
-0.000011832489911114372
-0.000014363498177659155
-0.000017464838668863612
-0.000021281682366109003
-0.000026002943370166797
-0.00003187713743320828
-0.0000392351509022171
-0.000048523518071739496
-0.000060354029756007213
-0.00007557934668284946
-0.00009541116825740876
-0.00012161022935522936
-0.00015680189587103432
-0.0002050205240458437
-0.00027269079699804234
-0.00037049211799457883
-0.0005171326344785149
-0.0007476114586682502
-0.0011331983463170917
-0.0018365130002015607
-0.0032936570417348315
-0.007006280909789013
-0.021102154171845723
-0.19465043720981637
-0.18412582517660778
-0.016971372732064453
-0.008786373431226142
-0.005061891018392612
-0.0033540334150994272
-0.002435190018233179
-0.0018823598206748802
-0.001522404455468214
-0.001274028423523358
-0.0010949190710931509
-0.0009612428950580587
-0.0008587126172557751
-0.0007783221727443549
-0.0007141548392931943
-0.000662186703079464
-0.0006195997307205084
-0.0005843702169039224
-0.0005550130252462756
-0.0005304175230659605
-0.0005097393732564704
-0.0004923273971730726
-0.0004776730553988081
-0.0004653748680955977
-0.00045511291756345813
-0.00044663028844236076
-0.00043971936696630693
-0.00043421159907367456
-0.00042996974780207215
-0.00042688198197191534
-0.0004248573244380523
-0.0004238221224338213
-0.0004237172957147453
-0.00042449618379472527
-0.0004261228603446842
-0.0004285708166136556
-0.00043182194045097245
-0.0004358657358293331
-0.0004406987415281615
-0.0004463241181383814
-0.0004527513806991502
-0.00045999626074439857
-0.00046808068680590143
-0.0004770328768496514
-0.0004868875400045123
-0.0004976861884939621
-0.0005094775641036107
-0.0005223181869723375
-0.0005362730381588449
-0.0005514163914729538
-0.0005678328146663511
-0.0005856183654674247
-0.0006048820143876788
-0.0006257473340474633
-0.0006483545043919665
-0.0006728626951204891
-0.0006994529016462268
-0.0007283313298519727
-0.0007597334490430438
-0.00079392886346063
-0.0008312271927289934
-0.0008719852036968041
-0.0009166155044558312
-0.0009655972016498766
-0.0010194890426138347
-0.0010789457258320206
-0.0011447382830253572
-0.0012177797374882534
-0.0012991576606436375
-0.0013901758333483003
-0.0014924080471008653
-0.0016077682700294787
-0.0017386031345085983
-0.0018878152624935227
-0.002059029787916045
-0.0022568223092726144
-0.002487035656450106
-0.002757227414982377
-0.0030773138567944925
-0.003460515526372425
-0.003924777793717103
-0.00449496046213611
-0.0052063126970168724
-0.006110175354645371
-0.007283708228939123
-0.008847254959642762
-0.010997066840683394
-0.014071152857400557
-0.01869302416527779
-0.026119833655752565
-0.03921033479892541
-0.06569263850001039
-0.13304027491018516
-0.405773551524411
-6.6957445266082996
-1.5154445903174072
-0.24444984822335436
-0.09483886672942307
-0.0496762969619616
-0.03033147365557643
-0.020328819616364215
-0.014505276824369693
-0.010825473394604096
-0.008356379141478205
-0.0066217328661072284
-0.0053579622920294865
-0.004409697248955954
-0.0036805845977692336
-0.0031083267104852026
-0.0026512142457916638
-0.0022804816217308205
-0.001975777424778877
-0.0017223800407079146
-0.0015094307097093592
-0.0013287805473469717
-0.001174219457417347
-0.0010409490373927373
-0.0009252151411186029
-0.0008240471772684724
-0.0007350701575708144
-0.0006563672080292887
-0.0005863776480127043
-0.000523820508148576
-0.00046763648868944276
-0.0004169434519221974
-0.0003710019620626778
-0.0003291883639125471
-0.00029097357407578136
-0.00025590624092238526
-0.00022359927441549922
-0.00019371899626487315
-0.00016597634295383772
-0.00014011968843706982
-0.00011592895317816307
-0.00009321074111850417
-0.00007179430282972038
-0.000051528166269105274
-0.000032277309677130106
-0.000013920776739576103
3.6503459829431133e-6
0.000020534653813943358
0.00003682190315069642
0.00005259428768124442
0.0000679275465767523
0.0000828919335154925
0.0000975530705350659
0.00011197270682156531
0.0001262093994332224
0.0001403191304747896
0.00015435587326531795
0.00016837211848663318
0.00018241937010113186
0.00019654861991931245
0.00021081080905574378
0.0002252572840996986
0.00023994025562785662
0.0002549132666962046
0.0002702316791599918
0.00028595318609536924
0.0003021383592486047
0.00031885124134239517
0.00033615999426223335
0.00035413761567180664
0.0003728627385340073
0.0003924205304211804
0.0004129037124923115
0.0004344137217321207
0.0004570620446638021
0.00048097175648548245
0.0005062793067463412
0.0005331366016308535
0.0005617134441845619
0.000592200408023626
0.000624812238104609
0.000659791895134426
0.0006974153897216701
0.0007379975904947524
0.0007818992399650322
0.0008295354767940722
0.000881386248693872
0.000938009113963932
0.0010000550821963668
0.0010682883510380941
0.0011436110777110673
0.0012270947128094093
0.0013200199661725824
0.0014239282397797439
0.0015406884557433258
0.0016725847902337072
0.0018224331492145258
0.0019937376911201396
0.002190903966756006
0.0024195333865695105
0.0026868365666990147
0.0030022238187327683
0.003378165290162548
0.0038314714329827954
0.004385246352943955
0.005071951224119695
0.005938362819266175
0.007053897401471293
0.008525191032780552
0.010522956330204808
0.01333453799883816
0.017474689537511266
0.023941989575934602
0.034889512924148054
0.05569863232898143
0.103187390370519
0.25480668323365396
1.413577981152332
10.42433456208369
0.46529673360416196
0.14431496633303095
0.06895776942928027
0.04010449899124789
0.0261088714366526
0.018289419524291212
0.013487908751179266
0.010332996906049424
0.008151586779805858
0.0065820561566858815
0.005416125129041464
0.004527011248844636
0.003833982863276324
0.0032836700539235777
0.0028396569356665654
0.0024764135155747407
0.0021756166423982522
0.0019238429359010511
0.0017110789010421625
0.0015297335641851384
0.0013739689548681274
0.0012392367191222668
0.0011219514421171083
0.0010192564849417513
0.0009288535808239005
0.0008488771090779621
0.0007778001542801312
0.0007143634953573178
0.0006575213496207446
0.000606399505413015
0.0005602627159018176
0.0005184890869685784
0.00048054979748118264
0.00044599292124858906
0.00041443043029310386
0.00038552768488382113
0.00035899488169030465
0.0003345800544611525
0.00031206331367468487
0.0002912520810292504
0.0002719771274059549
0.00025408926333154297
0.00023745656212015092
0.00022196202003893945
0.00020750157672296034
0.00019398243389091735
0.00018132162213038106
0.00016944477482698855
0.00015828507574294252
0.00014778235271144892
0.00013788229472162634
0.00012853577356010054
0.00011969825434182305
0.00011132928184857156
0.00010339203171345957
0.00009585291723607158
0.00008868124405284572
0.00008184890608571364
0.00007533011718290788
0.00006910117369897281
0.00006314024395426477
0.00005742718109776572
0.000051943356389650065
0.000046671510333270794
0.000041595619439517865
0.000036700776703517004
0.00003197308412778448
0.000027399555842640944
0.000022968030559390828
0.00001866709225028332
0.000014485998084775238
0.000010414612768680565
6.4433485328346e-6
2.5631101041644335e-6
-1.2347559335005894e-6
-4.958507917684832e-6
-8.616052498098891e-6
-0.00001221498506686463
-0.000015762627613781986
-0.0000192660643583348
-0.00002273217548070222
-0.000026167669249305702
-0.000029579112822602243
-0.00003297296198595759
-0.00003635559007166953
-0.00003973331630086621
-0.0000431124337790857
-0.0000464992373745094
-0.000049900051707009144
-0.00005332125947906598
-0.000056769330384976936
-0.00006025085084420826
-0.00006377255481636062
-0.00006734135597181583
-0.00007096438151142315
-0.00007464900795378482
-0.00007840289923708108
-0.0000822340475180364
-0.00008615081709186207
-0.00009016199190492947
-0.00009427682719029318
-0.00009850510582161306
-0.00010285720006062186
-0.00010734413946436941
-0.000111977685825716
-0.00011677041614741115
-0.00012173581479744411
-0.0001268883761677985
-0.00013224371936432507
-0.00013781871669791635
-0.0001436316380348939
-0.00014970231340549585
-0.00015605231667680978
-0.00016270517358079806
-0.0001696865979715554
-0.00017702476088325144
-0.00018475059780555424
-0.00019289816061213806
-0.00020150502181930753
-0.0002106127403624423
-0.00022026739993013202
-0.00023052023317061705
-0.00024142834789716991
-0.0002530555749043109
-0.0002654734613535295
-0.0002787624391316046
-0.0002930132044409777
-0.0003083283535640106
-0.0003248243307995773
-0.0003426337587388861
-0.00036190823931581394
-0.00038282173778307767
-0.000405574692769347
-0.00043039903640995343
-0.00045756436275568924
-0.00048738555523841965
-0.0005202322819889613
-0.000556540901438446
-0.0005968295046650498
-0.0006417170771097793
-0.0006919481229558091
-0.0007484246095555585
-0.000812247831801958
-0.0008847738841367501
-0.0009676880462546547
-0.0010631058368256478
-0.0011737122612374372
-0.0013029567064823996
-0.0014553304561261357
-0.001636769461010999
-0.001855251468018477
-0.002121702684410141
-0.0024514120955382982
-0.002866306618179543
-0.0033987429945658318
-0.004098093569112349
-0.005042754528579759
-0.006363355579891838
-0.008290933539197229
-0.011266262383223645
-0.01621840418438879
-0.025394819672836202
-0.04546626147722896
-0.10433113110057533
-0.4482190626725312
-56.17657025575995
-0.3296268556992991
-0.08794055085033813
-0.039797756436185786
-0.022521703346025115
-0.014429979242073709
-0.010006751031804354
-0.007330651879622266
-0.005590864656631921
-0.004397394861069959
-0.0035438647913470797
-0.0029127951440288064
-0.002433339679022855
-0.002060726822735386
-0.0017655444565090365
-0.0015278292567463627
-0.001333647950531537
-0.0011730386140276507
-0.001038727227967958
-0.0009253030431326673
-0.0008286745131722782
-0.0007457018150994832
-0.0006739433935461131
-0.0006114778339936989
-0.0005567765356597397
-0.0005086112853248079
-0.0004659862179328738
-0.00042808708225902816
-0.0003942429613271662
-0.0003638970741323414
-0.0003365842789688482
-0.0003119135775711873
-0.0002895543896723988
-0.0002692256977902619
-0.00025068739667877753
-0.00023373335050767136
-0.0002181857832995321
-0.00020389071800053755
-0.00019071424608193774
-0.00017853945926376145
-0.00016726391237719407
-0.00015679751479557956
-0.00014706076958972777
-0.0001379832962937393
-0.00012950258614052645
-0.00012156294874189627
-0.00011411461713145039
-0.00010711298435357004
-0.00010051794975649426
-0.00009429335711251813
-0.00008840650986869515
-0.00008282775138919079
-0.00007753010012109594
-0.00007248893129493117
-0.00006768169814020121
-0.00006308768671524442
-0.000058687799368225234
-0.00005446436260046217
-0.000050400955723120624
-0.000046482257209891576
-0.00004269390606939692
-0.0000390223759058225
-0.00003545485961970492
-0.000031979162928599506
-0.000028583605071014753
-0.000025256925198711806
-0.000021988193068895798
-0.00001876672272097849
-0.000015581987864325828
-0.000012423537715177966
-9.280912001079141e-6
-6.143553799950461e-6
-3.0007187940306017e-6
1.5862060648892568e-7
3.3458779858290035e-6
6.572964429176695e-6
9.8524110373151e-6
0.000013197505034258202
0.000016622442506823235
0.00002014250138543962
0.000023774238987982666
0.00002753571934494095
0.00003144677665001111
0.000035529322600920313
0.00003980770719678145
0.00004430914485046555
0.00004906422060915422
0.00005410749505496703
0.00005947823135081074
0.00006522127428102945
0.0000713881195195281
0.00007803822245528499
0.00008524061071015381
0.00009307588440834366
0.00010163871531560686
0.00011104099307526688
0.00012141581818905949
0.00013292261344420662
0.0001457537276567074
0.00016014305234224947
0.00017637738560468105
0.00019481159334819683
0.000215889092278851
0.00024016990424920368
0.0002683696612418894
0.0003014147377852656
0.00034052161427344243
0.0003873134630640262
0.00044399534949494745
0.0005136243415862789
0.0006005382226854066
0.0007110589834640775
0.0008546926183838759
0.001046270061079585
0.001309978813340504
0.0016874666921056702
0.0022555019092616903
0.0031686380930023264
0.004777392264614189
0.008024823201040214
0.016233073511849574
0.04886835956573662
0.706147053475029
0.2116403928489655
0.03258127793203933
0.01255361822981748
0.006579071435450739
0.004030362796828991
0.0027140292399998184
0.0019474804858690539
0.0014626325114107555
0.0011368472564658098
0.000907591894446168
0.0007402745677639155
0.0006145040362003397
0.0005176306022265161
0.0004414710328065463
0.00038054253128429487
0.0003310605337941813
0.000290344908677341
0.0002564549030770585
0.00022795742574964977
0.0002037757921449218
0.00018308852373094677
0.00016526013416555012
0.00014979285241468118
0.00013629234802633525
0.00012444300420386665
0.0001139898169263702
0.00010472496679082079
0.00009647773479201335
0.00008910684359898118
0.00008249458014315173
0.00007654224154362908
0.00007116657467767417
0.00006629696927836141
0.00006187322777668691
0.000057843780412835526
0.000054164246908574795
0.00005079626993369579
0.00004770656326013581
0.00004486613064312553
0.00004224962133728958
0.00003983479562351183
0.000037602079416581056
0.00003553419139660694
0.0000336158294884906
0.000031833406145146796
0.00003017482395053125
0.000028629284681269616
0.00002718712625097842
0.000025839682984617356
0.000024579165489153214
0.00002339855704533204
0.00002229152397742041
0.000021252337889449993
0.00002027580800844953
0.000019357222162978265
0.000018492295161871336
0.000017677123533170394
0.00001690814574462958
0.00001618210716130153
0.000015496029107434808
0.000014847181493358039
0.000014233058546367879
0.000013651357250553395
0.000013099958156133737
0.000012576908265903932
0.000012080405746332887
0.000011608786244815129
0.000011160510623534236
0.000010734153945166997
0.000010328395566881822
9.942010217306479e-6
9.573859946845425e-6
9.22288685526815e-6
8.888106512205486e-6
8.568601996328304e-6
8.263518487804135e-6
7.972058356292752e-6
7.693476693408765e-6
7.427077244435231e-6
7.172208699153173e-6
6.92826130613725e-6
6.694663778794845e-6
6.470880464863903e-6
6.256408754142161e-6
6.050776701889366e-6
5.853540847718044e-6
5.664284211884637e-6
5.482614452747884e-6
5.308162170814166e-6
5.1405793462441104e-6
4.979537898012511e-6
4.824728354060528e-6
4.675858622824775e-6
4.532652857444899e-6
4.394850404789799e-6
4.262204832172661e-6
4.134483025295569e-6
4.0114643515594555e-6
3.892939883413673e-6
3.778711676894013e-6
3.6685921009429938e-6
3.5624032134889647e-6
3.4599761806182675e-6
3.361150735493373e-6
3.2657746739569957e-6
3.1737033840267766e-6
3.084799406717754e-6
2.998932025848204e-6
2.9159768846788945e-6
2.835815627409966e-6
2.7583355637255297e-6
2.683429354718591e-6
2.6109947186655377e-6
2.5409341552394465e-6
2.4731546868637767e-6
2.407567616008567e-6
2.344088297325919e-6
2.282635923603485e-6
2.223133324596593e-6
2.165506777865771e-6
2.1096858308177908e-6
2.055603133201495e-6
2.0031942793718147e-6
1.952397659679055e-6
1.9031543203931645e-6
1.8554078316106235e-6
1.80910416263438e-6
1.7641915643513917e-6
1.720620458167061e-6
1.6783433310860817e-6
1.637314636557794e-6
1.5974907007309336e-6
1.5588296337861531e-6
1.5212912460381783e-6
1.4848369685190372e-6
1.4494297777747581e-6
1.4150341246238335e-6
1.3816158666441438e-6
1.349142204168797e-6
1.3175816195871084e-6
1.286903819758562e-6
1.257079681361477e-6
1.228081199008111e-6
1.1998814359696056e-6
1.172454477363639e-6
1.1457753856666256e-6
1.119820158421225e-6
1.0945656880178344e-6
1.0699897234361784e-6
1.0460708338396093e-6
1.0227883739224058e-6
1.0001224509145013e-6
9.78053893155772e-7
9.5656422015586e-7
9.356356140609538e-7
9.152508924535761e-7
8.953934824156564e-7
8.760473957892088e-7
8.571972055728586e-7
8.388280233955473e-7
8.209254780129426e-7
8.034756947740347e-7
7.864652760094078e-7
7.698812822947443e-7
7.537112145458062e-7
7.379429969038705e-7
7.225649603723107e-7
7.07565827167801e-7
6.929346957509177e-7
6.786610265035325e-7
6.647346280214267e-7
6.511456439929088e-7
6.378845406351856e-7
6.249420946622395e-7
6.123093817589032e-7
5.9997776553748e-7
5.879388869542931e-7
5.761846541648009e-7
5.647072327969893e-7
5.534990366237807e-7
5.425527186162367e-7
5.318611623600751e-7
5.214174738192826e-7
5.112149734308742e-7
5.012471885162071e-7
4.915078459945012e-7
4.819908653853561e-7
4.726903520872475e-7
4.6360059092005917e-7
4.547160399200256e-7
4.460313243760321e-7
4.375412310969117e-7
4.292407028996806e-7
4.211248333092591e-7
4.1318886146066263e-7
4.0542816719498023e-7
3.9783826634102656e-7
3.904148061747561e-7
3.8315356104899475e-7
3.7605042818645027e-7
3.691014236291193e-7
3.6230267833764394e-7
3.5565043443447356e-7
3.491410415849005e-7
3.4277095351034625e-7
3.3653672462851067e-7
3.304350068152705e-7
3.244625462834051e-7
3.1861618057347497e-7
3.1289283565233867e-7
3.0728952311505774e-7
3.0180333748610453e-7
2.9643145361590136e-7
2.911711241690086e-7
2.860196772003355e-7
2.809745138159619e-7
2.760331059152947e-7
2.711929940113739e-7
2.664517851264109e-7
2.618071507595762e-7
2.572568249243442e-7
2.5279860225272816e-7
2.484303361638878e-7
2.4414993709465403e-7
2.3995537078969096e-7
2.3584465664900985e-7
2.3181586613075712e-7
2.2786712120717987e-7
2.2399659287182382e-7
2.202024996960709e-7
2.16483106433214e-7
2.1283672266833556e-7
2.092617015122968e-7
2.057564383382773e-7
2.0231936955930206e-7
1.9894897144527936e-7
1.9564375897814952e-7
1.9240228474379104e-7
1.892231378593291e-7
1.861049429346416e-7
1.830463590668479e-7
1.800460788665913e-7
1.7710282751502716e-7
1.7421536185043028e-7
1.713824694834091e-7
1.6860296793970254e-7
1.6587570382963873e-7
1.631995520433321e-7
1.6057341497070083e-7
1.579962217455179e-7
1.554669275126136e-7
1.529845127174915e-7
1.5054798241757488e-7
1.4815636561435455e-7
1.4580871460575895e-7
1.4350410435803232e-7
1.4124163189650224e-7
1.3902041571459467e-7
1.368395952004926e-7
1.3469833008085608e-7
1.3259579988104822e-7
1.3053120340130715e-7
1.2850375820837147e-7
1.2651270014203097e-7
1.2455728283612373e-7
1.2263677725352924e-7
1.2075047123466882e-7
1.1889766905912594e-7
1.1707769101992455e-7
1.152898730100874e-7
1.135335661210699e-7
1.1180813625269465e-7
1.1011296373423409e-7
1.0844744295626685e-7
1.0681098201299156e-7
1.0520300235466267e-7
1.0362293844982254e-7
1.0207023745703819e-7
1.0054435890583686e-7
9.904477438657433e-8
9.757096724892283e-8
9.61224323087653e-8
9.469867556318566e-8
9.329921391334956e-8
9.192357489500761e-8
9.057129641640302e-8
8.924192650335406e-8
8.793502305129849e-8
8.665015358409058e-8
8.538689501933399e-8
8.414483344007809e-8
8.292356387267543e-8
8.172269007060768e-8
8.054182430412182e-8
7.938058715549189e-8
7.823860731974723e-8
7.711552141069762e-8
7.60109737721108e-8
7.492461629388197e-8
7.385610823306062e-8
7.280511603957737e-8
7.17713131865556e-8
7.07543800050526e-8
6.975400352312316e-8
6.876987730906339e-8
6.780170131873219e-8
6.684918174681775e-8
6.59120308819483e-8
6.498996696553088e-8
6.408271405421696e-8
6.319000188588861e-8
6.231156574906833e-8
6.14471463556572e-8
6.05964897169043e-8
5.975934702251861e-8
5.893547452284045e-8
5.8124633413976505e-8
5.732658972582997e-8
5.654111421293495e-8
5.576798224802107e-8
5.5006973718234314e-8
5.425787292394239e-8
5.3520468480047e-8
5.279455321974537e-8
5.2079924100663986e-8
5.137638211330647e-8
5.068373219174979e-8
5.000178312653239e-8
4.9330347479666824e-8
4.8669241501729357e-8
4.801828505096549e-8
4.737730151435566e-8
4.674611773059738e-8
4.612456391494018e-8
4.551247358583714e-8
4.4909683493354523e-8
4.4316033549300024e-8
4.373136675902192e-8
4.3155529154831606e-8
4.2588369731015644e-8
4.2029740380386525e-8
4.1479495832336806e-8
4.0937493592359296e-8
4.040359388298887e-8
3.9877659586136875e-8
3.935955618677353e-8
3.884915171793387e-8
3.834631670700342e-8
3.785092412325672e-8
3.7362849326614386e-8
3.6881970017588873e-8
3.640816618838782e-8
3.5941320075146136e-8
3.5481316111255084e-8
3.502804088176921e-8
3.458138307885181e-8
3.414123345824356e-8
3.370748479672286e-8
3.328003185053296e-8
3.2858771314756834e-8
3.244360178360824e-8
3.203442371162467e-8
3.1631139375731846e-8
3.1233652838165374e-8
3.084186991022271e-8
3.045569811682804e-8
3.007504666189106e-8
2.969982639443469e-8
2.9329949775480582e-8
2.8965330845668497e-8
2.8605885193592928e-8
2.8251529924839345e-8
2.7902183631707202e-8
2.7557766363593977e-8
2.7218199598034467e-8
2.6883406212372736e-8
2.655331045605444e-8
2.622783792352354e-8
2.5906915527708912e-8
2.5590471474089513e-8
2.5278435235317862e-8
2.4970737526397897e-8
2.4667310280393616e-8
2.436808662466527e-8
2.4073000857614725e-8
2.378198842593008e-8
2.349498590231766e-8
2.321193096371058e-8
2.2932762369940175e-8
2.265741994286362e-8
2.2385844545933777e-8
2.2117978064201183e-8
2.1853763384740744e-8
2.1593144377490066e-8
2.1336065876492645e-8
2.1082473661533878e-8
2.0832314440163617e-8
2.0585535830094873e-8
2.0342086341969523e-8
2.0101915362483766e-8
1.9864973137865383e-8
1.963121075769301e-8
1.9400580139051448e-8
1.9173034011014396e-8
1.89485258994483e-8
1.8727010112127657e-8
1.8508441724157998e-8
1.8292776563697447e-8
1.807997119796993e-8
1.7869982919565588e-8
1.7662769733019656e-8
1.745829034166511e-8
1.7256504134752097e-8
1.7057371174829514e-8
1.6860852185379825e-8
1.6666908538706688e-8
1.647550224406474e-8
1.628659593602808e-8
1.6100152863094162e-8
1.5916136876514507e-8
1.573451241934952e-8
1.5555244515742074e-8
1.5378298760403956e-8
1.5203641308313226e-8
1.503123886461436e-8
1.4861058674719951e-8
1.469306851460667e-8
1.4527236681304918e-8
1.4363531983573915e-8
1.420192373276174e-8
1.404238173384351e-8
1.3884876276636588e-8
1.3729378127186558e-8
1.35758585193216e-8
1.3424289146372198e-8