0.20000012619941626
0.20030830176329262
0.2003130786819857
0.20013002308342337
0.20016121003431486
0.2004454085168719
0.2009762511749316
0.20105154911393097
0.20042847756868867
0.20105058964011263
0.20153801269595517
0.20235139262103077
0.20254761335060684
0.20301665564971125
0.20333483003262817
0.2031748102268158
0.20289258292791626
0.2036351280740898
0.20396591595634114
0.2044317343228693
0.2061083266343708
0.20769564934474968
0.20797323165453838
0.20900474027243685
0.20980578241070552
0.20915467522905573
0.2087143194526347
0.21012404083175376
0.21054698373538658
0.21142544799195626
0.2142547249482068
0.21673497482158424
0.21710536355468074
0.21881525399676585
0.2201088256990937
0.21915035833485044
0.21875781216169365
0.22101490493370793
0.22160436231338673
0.22310050348344973
0.22728879017494266
0.23091244199238342
0.23149555965608332
0.23439592188983477
0.23602309407612532
0.23532006387912707
0.23543455452913128
0.23917684477577783
0.24019895071720349
0.24330101207004354
0.24944928752214152
0.25470103666919497
0.2562820073567889
0.2620557324690903
0.265557539825599
0.26660619702465177
0.2700548009887013
0.2789370013664881
0.28332437086186224
0.29539273891408446
0.31227494475523493
0.33028671305873414
0.3512905251601098
0.5201807481953896
0.5080562546182511
0.45481024984298024
0.2748804331980962
-0.32542542794113183
0.10787815525358296
0.15758851895670986
0.18660918955210484
0.20366700462990786
0.21105888028131276
0.2288398721159894
0.2355741992326181
0.2359778335106403
0.2387242661521386
0.24899978444851886
0.250138759122813
0.2568457787434312
0.27027801201229523
0.2808725518743
0.2816610209817987
0.29138117766909083
0.2951151965525079
0.2912939049334426
0.29004723132436816
0.3004402293652907
0.3003083479325051
0.30688562252387036
0.32267931268722505
0.33528898742230323
0.3352590510891878
0.3471786102898576
0.351580703045006
0.34594430951428895
0.3439203416724973
0.3570266862312799
0.35644137655030683
0.36519646081221174
0.3862672967710835
0.4029649022564317
0.4031478358232488
0.41959405174969217
0.42548194161221226
0.41809656383644156
0.4155153275244545
0.4340654601675708
0.4329830095637998
0.445578433541035
0.4755827806039231
0.49952917051445406
0.5005206305142574
0.5249616210460227
0.5340270194585817
0.5238901988428726
0.520934782682641
0.5495264007842832
0.5471674501571854
0.5674801846073723
0.613965998599993
0.65032135941531
0.6540536420038953
0.6942164962906704
0.7095702392823702
0.6957130147258621
0.6916715733057109
0.740832415280114
0.7347171066016696
0.770594118342273
0.8539133891324354
0.9154468517348316
0.9284366281639267
1.0075796795153862
1.037110824796323
1.0171445125839549
1.0085761032957488
1.1174232427813455
1.0691492908263998
1.1582968825545836
1.3669247470971997
1.4622312482072335
1.5249170447061025
1.6281847691127573
1.6804456118885351
1.7398824236899062
1.8017322496711952
1.8191127868206263
2.1915700632052575
2.392817389721928
2.8790621688616813
4.18621593796764
3.461026960057771
4.999317826473182
6.058943861901569
5.556924632224432
6.138689151698899
7.214706589008735
11.531779043661121
20.04909532681987
-13.429862341992703
-9.646113312795569
-7.406967215532557
-6.107587372614515
-5.242459643961944
-5.345562350815616
-5.260763030012818
-4.052097833983999
-3.8161663206936125
-3.38373530238873
-2.7775728222931804
-2.413410077496924
-2.3509049965824884
-2.1541509468070568
-2.0412693378505065
-2.053868184284465
-2.0295960578391203
-1.8642633309542407
-1.8122737159303337
-1.7253175144867192
-1.5816365959516416
-1.4787282749160688
-1.4629816564545017
-1.3910843749570767
-1.357651201410318
-1.362145135682525
-1.353047095561552
-1.2925434689261652
-1.275231401386241
-1.2395396169254493
-1.1792035379906853
-1.134903644470632
-1.1305790001563683
-1.094829734605068
-1.0809480984999562
-1.08674674221819
-1.0826747218507944
-1.0525302445893314
-1.0495738179958185
-1.0304556768352693
-0.9983715795719674
-0.9750656070724761
-0.9782077914678615
-0.9551914384096821
-0.9524964576492216
-0.9604627537210086
-0.9608522841567382
-0.9430991365818483
-0.9483632367665371
-0.9370073093834407
-0.9169880798514403
-0.9058982221789766
-0.9151794376731427
-0.8966339217897734
-0.9029516981341498
-0.9151912870666643
-0.9191206387219228
-0.9068217732153072
-0.9214443671797928
-0.9142517733505029
-0.8991257424273655
-0.8969433240610438
-0.9144170141448502
-0.8927130727752091
-0.911914929842759
-0.9315054777895606
-0.938748507312769
-0.9311240379108428
-0.9567153707807442
-0.9535782657263874
-0.9398800364596247
-0.9451040177996132
-0.9747649226290466
-0.9087336005940462
-0.9919467338375674
-1.0128568814178693
-1.0225556896466608
-1.0304484052647602
-1.043828130593861
-1.0515961709612696
-1.0602680761361654
-1.0696767687259612
-1.0727077643879352
-1.1139754537502844
-1.1451959893771557
-1.2123712306417216
-1.2467237543652099
-1.2046519647828935
-1.3202013689289205
-1.3085148900685337
-1.3070983214568812
-1.340774645569989
-1.4389571275324717
-1.4210810678119885
-1.5083470474690956
-1.6533246568800624
-1.7259275946858221
-1.6641308638162222
-1.93666160027777
-1.9144152157768166
-1.9119061057158087
-2.0151566058356
-2.3223186970707714
-2.243576365627586
-2.532029471581485
-3.0792614995944567
-3.3573447038186757
-3.119771555992333
-4.534063948127746
-4.3546030655891625
-4.425121114558648
-5.200810799854531
-7.638374379517405
-7.433876386215747
-11.773955599446719
15.057823876232652
15.007342824153683
6.314648809457752
7.996019935975693
7.542798527042926
8.161262628277678
5.981913907060659
3.900941888367856
4.48159750393268
3.3297697202222216
2.6744828621661796
2.422051756352855
2.503540429709371
1.98222100471862
1.9858806555763948
1.9788260019610184
1.8412183338505097
1.5582851941874487
1.6409008312077216
1.4405043739196781
1.2911088593613955
1.2346384406229227
1.2549440319445844
1.1023755884500246
1.1037756252407938
1.0952739549476742
1.0471187805962463
0.9496621314771342
0.9720128685527619
0.9031584088912668
0.8428127655597196
0.8177558056651835
0.8243582633844521
0.7573796308800502
0.7556874389069463
0.7519464415359087
0.724044630319499
0.6791027551417043
0.6905095246443704
0.6574692266957566
0.624711475816446
0.6119110148478943
0.6150409355978383
0.5781000095696213
0.5768789460700551
0.5736349530532958
0.5586126005733705
0.5334779197556314
0.5389697459678143
0.5187636921807295
0.5000199521839247
0.49279002492472773
0.4930062820569835
0.47238153938340277
0.47110188365903855
0.46822173091098424
0.4588295958626951
0.4439685088761712
0.4461514048561037
0.43406803508953656
0.4233712729823121
0.41827325089107203
0.4179044699024253
0.4053396551428567
0.40397942242633944
0.401013963108147
0.3951194575685412
0.3864300385750908
0.3866497710845575
0.3794436564773736
0.37340222870333
0.3701947826746234
0.36918682088699506
0.36218107925037635
0.36065205758574165
0.35826133309253305
0.3546035537773831
0.34978968719458375
0.3488077319637287
0.34511050940147536
0.3417710709016246
0.3398052647371029
0.3387083086840368
0.33535393399927277
0.3339404450777332
0.33211408689158917
0.33005429605901393
0.32779122015672313
0.32649788339109953
0.32500323584450813
0.3238127196349074
0.3228537819931996
0.3219258372550005
0.3225405196003725
0.31996974680015244
0.3190327016986932
0.3184715644114327
0.31805182603842935
0.3177088100685213
0.31767808102927075
0.3176835659783329
0.31773106846642174
0.3178635294837383
0.31831411003103033
0.31829429014006794
0.31803637627790426
0.3189075259166802
0.32057383014798757
0.31986545646303216
0.3220623005693895
0.32377473029561205
0.324875665768807
0.32554088458025165
0.3284914685543105
0.3294357515981988
0.330654040904673
0.3333186581024033
0.3366552303912398
0.33700851174226465
0.3415071184359983
0.34511878405080904
0.34761497198194313
0.3498144484387357
0.35532883908822177
0.3581452387720792
0.3619132685833426
0.3673306630957311
0.3733344334487029
0.3759154347567889
0.3835274400844782
0.3922944621576246
0.3953909004830747
0.4008323201429084
0.4094977331072959
0.41636593126579396
0.4252004346274939
0.43589075904245145
0.4467709313033381
0.45324571984319956
0.46773218687653273
0.47910501382156345
0.4904509264074237
0.5057037478934593
0.5266211208800308
0.5376628201670115
0.558514265649875
0.5898300687878093
0.6078816178888291
0.6320218253120695
0.6631436157711609
0.691315119504545
0.7246818905805793
0.7613924188918492
0.8184643410041198
0.8601724987742438
0.9301065795460415
1.0298814663704245
1.1247082403476927
1.2250741203669107
1.3711321491697699
1.5331067743138318
1.7007559201144644
2.0155583759271725
2.4961199814053647
3.1223366211857053
4.765907682688692
10.430663451340356
1.7293766451374533
-11.317205416434676
-4.975954167706621
-3.2322555057033773
-2.7885644882921232
-2.198135650937306
-1.724152887050512
-1.5284167220855314
-1.3094266920210895
-1.0863966972897405
-0.9757569340322735
-0.8989281042478136
-0.8043785031966874
-0.7490848299964031
-0.7078319868826173
-0.6576559187390542
-0.5940130037977958
-0.5742988858652583
-0.5337421066035346
-0.4927909756831446
-0.4641267117786555
-0.44979360566862964
-0.41940157649162313
-0.3996433633490836
-0.39008047473696034
-0.3768987811947158
-0.3524002893522422
-0.34496748709321673
-0.33125636700525785
-0.31240999263173913
-0.2980266951928063
-0.2953998425892154
-0.27916957038994694
-0.27047673905470954
-0.2661324406834616
-0.2626792433813893
-0.2465655451294233
-0.24542468972804435
-0.2397484060567452
-0.22844451980551386
-0.2192744213794663
-0.22151966248900107
-0.20963030858209145
-0.20415751571416846
-0.202459162755447
-0.20283887599658695
-0.18989753012001287
-0.1918501379427975
-0.19061514684405997
-0.18170126772230183
-0.1761072238583252
-0.173920322534792
-0.1693674103382944
-0.16735413577045172
-0.1657721999681303
-0.16439167994921108
-0.1619158266685105
-0.16079064102668564
-0.15956375704275927
-0.157853367965377
-0.14918686458260516
-0.1536667197540971
-0.14869185870753432
-0.14341473911856142
-0.1458087829148103
-0.14867815621940256
-0.14019456123728122
-0.14313492905677747
-0.1437087407739997
-0.1412366630912693
-0.1345668522883718
-0.14078266415983295
-0.13632988934092138
-0.13275116512807483
-0.13431706994466114
-0.13811872593803
-0.1310399723304572
-0.13470683208533604
-0.13658042934779588
-0.13513720350154246
-0.13018175104303634
-0.1365340420416613
-0.1331596323649754
-0.13053331369886037
-0.13245309818185502
-0.1369976843739611
-0.13144242840049056
-0.13588228269427155
-0.138948902231527
-0.1388308743709803
-0.13558648752154176
-0.1425149075561519
-0.14063359974769532
-0.1396278413992457
-0.14269634330555908
-0.14861458885893264
-0.14534105162404684
-0.15121087143232848
-0.15606969561517214
-0.15837409823485438
-0.15817790914502147
-0.1667539370831655
-0.16840276526802903
-0.1714779504077006
-0.1781129446058079
-0.18753899585820255
-0.19090576402323875
-0.20132287152363726
-0.21163672560520772
-0.22139186885182274
-0.23300149692633612
-0.2487135344354008
-0.2661289121144581
-0.2903801499844495
-0.3195639157312039
-0.34962115498735014
-0.40610283187925805
-0.46134271081399914
-0.5300117549957305
-0.6571771493595501
-0.968268959143226
-1.2425017890877372
-3.344986529148672
3.778296631228276
1.2812959386852258
0.8419803671887939
0.5704726333976899
0.4552524276798104
0.38629149073348534
0.329522852417293
0.27090718912073836
0.23760258734246564
0.21153319630753756
0.18253120758239497
0.1602723635120552
0.14516267149175457
0.12336119984007084
0.11869585382585467
0.11434188091189461
0.11057182641652503
0.10781739684769392
0.0889589861133761
0.0856401722545614
0.0807100474046506
0.07338151273725933
0.06553437473945675
0.06690066414028832
0.06039962942284998
0.056199468282986935
0.05518421542117114
0.05536956316585741
0.048108444852300425
0.04846614947976168
0.047100477235567935
0.04323806099004205
0.038304658070057014
0.041190911383015366
0.03667230812345787
0.03378011656075333
0.0337128634779825
0.03529452828029471
0.02951964505294031
0.030943446799028995
0.031246111349745528
0.02878931279840385
0.02450108331311273
0.028234716829673396
0.024418371310330488
0.021835290996994106
0.022163329471416783
0.02456843247970921
0.01909792526648105
0.021252855276317272
0.02227710721466535
0.020409627364701158
0.016482006171031075
0.02064453160326187
0.017152415075979376
0.01471324000965003
0.015337900282814754
0.018144663482933737
0.012841390296962053
0.015315333395183036
0.01677627617050398
0.015145461826889191
0.011387944714420919
0.01582861459820171
0.012474991946913186
0.010233752320859118
0.010945578045461257
0.013966679528822468
0.008779307896168183
0.011358409498767782
0.013021342937486233
0.01165101790382552
0.007929559668532905
0.012611673723420981
0.009389898986879414
0.007122689556497017
0.007825418472605518
0.011100638400211566
0.005939744626913115
0.00869555898136088
0.010606635777884683
0.009242345919416304
0.005711485830605511
0.010357938358466287
0.007162195516384591
0.004964916917066182
0.0057202739842228
0.008934162106799402
0.003934165983431324
0.006794885882431127
0.008690184176370916
0.007579841483346313
0.003866195201555353
0.008695141703238398
0.005658937081524068
0.0033425489582136828
0.004153451879109126
0.007654123605329293
0.002390046717569098
0.005387312504619733
0.0074648581701511835
0.006282554551284978
0.0027267618869736597
0.007569876860498559
0.0044015247629571215
0.002143898624435899
0.0030204784067110963
0.006616004726701127
0.0014509063198501024
0.004261837630607881
0.0064588287696838815
0.005339150922802667
0.0016849929865436289
0.006613574152992515
0.003516749766012618
0.0012195338592797405
0.0021318526186063437
0.005587595053198081
0.0006678007176893182
0.0035431404203541904
0.005722360740094701
0.004644623643327339
0.0010002128297586532
0.006015821127218323
0.0029053624659068924
0.0005911078378084978
0.0013724228841982212
0.0049258308016421485
-0.0001008043778403665
0.002870920786610789
0.004882136676727956
0.004052613828132545
0.0005888676564761711
0.0053450944684701445
0.002293105691414732
0.0001554281038855885
0.0009593709727232173
0.0044879295442561175
-0.00044083643738252707
0.002417749532153677
0.004437229249734554
0.003590818783553618
0.00007204389220037773
0.0049353748191897345
0.0019987742190878694
-0.00027552661985014105
0.000510610503142791
0.003971315908735173
-0.0011343816338896034
0.0019112254240767645
0.004170614104672526
0.0032267798413994886
-0.0003226426869526386
0.00458792203028
0.001699820635644663
-0.0006205397559970109
0.00014821591860588877
0.003428411697237875
-0.0013084728144853468
0.0016085764692816073
0.0039018194347572852
0.0030090322250057653
-0.0006558938119720188
0.0041696273383782755
0.001340025453154764
-0.0010229450073267598
-0.00022511125297796728
0.00347326540654113
-0.0015236784434853583
0.0013843926768894303
0.0038446219137074724
0.0028259190000481864
-0.00045460310725983034
0.003980659843162985
0.001242153850883881
-0.0010776277610810515
-0.0003929075220143064
0.0026937395420968333
-0.0016536451400031879
0.0012619230672545737
0.003609073770079445
0.002763050758398368
-0.001038149301786631
0.003808767006747545
0.0009729958016057184
-0.0013820308806269449
-0.0005412943447565345
0.0031983805848251317
-0.0017121513408510146
0.0010883707703074155
0.0033443623265735608
0.002439364352177163
-0.0012179324438374554
0.0038305610863720026
0.0007217996299024521
-0.0014569374431107173
-0.0006973639333202292
0.002776235658446341
-0.0021477426530885193
0.0007795310366664889
0.0032946081742287227
0.0023112181400022
-0.0012606411907151824
0.0037519490477907493
0.0007260263804448082
-0.001724751747768662
-0.0008482859629717225
0.0028130332288909426
-0.0020923010638191496
0.0006619824357211067
0.0031418677204819354
0.002189587355590311
-0.0015380134529626738
0.0036287510299567957
0.0005777925979157356
-0.0017447434522435377
-0.000939437555397872
0.002595494120106715
-0.002504366623835762
0.0007673940391807643
0.00310888681636956
0.0020893267402467145
-0.0016123468672230145
0.003703579282849293
0.00043843431185428537
-0.0018812622432096623
-0.0009808529722761447
0.0027648683240374563
-0.002715938281062684
0.0006856225088961933
0.003106830697347729
0.0020112929998667654
-0.0017174263098088973
0.003583772810697272
0.00034212538978036557
-0.0020659555569903284
-0.0010712147235336037
0.002736128830841592
-0.002649791904216508
0.000635986442093846
0.0030406104443265617
0.002001821386566306
-0.0019806512486260507
0.00342337847209658
0.0003105710179415318
-0.002043885876082154
-0.0011690974808496568
0.0025237557340200153
-0.0026120068931046445
0.0004895691000423605
0.0027478735148744344
0.001964053005026126
-0.0018544550401190356
0.003155789812965401
0.0002981602631338924
-0.001923276729956697
-0.001125416980891069
0.0026225562001226765
-0.002378738451676582
0.0005153191208850358
0.002673245128130598
0.0019743665024107935
-0.0018967631529325046
0.003430373603851374
0.0003387305804386099
-0.0018972906117626415
-0.0012800149326061625
0.0023908808680911334
-0.0028761344409045132
0.0003457176347495551
0.00287560773582167
0.001980671980586575
-0.001736760664321313
0.0031989168530980857
0.00023768475051564686
-0.001999417823075779
-0.0012587715304267213
0.0023928292384934255
-0.0026348484683853235
0.00021374801794458187
0.0026944549973469917
0.001881703146525743
-0.002096955136962609
0.003260491292027949
0.00021361789083392327
-0.0023678793851957948
-0.0013721253160204493
0.002397511214389057
-0.0027848084571804902
0.0002852373570132222
0.0028873015641917607
0.0017635936273753241
-0.0018835539619002676
0.0033778985894446513
0.00009578656786426521
-0.002264965084752884
-0.0013345270749748471
0.0024272668897333638
-0.0027076529088960093
0.0000994998315613404
0.0025414146106878532
0.0017771422785069096
-0.0017626360483190555
0.0032994692901120426
0.00016191735081350767
-0.0023888788711500706
-0.001551430163192503
0.0021381363027348855
-0.0028601659792049754
0.00012387629464201964
0.002654003568891939
0.0018664180443165345
-0.0019337319367408188
0.0032696414938292767
0.00010095077447177557
-0.002178734308605717
-0.001398733932402035
0.0023963229930486596
-0.0029773159818114224
0.00015495560328211258
0.00243962931062998
0.0017693586346421355
-0.0019270995241889262
0.003107286985420103
0.00018674286427418775
-0.0022007128654781436
-0.0013249238429700726
0.0018987022620376266
-0.002818710184544735
0.00022038375090945803
0.002539895799311999
0.0017161920277574635
-0.0020839333468294988
0.0032532068232747485
0.00009945436507048205
-0.002328415538672798
-0.0013935312907188034
0.002197688859583729
-0.0027435645164301126
0.00021241166244260784
0.0026886651346963992
0.0016881235083944463
-0.0014454428118041813
0.0029903310542299913
0.00012441168353060947
-0.0022138523001713115
-0.0014426261253270814
0.002275323529934468
-0.002991813471702452
0.00025192486191821697
0.0026024150519202423
0.0015964148055271656
-0.001966772186385996
0.00319629605879271
0.0000416574157082682
-0.002350446200981685
-0.0014157164074998904
0.002282087604737161
-0.003001349346323306
0.00025545086440412516
0.0024955123564043015
0.0016321899773510263
-0.0021619602886275824
0.003244832368409169
0.00005613271944768844
-0.002330650050135248
-0.0013370798881046876
0.002545122297850965
-0.0028383508460400066
0.0002612474469589
0.00262493431376477
0.001680594952595355
-0.0020707076259040935
0.0031646533533288214
1.6675939978002465e-6
-0.002639231419520181
-0.001519094281347557
0.0024298494030533958
-0.003164277488584307
0.0002737465183912659
0.0026892566451112935
0.0015711450119240502
-0.0021695050028127444
0.0030434242554600063
-0.00009445784748619413
-0.002414516725920219
-0.0014015799080442834
0.0024653188405054476
-0.002851119765632273
0.0002885068709515659
0.002785432306704047
0.0016299321228481123
-0.002218097114144546
0.003146984171341485
-0.00013884778866502664
-0.0023785241630542332
-0.0015380124699407656
0.0023309020987718476
-0.0029193854697730326
0.00018250469015289802
0.0026927917403060603
0.0016134459215385926
-0.002266737538576925
0.0031865412542018178
-0.00007598302789163789
-0.0024784567134657244
-0.0014840593238878124
0.0024327874126310353
-0.0030749837795029547
0.00024390755207073878
0.0026407281535431866
0.0016201764207857056
-0.0023001959969304237
0.0031369605176381136
-0.00012301067669188463
-0.0024857349823917633
-0.0014781369626737579
0.0024587345159866065
-0.003010772131279224
0.00024762124752363994
0.0026468121464733904
0.0015676895919564992
-0.002274345161812383
0.0031969526602240554
-0.00013765341348919328
-0.0024816462453306153
-0.0014979330710856707
0.002437194169149311
-0.0029756110482178095
0.00023289176790940885
0.002526803567874052
0.0016017409455726269
-0.002129378709477721
0.0031510378015632092
-0.00013885745704072085