0.20000014158927407
0.20001713395005175
0.2000624629019634
0.20013617212315474
0.20023833280859885
0.20036904398422348
0.20052843294713904
0.20071665583721532
0.20093389834690065
0.20118037657797297
0.20145633805589439
0.20176206291466456
0.20209786526757564
0.2024640947821449
0.20286113848080398
0.203289422792763
0.20374941588693873
0.20424163032110496
0.20476662604863038
0.20532501383154542
0.20591745911747383
0.2065446864485065
0.20720748448278012
0.20790671172487182
0.20864330307976692
0.2094182773679208
0.21023274596687103
0.21108792277929073
0.2119851357700657
0.21292584036817847
0.21391163509585928
0.2149442798715371
0.21602571753977856
0.21715809931761887
0.2183438150218346
0.2195855291686064
0.22088622433319408
0.2222492535470855
0.22367840402766656
0.22517797522909694
0.22675287514190695
0.22840874005312664
0.23015208475575627
0.23199049268549835
0.23393285899569682
0.23598970466859198
0.2381735872008306
0.24049964446791872
0.24298632514274668
0.24565638498133693
0.24853826932175208
0.25166806870200215
0.25509234553994153
0.2588723209918366
0.26309025225221305
0.26785946481301587
0.2733407407427549
0.2797703128295126
0.28751032812176014
0.29714604451993026
0.30968937706278254
0.3270544731310602
0.3533492002180065
0.39925627677588765
0.503647570203361
0.9811454588007201
-0.5851175158568697
0.03356693732685107
0.11564099344551491
0.15709824794166796
0.18207578856983309
0.19920484863326662
0.21204384017180875
0.22230782264796134
0.2309225745412078
0.23843162721174982
0.24517545004572464
0.2513786485614846
0.2571958639063517
0.26273750598386775
0.2680849470725323
0.2732998898059511
0.2784303601730748
0.28351466558664934
0.28858408310503547
0.29366473125371906
0.29877890312039906
0.30394603574063644
0.3091834289621247
0.31450678870456916
0.3199306452570612
0.325468681515386
0.3311339956543921
0.33693931572588476
0.34289717888336474
0.3490200846153933
0.3553206290411639
0.3618116256740323
0.36850621688536855
0.3754179794640805
0.382561027073054
0.38995011198847346
0.39760072822743464
0.4055292179935802
0.41375288327861875
0.42229010443666465
0.43116046758956844
0.4403849028207133
0.4499858352714823
0.45998735147039377
0.4704153835050284
0.48129791399869853
0.49266520528859536
0.5045500567339668
0.51698809473084
0.5300181007975822
0.5436823840542937
0.5580272055869044
0.5731032636143273
0.588966250126539
0.6056774918152427
0.6233046907807276
0.6419227838050308
0.6616149431091392
0.682473746692951
0.7046025528979819
0.72811712214155
0.7531475393947897
0.7798405046539706
0.8083620763913916
0.8389009761542353
0.8716725930282068
0.9069238672944959
0.9449392871059468
0.986048305874704
1.0306345892619695
1.07914764091001
1.1321175528498164
1.1901739063725336
1.2540702529392795
1.3247161965568746
1.4032199816041027
1.4909458311661752
1.589592361414974
1.7013016999972708
1.8288143138677
1.9756935619694265
2.1466595782369735
2.3481000715863316
2.588878004634255
2.8816590455015088
3.2451959170127456
3.7084842641990394
4.3188617393283435
5.1592351582565055
6.389213668439366
8.360492944377132
12.03012753802361
21.2460265175647
87.06436651648312
-42.00661581121191
-17.084286777024985
-10.773402349247855
-7.895739821398253
-6.249506485282046
-5.18403965815618
-4.438433629788088
-3.887716163365095
-3.4645237919133973
-3.1293374206331905
-2.8574433985049006
-2.632594142741522
-2.4436690902222606
-2.2828004312349206
-2.1442650347260215
-2.0238004570686696
-1.9181670328577727
-1.8248586020777882
-1.7419061666437234
-1.6677414175829428
-1.6010998645108754
-1.540950779110794
-1.4864456757503894
-1.4368798489456698
-1.3916632640240905
-1.3502982512593644
-1.3123622183764747
-1.2774941123138277
-1.245383715180637
-1.215763106030728
-1.18839979438483
-1.1630911562225577
-1.1396598935846434
-1.117950305184101
-1.0978252044868058
-1.0791633584103002
-1.0618573474760087
-1.045811769325492
-1.0309417236848761
-1.0171715293684438
-1.0044336336551114
-0.9926676820133462
-0.9818197221830866
-0.9718415214176986
-0.9626899795206777
-0.9543266233939548
-0.946717171307014
-0.9398311571240222
-0.933641606385265
-0.9281247575053734
-0.9232598224820802
-0.9190287824531694
-0.9154162142321798
-0.9124091446253979
-0.9099969299077126
-0.9081711583326285
-0.9069255739880706
-0.906256020698811
-0.906160405029321
-0.9066386777679007
-0.9076928335838059
-0.9093269288510819
-0.9115471179348513
-0.9143617085460491
-0.9177812370966573
-0.9218185653392136
-0.9264889999617254
-0.931810437242955
-0.9378035353678984
-0.944491917574312
-0.9519024099683336
-0.9600653186341617
-0.9690147515988408
-0.9787889923356523
-0.989430932842796
-1.0009885759794634
-1.0135156187494987
-1.0270721306917494
-1.0417253445872396
-1.0575505804864267
-1.0746323288025315
-1.0930655241849412
-1.1129570494418475
-1.1344275184108321
-1.1576133990325177
-1.1826695538546192
-1.209772295998408
-1.2391230859365467
-1.2709530306132168
-1.3055283947965097
-1.343157399824431
-1.384198673927412
-1.4290718410875365
-1.478270906780895
-1.532381341306364
-1.592102108967579
-1.6582743974591707
-1.7319195510324603
-1.8142898405012906
-1.9069374401401138
-2.01180971217243
-2.131383298290737
-2.268856799167592
-2.4284342512472783
-2.6157535718930607
-2.8385545216149244
-3.1077584466876607
-3.439289870652594
-3.8573114676026736
-4.400341842127999
-5.133775967977171
-6.1782772951367075
-7.783801025871515
-10.566101274078237
-16.561712604597467
-38.89921184048036
104.96967380538236
22.239794680631682
12.366985225415032
8.536482917724763
6.501906145775234
5.240578478565404
4.382405216343847
3.7609685754964044
3.2903613981523177
2.92175349170363
2.625337237887674
2.3818866604278455
2.1784447205628403
2.0059608772656716
1.8579221034376217
1.7295218848867249
1.617135712327607
1.517978821933981
1.429876349578165
1.3511050590765383
1.280281924659781
1.2162841463064742
1.1581907168792565
1.1052390573219948
1.0567923735678961
1.0123147648961566
0.971352018083467
0.9335166277300657
0.8984759962242701
0.8659430528671272
0.8356687326787625
0.8074358985542641
0.781054393655373
0.7563569862204584
0.7331960244953866
0.7114406608392463
0.6909745351499061
0.6716938313358647
0.6535056385971594
0.6363265631801213
0.6200815470659047
0.6047028584934646
0.590129225860944
0.5763050918113819
0.5631799685002173
0.5507078784007753
0.5388468677089816
0.5275585815987301
0.5168078923611024
0.5065625729170448
0.49679300938841037
0.4874719473983324
0.4785742675876826
0.47007678651259804
0.46195807965379165
0.45419832374187474
0.4467791560010608
0.4396835482485855
0.4328956940713458
0.4264009075412849
0.4201855321361704
0.41423685870687454
0.4085430514817401
0.4030930812269772
0.3978766647922249
0.39288421036570825
0.3881067678457541
0.383535983806657
0.3791640605990793
0.37498371917917367
0.3709881653077425
0.36717105880224105
0.3635264855606061
0.36004893210792643
0.35673326244511944
0.35357469700378646
0.35056879353346326
0.347711429767512
0.3449987877311194
0.3424273395711436
0.33999383480151285
0.33769528887097594
0.33552897297177087
0.3334924050184887
0.3315833417365068
0.3297997718085488
0.3281399100366356
0.3266021924850412
0.3251852725775859
0.32388801813051066
0.322709509309395
0.32164903750634416
0.32070610514094766
0.31988042639631853
0.31917192890941404
0.3185807564430982
0.3181072725761905
0.3177520654571991
0.31751595367746316
0.3173999933306695
0.31740548633774673
0.31753399012970707
0.31778732879622357
0.3181676058243559
0.31867721857119924
0.31931887463582026
0.3200956103204237
0.32101081139905846
0.32206823644445587
0.3232720430009415
0.3246268169346377
0.326137605342022
0.32780995345648056
0.32964994606023956
0.3316642539890347
0.3338601864103605
0.3362457496667786
0.3388297136061359
0.34162168647622987
0.34463219964531666
0.347872803631822
0.3513561771906433
0.3550962515235505
0.3591083520667335
0.36340936077789315
0.36801790241716553
0.3729545590172112
0.3782421176005627
0.3839058572701032
0.3899738831264953
0.3964775161265622
0.4034517500849595
0.4109357896638392
0.41897368655907163
0.4276150954048635
0.436916176485758
0.44694067958742734
0.4577612528127327
0.4694610327450847
0.48213558909255466
0.4958953195137412
0.5108684210404769
0.5272046067819481
0.5450797954546044
0.5647020843042644
0.5863194347131825
0.6102296721341199
0.6367936562998426
0.6664528596332933
0.6997531768629498
0.7373777045416031
0.7801926969761179
0.829313321430889
0.8861999341439738
0.9528027902092768
1.0317862151654074
1.12688827093982
1.24352216245762
1.3898328537077935
1.5786688875254078
1.8315502396194827
2.1874677774575124
2.725125233635153
3.630760215719256
5.476974629919622
11.300915307630556
-112.9414764517808
-9.622271361014388
-4.955211402958683
-3.3229426416403873
-2.4921300300668805
-1.9890583081878481
-1.6518816263330174
-1.4102526061064216
-1.2286706226206991
-1.0872829854001314
-0.9741192415078461
-0.8815325682432682
-0.8044094175016991
-0.7392007456242468
-0.683366224381161
-0.6350396658513023
-0.5928193304422373
-0.5556319206296031
-0.5226417232377498
-0.49318833165881004
-0.46674298219377225
-0.44287732175438904
-0.42124066484666334
-0.401543164483707
-0.3835431774689472
-0.3670376531171522
-0.3518547337374647
-0.3378479950391881
-0.32489191757124075
-0.3128782928144662
-0.30171334638687014
-0.29131541682644096
-0.2816130687078248
-0.27254354817595355
-0.2640515105603483
-0.25608796577816073
-0.24860939927406098
-0.24157703536378305
-0.2349562168104744
-0.22871587982256905
-0.22282810781701815
-0.217267750537495
-0.21201209766814047
-0.2070405981014421
-0.202334617625642
-0.1978772290822754
-0.19365303007962162
-0.18964798418470244
-0.18584928219736777
-0.18224522066574309
-0.17882509525926515
-0.17557910699127188
-0.1724982795951814
-0.16957438661731025
-0.1667998870059516
-0.16416786815795642
-0.16167199553714665
-0.15930646810857624
-0.1570659789427636
-0.1549456804384595
-0.1529411536936501
-0.15104838162480194
-0.14926372549578845
-0.14758390457194076
-0.14600597866304502
-0.1445273333624519
-0.14314566782938207
-0.1418589849986331
-0.14066558413718622
-0.13956405570161423
-0.13855327848421553
-0.13763241907071738
-0.13680093366870227
-0.13605857240484728
-0.13540538623142387
-0.13484173663007118
-0.13436830835428942
-0.13398612551409
-0.13369657137829882
-0.13350141235480018
-0.1334028267107085
-0.13340343871576746
-0.13350635903976105
-0.13371523241461888
-0.1340342937923997
-0.13446843450336604
-0.1350232802577013
-0.13570528325924497
-0.136521831235332
-0.13748137686557102
-0.1385935919601446
-0.13986955185376806
-0.14132195692748745
-0.14296540005932326
-0.1448166912926422
-0.14689525431693823
-0.14922361379058893
-0.15182799854294435
-0.15473909392196794
-0.15799298795204994
-0.1616323719549634
-0.1657080790127437
-0.17028107642612847
-0.17542507633726928
-0.18123000024522168
-0.18780664181346995
-0.19529304084350202
-0.20386334851609675
-0.2137403987807733
-0.2252139285680995
-0.23866764748911817
-0.2546206128190144
-0.2737925808498268
-0.29721127654320006
-0.3263967040725325
-0.3636958256621637
-0.41293324843649437
-0.4807910180763031
-0.5800894462706507
-0.7389349913794698
-1.0331685290052641
-1.7623319165401088
-6.553907180471418
3.54406520138806
1.3704008681364575
0.8373824328409193
0.5968068893429143
0.45994702294562056
0.37171020734859456
0.3101503977925532
0.2647996741428661
0.23003209903611777
0.20255438116880847
0.1803105039672776
0.16195059611169188
0.14655176608897882
0.1334616681654227
0.12220614771693886
0.11243229989570255
0.1038720509561014
0.09631812178044398
0.08960772548704427
0.08361124360670638
0.07822419295736618
0.07336141911482394
0.06895282826336235
0.06494020203681872
0.061274787770814285
0.05791545252834379
0.054827252798627456
0.051980314623483334
0.049348948296411975
0.046910942248337494
0.044646995191696646
0.04254025594085168
0.04057594782072036
0.038741060065100495
0.037024092669642635
0.03541484420205052
0.03390423436366978
0.03248415484041019
0.031147343318609428
0.029887276575479647
0.028698079358845677
0.027574446401977273
0.026511575417219484
0.02550510930737038
0.02455108614932198
0.02364589575782433
0.022786241841691503
0.021969108930625238
0.021191733385980318
0.020451577919462675
0.019746309134736666
0.019073777682065626
0.0184320006783864
0.01781914609707767
0.017233518874968986
0.016673548520443133
0.01613777803701855
0.0156248540025562
0.01513351766605176
0.014662596942488561
0.014210999202002412
0.013777704763072886
0.013361761010989697
0.012962277072749138
0.012578418988052434
0.012209405323436506
0.011854503182928857
0.01151302457413082
0.011184323093427897
0.010867790898196485
0.010562855937517369
0.010268979416089634
0.009985653468827758
0.00971239902607309
0.009448763851501604
0.009194320736708244
0.008948665838121825
0.008711417143382158
0.00848221305562422
0.008260711085273886
0.00804658663999281
0.007839531904330321
0.007639254801455096
0.007445478030073324
0.007257938170290698
0.007076384852759658
0.00690057998597765
0.006730297037070455
0.006565320361818019
0.0064054445800571305
0.006250473992940633
0.006100222038837358
0.005954510784938023
0.005813170451881236
0.005676038968944104
0.0055429615575452946
0.005413790340996792
0.005288383978609801
0.005166607322414881
0.005048331094894743
0.004933431586258673
0.004821790369901282
0.004713294034795398
0.004607833933666331
0.004505305945881887
0.004405610254075031
0.004308651133588638
0.004214336753901125
0.004122578991253173
0.004033293251752912
0.003946398304289867
0.0038618161226358495
0.003779471736155568
0.0036992930885904034
0.0036212109044166502
0.003545158562313997
0.0034710719753124376
0.003398889477214602
0.0033285517149189694
0.003260001546293345
0.0031931839432727013
0.003128045899875664
0.0030645363448556008
0.003002606058719111
0.0029422075948634884
0.0028832952045996
0.0028258247658421182
0.002769753715262557
0.002715040983713381
0.002661646934743621
0.0026095333060372114
0.002558663153615939
0.0025090007986581413
0.002460511776793781
0.0024131627897443753
0.0023669216591844637
0.0023217572827084576
0.0022776395917935366
0.0022345395116556356
0.002192428922901577
0.0021512806248859323
0.002111068300686483
0.002071766483616951
0.0020333505252002966
0.001995796564530297
0.0019590814989529294
0.00192318295600297
0.0018880792665348272
0.0018537494389899193
0.0018201731347459158
0.001787330644496334
0.0017552028656114861
0.0017237712804346324
0.0016930179354694595
0.0016629254214173272
0.0016334768540250079
0.0016046558557055828
0.001576446537897065
0.0015488334841252819
0.0015218017337390454
0.00149533676628751
0.0014694244865108366
0.001444051209917031
0.0014192036489189788
0.0013948688995070251
0.0013710344284337222
0.0013476880608884246
0.0013248179686406205
0.001302412658631707
0.001280460961996182
0.0012589520234938185
0.00123787529133558
0.0012172205073865167
0.0011969776977300355
0.0011771371635783457
0.0011576894725148113
0.0011386254500544441
0.0011199361715095782
0.0011016129541481874
0.0010836473496329806
0.0010660311367299542
0.0010487563142755044
0.0010318150943918359
0.001015199895940674
0.000998903338205944
0.0009829182347962943
0.0009672375877589185
0.0009518545818963295
0.0009367625792782851
0.000921955113941261
0.0009074258867682584
0.0008931687605420491
0.0008791777551652069
0.0008654470430406452
0.0008519709446065224
0.0008387439240197747
0.0008257605849826561
0.0008130156667069945
0.0008005040400109948
0.0007882207035437615
0.000776160780132784
0.0007643195132498931
0.0007526922635913852
0.0007412745057681472
0.0007300618251018205
0.0007190499145231595
0.0007082345715689514
0.0006976116954739699
0.0006871772843545587
0.0006769274324806424
0.0006668583276330073
0.0006569662485428988
0.0006472475624110078
0.0006376987225031354
0.0006283162658198324
0.0006190968108374922
0.0006100370553184066
0.0006011337741874489
0.0005923838174731096
0.0005837841083106674
0.0005753316410054321
0.0005670234791540036
0.0005588567538216218
0.0005508286617736994
0.0005429364637597718
0.0005351774828480854
0.0005275491028091843
0.000520048766546843
0.0005126739745748309
0.0005054222835379807
0.000498291304776124
0.0004912787029295216
0.0004843821945844101
0.0004775995469574168
0.0004709285766175526
0.00046436714824461204
0.0004579131734228046
0.00045156460946851483
0.00044531945829107844
0.00043917576528557393
0.0004331316182566058
0.0004271851463720963
0.0004213345191461775
0.00041557794545025415
0.0004099136725513887
0.0004043399851771363
0.00039885520460604607
0.00039345768778302514
0.0003881458264588071
0.0003829180463527968
0.00037777280633857736
0.00037270859765139937
0.0003677239431169846
0.00036281739640100727
0.0003579875412786367
0.0003532329909235359
0.000348552387215743
0.00034394440006787683
0.0003394077267691196
0.00033494109134646365
0.00033054324394270044
0.00032621296021067897
0.00032194904072334915
0.0003177503103991307
0.0003136156179421708
0.0003095438352970548
0.0003055338571175563
0.00030158460024902386
0.0002976950032240104
0.0002938640257707763
0.0002900906483342947
0.00028637387160939694
0.00028271271608573646
0.00027910622160421593
0.0002755534469245671
0.00027205346930377354
0.0002686053840850244
0.00026520830429691564
0.0002618613602626063
0.0002585636992186629
0.0002553144849433165
0.00025211289739388314
0.00024895813235308365
0.00024584940108403374
0.0002427859299936604
0.00023976696030431297
0.00023679174773335554
0.00023385956218051785
0.00023096968742280168
0.00022812142081672998
0.00022531407300775588
0.00022254696764662904
0.00021981944111254182
0.00021713084224286676
0.00021448053206931926
0.0002118678835603757
0.00020929228136977186
0.00020675312159093483
0.00020424981151718588
0.0002017817694075678
0.00019934842425814241
0.00019694921557862757
0.00019458359317422685
0.0001922510169325216
0.0001899509566152919
0.0001876828916551452
0.00018544631095682453
0.00018324071270307815
0.00018106560416497608
0.00017892050151655824
0.00017680492965370715
0.0001747184220171338
0.00017266052041937994
0.00017063077487572848
0.00016862874343893055
0.0001666539920376472
0.00016470609431851974
0.0001627846314917745
0.000160889192180274
0.0001590193722719314
0.000157174774775404
0.0001553550096789862
0.00015355969381261963
0.00015178845071295074
0.00015004091049135383
0.00014831670970485414
0.00014661549122987436
0.00014493690413874138
0.00014328060357888362
0.0001416462506546529
0.00014003351231171157
0.00013844206122391953
0.00013687157568266465
0.00013532173948857355
0.00013379224184555135
0.0001322827772570913
0.00013079304542480203
0.00012932275114909932
0.00012787160423201137
0.00012643931938204964
0.00012502561612109166
0.00012363021869323565
0.00012225285597557495
0.00012089326139085155
0.00011955117282194161
0.00011822633252813246
0.00011691848706315095
0.00011562738719489816
0.00011435278782685609
0.00011309444792112494
0.00011185213042305463
0.00011062560218743305
0.00010941463390619723
0.00010821900003763075
0.00010703847873701619
0.00010587285178870571
0.0001047219045395814
0.0001035854258338735
0.00010246320794930221
0.00010135504653451881
0.00010026074054781265
0.00009918009219705908
0.00009811290688087579
0.00009705899313096672
0.0000960181625556226
0.00009499022978435442
0.00009397501241363412
0.00009297233095371759
0.00009198200877652897
0.00009100387206457791
0.00009003774976089191
0.0000890834735199388
0.00008814087765951943
0.00008720979911360664
0.00008629007738611371
0.00008538155450556916
0.00008448407498068006
0.00008359748575676292
0.00008272163617302501
0.00008185637792067813
0.00008100156500186389
0.00008015705368937793
0.00007932270248717088
0.0000784983720916145
0.00007768392535351168
0.00007687922724083893
0.00007608414480220291
0.00007529854713099783
0.00007452230533024617
0.00007375529247811238
0.00007299738359407203
0.0000722484556057233
0.00007150838731622906
0.00007077705937237417
0.00007005435423322719
0.00006934015613939152
0.00006863435108283618
0.00006793682677729293
0.00006724747262920829
0.00006656617970923798
0.00006589284072427508
0.00006522734998999855
0.00006456960340393222
0.000063919498419004
0.00006327693401759529
0.00006264181068607002
0.00006201403038977339
0.00006139349654849218
0.0000607801140123648
0.000060173789038235155
0.000059574429266438004
0.00005898194369800993
0.000058396242672315736
0.00005781723784508216
0.00005724484216683112
0.00005667896986170468
0.00005611953640667319
0.00005556645851111896
0.000055019654096789315
0.00005447904227810983
0.000053944543342852505
0.00005341607873314965
0.00005289357102684876
0.00005237694391920104
0.000051866122204875764
0.00005136103176029588
0.0000508615995262874
0.000050367753491037285
0.0000498794226733525
0.00004939653710621583
0.00004891902782063196
0.000048446826829758276
0.00004797986711331445
0.000047518082602266296
0.00004706140816377833