0.2000000014158916
0.20000017132305045
0.2000006244104049
0.20000136068231256
0.2000023801458542
0.20000368281083483
0.2000052686897835
0.20000713779795454
0.2000092901533274
0.20001172577660806
0.20001444469122964
0.20001744692335374
0.20002073250187102
0.200024301458403
0.20002815382730327
0.2000322896456589
0.20003670895329215
0.20004141179276222
0.20004639820936704
0.20005166825114531
0.2000572219688787
0.20006305941609384
0.20006918064906498
0.20007558572681608
0.2000822747111238
0.20008924766651986
0.20009650466029427
0.20010404576249785
0.20011187104594552
0.20011998058621988
0.20012837446167364
0.20013705275343405
0.20014601554540581
0.2001552629242751
0.20016479497951337
0.20017461180338125
0.2001847134909324
0.20019510014001846
0.20020577185129235
0.20021672872821367
0.20022797087705269
0.20023949840689548
0.2002513114296484
0.20026341006004345
0.20027579441564303
0.20028846461684552
0.20030142078689034
0.2003146630518639
0.2003281915407047
0.20034200638520944
0.20035610772003912
0.20037049568272458
0.20038517041367318
0.20040013205617477
0.20041538075640847
0.2004309166634489
0.20044673992927328
0.20046285070876815
0.2004792491597363
0.20049593544290412
0.20051290972192878
0.200530172163406
0.2005477229368767
0.2005655622148363
0.20058369017274102
0.20060210698901704
0.20062081284506805
0.20063980792528394
0.20065909241704902
0.20067866651075103
0.20069853039978927
0.20071868428058445
0.20073912835258687
0.2007598628182864
0.20078088788322138
0.20080220375598853
0.2008238106482526
0.2008457087747561
0.2008678983533295
0.2008903796049012
0.20091315275350866
0.20093621802630782
0.20095957565358477
0.20098322586876602
0.20100716890842987
0.20103140501231784
0.20105593442334524
0.2010807573876138
0.2011058741544223
0.20113128497627986
0.20115699010891658
0.20118298981129684
0.20120928434563148
0.20123587397739032
0.20126275897531487
0.20128993961143204
0.20131741616106635
0.20134518890285433
0.20137325811875734
0.20140162409407564
0.20143028711746244
0.2014592474809383
0.20148850547990474
0.2015180614131597
0.20154791558291174
0.20157806829479538
0.20160851985788603
0.20163927058471548
0.2016703207912878
0.2017016707970947
0.20173332092513183
0.2017652715019152
0.20179752285749722
0.2018300753254841
0.20186292924305196
0.20189608495096456
0.2019295427935907
0.20196330311892144
0.20199736627858836
0.20203173262788143
0.20206640252576752
0.20210137633490882
0.2021366544216817
0.20217223715619576
0.20220812491231338
0.20224431806766902
0.20228081700368908
0.2023176221056121
0.20235473376250915
0.20239215236730432
0.2024298783167956
0.20246791201167605
0.20250625385655535
0.20254490425998134
0.20258386363446237
0.20262313239648902
0.2026627109665567
0.20270259976918908
0.20274279923296085
0.20278330979052098
0.20282413187861678
0.20286526593811768
0.20290671241403985
0.2029484717555706
0.20299054441609346
0.20303293085321353
0.20307563152878316
0.2031186469089275
0.20316197746407128
0.20320562366896505
0.20324958600271234
0.20329386494879695
0.2033384609951102
0.20338337463397968
0.20342860636219667
0.20347415668104585
0.20352002609633332
0.20356621511841708
0.20361272426223573
0.20365955404733976
0.20370670499792165
0.2037541776428463
0.20380197251568355
0.20385009015473904
0.2038985311030865
0.20394729590860072
0.20399638512399026
0.20404579930683084
0.2040955390195992
0.2041456048297076
0.2041959973095382
0.2042467170364784
0.20429776459295648
0.20434914056647754
0.20440084554966
0.20445288014027263
0.2045052449412722
0.20455794056084142
0.2046109676124268
0.20466432671477822
0.20471801849198826
0.20477204357353168
0.20482640259430654
0.20488109619467476
0.2049361250205035
0.20499148972320758
0.20504719095979196
0.20510322939289466
0.20515960569083078
0.20521632052763614
0.2052733745831131
0.20533076854287538
0.20538850309839357
0.2054465789470432
0.2055049967921504
0.20556375734304094
0.20562286131508772
0.20568230942976082
0.2057421024146766
0.20580224100364825
0.2058627259367373
0.2059235579603044
0.205984737827063
0.20604626629613154
0.20610814413308767
0.20617037211002257
0.20623295100559683
0.2062958816050956
0.206359164700486
0.20642280109047428
0.20648679158056465
0.20655113698311753
0.2066158381174102
0.20668089580969695
0.20674631089327097
0.20681208420852654
0.20687821660302186
0.20694470893154376
0.20701156205617208
0.20707877684634574
0.207146354178929
0.20721429493827984
0.20728260001631768
0.20735127031259332
0.20742030673435924
0.20748971019664095
0.2075594816223094
0.20762962194215434
0.2077001320949591
0.20777101302757514
0.20784226569499936
0.20791389106045127
0.207985890095452
0.2080582637799033
0.2081310131021693
0.20820413905915777
0.20827764265640375
0.2083515249081536
0.2084257868374505
0.2085004294762217
0.20857545386536566
0.20865086105484207
0.20872665210376173
0.20880282808047881
0.20887939006268372
0.20895633913749767
0.20903367640156825
0.2091114029611671
0.20918951993228815
0.2092680284407477
0.20934692962228607
0.20942622462267058
0.2095059145977998
0.20958600071380992
0.20966648414718198
0.20974736608485153
0.2098286477243186
0.2099103302737612
0.20999241495214835
0.2100749029893567
0.2101577956262874
0.21024109411498587
0.21032479971876283
0.2104089137123164
0.2104934373818581
0.21057837202523846
0.210663718952076
0.21074947948388767
0.21083565495422119
0.21092224670878967
0.2110092561056081
0.2110966845151322
0.21118453332039874
0.211272803917169
0.21136149771407373
0.21145061613276034
0.2115401606080431
0.2116301325880545
0.21172053353440057
0.21181136492231686
0.21190262824082817
0.21199432499291027
0.2120864566956546
0.2121790248804343
0.21227203109307494
0.2123654768940262
0.21245936385853728
0.2125536935768344
0.21264846765430187
0.21274368771166563
0.21283935538517992
0.2129354723268168
0.21303204020445896
0.21312906070209572
0.21322653552002183
0.21332446637503993
0.21342285500066618
0.21352170314733934
0.21362101258263333
0.21372078509147283
0.2138210224763535
0.21392172655756492
0.21402289917341746
0.21412454218047322
0.21422665745378094
0.21432924688711427
0.2144323123932147
0.21453585590403812
0.21463987937100618
0.2147443847652611
0.21484937407792581
0.21495484932036785
0.2150608125244677
0.21516726574289277
0.21527421104937475
0.2153816505389929
0.21548958632846188
0.21559802055642407
0.2157069553837481
0.21581639299383182
0.21592633559291108
0.2160367854103731
0.21614774469907677
0.21625921573567786
0.21637120082095967
0.21648370228017047
0.2165967224633664
0.216710263745761
0.2168243285280804
0.2169389192369258
0.2170540383251419
0.2171696882721923
0.21728587158454185
0.2174025907960459
0.2175198484683469
0.21763764719127776
0.21775598958327388
0.21787487829179136
0.21799431599373473
0.2181143053958905
0.21823484923537148
0.218355950280067
0.21847761132910362
0.21859983521331328
0.21872262479571097
0.21884598297198146
0.2189699126709753
0.2190944168552144
0.2192194985214075
0.2193451607009749
0.2194714064605849
0.21959823890269925
0.2197256611661297
0.21985367642660647
0.21998228789735583
0.22011149882969105
0.22024131251361434
0.22037173227843124
0.22050276149337578
0.2206344035682502
0.22076666195407618
0.22089954014376018
0.2210330416727708
0.22116717011983156
0.22130192910762733
0.22143732230352423
0.2215733534203059
0.22171002621692337
0.22184734449926233
0.2219853121209242
0.22212393298402583
0.22226321104001284
0.2224031502904939
0.22254375478808916
0.22268502863729867
0.2228269759953887
0.22296960107329666
0.22311290813655518
0.2232569015062379
0.2234015855599221
0.22354696473267627
0.223693043518066
0.22383982646918285
0.22398731819969622
0.22413552338492848
0.22428444676295092
0.22443409313570925
0.2245844673701689
0.22473557439948916
0.22488741922422195
0.22504000691353818
0.22519334260648158
0.22534743151325146
0.2255022789165136
0.22565789017274193
0.22581427071359053
0.2259714260472976
0.22612936176012108
0.2262880835178079
0.22644759706709855
0.2266079082372649
0.22676902294168547
0.2269309471794562
0.22709368703704333
0.22725724868996897
0.22742163840454335
0.22758686253963475
0.22775292754848314
0.2279198399805565
0.2280876064834557
0.2282562338048598
0.22842572879452458
0.22859609840632747
0.22876734970036144
0.22893948984508605
0.22911252611952346
0.22928646591551902
0.2294613167400503
0.22963708621759996
0.22981378209258352
0.22999141223184458
0.2301699846272089
0.23034950739810575
0.23052998879425687
0.2307114371984339
0.2308938611292898
0.23107726924426103
0.23126167034254572
0.2314470733681646
0.23163348741309714
0.23182092172050459
0.23200938568803717
0.23219888887122983
0.23238944098699246
0.2325810519171881
0.2327737317123153
0.23296749059528565
0.2331623389653068
0.23335828740187411
0.2335553466688683
0.23375352771877075
0.23395284169699604
0.23415329994634412
0.23435491401157738
0.23455769564413267
0.2347616568069607
0.23496680967950634
0.2351731666628342
0.2353807403848994
0.23558954370596996
0.2357995897242135
0.23601089178143994
0.23622346346901538
0.2364373186339579
0.23665247138520287
0.2368689361000644
0.23708672743088602
0.23730586031189713
0.2375263499662704
0.2377482119134007
0.2379714619764026
0.2381961162898431
0.23842219130770778
0.23864970381162545
0.23887867091933504
0.2391091100934332
0.23934103915038818
0.23957447626984987
0.23980944000424634
0.240045949288699
0.24028402345125066
0.24052368222343082
0.24076494575116236
0.24100783460603079
0.24125236979691975
0.24149857278203857
0.2417464654813491
0.24199607028940684
0.24224741008864267
0.2425005082630903
0.24275538871258368
0.24301207586744214
0.24327059470366502
0.24353097075864885
0.24379323014746526
0.2440573995796959
0.24432350637687625
0.24459157849055013
0.24486164452097933
0.24513373373652053
0.24540787609370582
0.2456841022580569
0.245962443625659
0.24624293234553715
0.2465256013428548
0.24681048434298763
0.24709761589649154
0.2473870314050331
0.2476787671482828
0.24797286031186194
0.24826934901635297
0.24856827234744225
0.24886967038723376
0.24917358424680147
0.24948005610002888
0.2497891292187901
0.25010084800955307
0.2504152580514458
0.2507324061358907
0.2510523403078407
0.2513751099087254
0.2517007656211809
0.2520293595156404
0.25236094509890356
0.2526955773647295
0.25303331284662567
0.25337420967289576
0.2537183276240508
0.25406572819274675
0.25441647464635697
0.25477063209228085
0.25512826754620954
0.2554894500034339
0.2558542505133653
0.2562227422574834
0.2565950006308537
0.25697110332741185
0.257351130429231
0.25773516450000467
0.25812329068292256
0.25851559680326963
0.2589121734759219
0.25931311421808934
0.25971851556756753
0.2601284772068207
0.2605431020932449
0.2609624965959635
0.26138677063953886
0.26181603785501567
0.2622504157387551
0.26269002581948425
0.2631349938341096
0.26358544991280286
0.26404152877397463
0.2645033699296855
0.26497111790222744
0.2654449224525827
0.26592493882143675
0.26641132798369466
0.2669042569172677
0.26740389888715826
0.2679104337458579
0.2684240482510384
0.26894493640194306
0.26947329979555557
0.2700093480040214
0.2705532989747637
0.27110537945502877
0.27166582544239537
0.2722348826633393
0.27281280708178607
0.27339986543986566
0.27399633583334565
0.2746025083243482
0.27521868559406637
0.2758451836387725
0.27648233251237386
0.27713047711913863
0.27778997806075456
0.2784612125419091
0.27914457533945364
0.2798404798399158
0.280549359151764
0.28127166729803493
0.2820078804966621
0.28275849853602464
0.2835240462539656
0.2843050751294002
0.28510216499715413
0.2859159258963477
0.2867470000656968
0.28759606409870947
0.2884638312741266
0.2893510540789896
0.2902585269420233
0.29118708919935465
0.2921376283147693
0.2931110833812753
0.2941084489323031
0.29513077909551
0.2961791921250764
0.2972548753539412
0.29835909061139254
0.2994931801582483
0.30065857319813644
0.30185679303059054
0.30308946492192557
0.3043583247782413
0.3056652287177812
0.3070121636537978
0.30840125901371584
0.30983479973914735
0.311315240734276
0.31284522295213274
0.31442759134149256
0.3160654149077608
0.31776200918550074
0.31952096146623016
0.32134615918422815
0.3232418219282648
0.3252125376342752
0.32726330360461314
0.32939957312434803
0.3316273085818658
0.3339530421777499
0.33638394551279793
0.3389279096065494
0.34159363721170694
0.344390749682563
0.34732991113876976
0.3504229732740818
0.35368314491645136
0.3571251914065986
0.3607656700805997
0.364623209697001
0.36871884365090435
0.37307640941761705
0.37772303004472196
0.3826896979904396
0.3880119875017625
0.39373092967571793
0.39989409504978346
0.4065569432292202
0.41378451925890086
0.4216536047315155
0.4302554715804457
0.4396994438061477
0.45011755578704077
0.46167071891386485
0.4745569933014658
0.4890228442158064
0.5053787040276523
0.5240208630636997
0.5454628570094534
0.5703814272863842
0.5996853952492577
0.6346215154840524
0.6769416405259397
0.7291742094259608
0.7950766964941945
0.8804007164656611
0.9941513271014906
1.1502540700002493
1.3664451185040027
1.631018744540448
1.619381705398026
0.09778232933731322
-1.2107112363203651
-1.1528183582581808
-0.9031179731466475
-0.7083709040852781
-0.5739193174320688
-0.4833668357210011
-0.41419976581120677
-0.2923459185661079
-0.08808282138224958
-0.022067876371601496
-0.012457701655698464
-0.0015699890207270467
0.010624989551352087
0.022897991113708663
0.034721037650196386
0.04586760063677976
0.05626078809633156
0.06589934880926708
0.07481852019376051
0.08306931309886585
0.0907077138176197
0.09778920769510525
0.1043661521187474
0.11048666801290051
0.1161943300398388
0.12152826437043397
0.1265234411546215
0.13121104650451915
0.13561887267836858
0.13977169507855866
0.14369162117533454
0.14739840559697967
0.15090973045106632
0.15424145246135787
0.15740781964800382
0.16042166071737615
0.16329455032765067
0.16603695324881854
0.16865835014361813
0.1711673474024188
0.1735717731739056
0.17587876144961298
0.17809482581006886
0.18022592422254227
0.18227751608030593
0.18425461251040093
0.18616182083326524
0.18800338392719143
0.18978321515301846
0.1915049293986421
0.193171870727432
0.19478713704950248
0.19635360217436365
0.19787393556289667
0.1993506200469809
0.20078596775412272
0.20218213444450714
0.20354113243846145
0.2048648422926283
0.2061550233627203
0.20741332337318785
0.2086412871000247
0.20984036426165584
0.21101191669841782
0.2121572249151875
0.21327749405123458
0.21437385933487102
0.21544739107301125
0.21649909922166705
0.2175299375779585
0.21854080762802905
0.21953256208542005
0.22050600814607227
0.2214619104882081
0.22240099403807057
0.22332394652402923
0.2242314208364749
0.22512403721138954
0.22600238525187513
0.22686702580223952
0.22771849268627656
0.2285572943215234
0.22938391521975496
0.23019881738232442
0.2310024415993934
0.23179520866056935
0.23257752048370997
0.23334976116831418
0.23411229797955058
0.23486548226768206
0.2356096503284396
0.23634512420800183
0.23707221245726354
0.23779121083876428
0.23850240298972675
0.23920606104454506
0.23990244621922013
0.2405918093608739
0.2412743914643647
0.24195042415851917
0.24262013016376943
0.24328372372357562
0.2439414110109859
0.24459339051195322
0.24523985338740847
0.24588098381484746
0.24651695931132034
0.24714795103843543
0.24777412409115018
0.24839563777074844
0.24901264584346383
0.24962529678540252
0.250233734014555
0.2508380961108459
0.25143851702485237
0.25203512627588015
0.25262804913991493
0.25321740682835453
0.2538033166575627
0.25438589221032143
0.25496524348922434
0.2555414770626537
0.256114696203762
0.25668500102276315
0.25725248859296584
0.25781725307093384
0.2583793858109366
0.2589389754742026
0.25949610813308943
0.26005086737049193
0.26060333437483285
0.26115358803070454
0.2617017050055038
0.26224775983225584
0.26279182498872694
0.26333397097317107
0.26387426637676686
0.2644127779529067
0.26494957068361447
0.2654847078430534
0.2660182510584219
0.266550260368316
0.2670807942786168
0.26760990981611915
0.26813766257998184
0.26866410679103686
0.26918929533916647
0.26971327982871696
0.27023611062218206
0.2707578368821213
0.27127850661138814
0.27179816669193296
0.2723168629218954
0.27283464005145996
0.27335154181724963
0.27386761097540047
0.2743828893334747
0.2748974177810512
0.27541123631930736
0.2759243840893874
0.2764368993998824
0.27694881975310587
0.2774601818705896
0.2779710217175639
0.27848137452662425
0.2789912748204973
0.2795007564340216
0.2800098525353714
0.2805185956465559
0.2810270176631233
0.28153514987332606
0.28204302297642175
0.28255066710061627
0.2830581118201575
0.2835653861719996
0.28407251867183625
0.2845795373296706
0.2850864696647951
0.28559334272032405
0.286100183077256
0.2866070168680586
0.28711386978980397
0.28762076711694273
0.2881277337136073
0.2886347940455511
0.2891419721917331
0.2896492918554784
0.29015677637538406
0.29066444873580005
0.2911723315770495
0.2916804472052908
0.29218881760212795
0.2926974644338892
0.2932064090606614
0.2937156725450234
0.2942252756605533
0.29473523890007014
0.29524558248362387
0.2957563263662749
0.2962674902456349
0.29677909356921117
0.2972911555415009
0.2978036951309275
0.29831673107656465
0.2988302818946846
0.2993443658850718
0.2998590011372628
0.30037420553650906
0.30088999676965444
0.3014063923307982
0.3019234095268634
0.3024410654829514
0.302959377147631
0.3034783612979989
0.3039980345446834
0.3045184133366898
0.30503951396611184
0.3055613525727369
0.30608394514852405
0.30660730754197923
0.30713145546241366
0.3076564044840961
0.308182170050313
0.30870876747731024
0.3092362119581498
0.3097645185664871
0.3102937022602329
0.3108237778851361
0.3113547601782894
0.31188666377156743
0.3124195031949185
0.31295329287968554
0.31348804716175194
0.31402378028468414
0.3145605064027623
0.3150982395839579
0.31563699381287674
0.31617678299355106
0.31671762095229716
0.3172595214403812
0.31780249813673145
0.3183465646505267
0.3188917345237682
0.3194380212337823
0.3199854381956694
0.32053399876472544
0.32108371623877374
0.3216346038605019
0.3221866748197015
0.32273994225550967
0.3232944192585787
0.3238501188732055
0.3244070540994342
0.32496523789512016
0.32552468317794525
0.3260854028273854
0.32664740968669087
0.3272107165647591
0.32777533623805316
0.3283412814524248
0.328908564924934
0.329477199345639
0.330047197379351
0.33061857166735387
0.33119133482911756
0.33176549946396044
0.33234107815268776
0.3329180834592337
0.33349652793223433
0.3340764241066201
0.3346577845051528
0.3352406216399539
0.33582494801400326
0.33641077612264425
0.3369981184550299
0.33758698749556393
0.33817739572534694
0.33876935562355753
0.3393628796688498
0.33995798034074237
0.3405546701209462
0.3411529614947187
0.3417528669521738
0.3423543989896101
0.34295757011078387
0.3435623928282013
0.34416887966436616
0.34477704315305574
0.3453868958405434
0.34599845028682186
0.34661171906683397
0.3472267147716673
0.3478434500097389
0.3484619374079928
0.34908218961306314
0.349704219292433
0.3503280391355974
0.35095366185519444
0.3515811001881425
0.352210366896782
0.3528414747699689
0.35347443662420414
0.35410926530473114
0.35474597368662636
0.35538457467589935
0.3560250812105741
0.3566675062617547
0.3573118628347129
0.3579581639699476
0.3586064227442407
0.3592566522717214
0.3599088657049132
0.3605630762357842
0.3612192970967925
0.3618775415619121
0.36253782294768977
0.3632001546142553
0.3638645499663781
0.3645310224544737
0.3651995855756226
0.3658702528746211
0.3665430379449762
0.36721795442993843
0.3678950160235049
0.368574236471452
0.36925562957233454
0.3699392091785215
0.3706249891971761
0.3713129835912957
0.3720032063807243
0.3726956716431444
0.37339039351511316
0.3740873861930557
0.37478666393429705
0.37548824105806466
0.3761921319465075
0.3768983510457223
0.37760691286675147
0.3783178319866296
0.37903112304938175
0.3797468007670583
0.38046487992076655
0.38118537536169206
0.38190830201212983
0.3826336748665213
0.38336150899249305
0.38409181953189075
0.38482462170182846
0.3855599307957435
0.3862977621844213
0.3870381313170805
0.3877810537224157
0.388526545009661
0.38927462086966264
0.3900252970759551
0.3907785894858227
0.39153451404139733
0.39229308677074454
0.3930543237889366
0.39381824129918225
0.39458485559391093
0.39535418305587827
0.3961262401593019
0.39690104347096217
0.39767860965134294
0.3984589554557691
0.39924209773553626
0.4000280534390745
0.4008168396130929
0.40160847340374994
0.40240297205782155
0.4032003529238848
0.40400063345349263
0.40480383120238045
0.40560996383166836
0.4064190491090629
0.40723110491009235
0.4080461492193235
0.40886420013159686
0.40968527585329034
0.4105093947035615
0.41133657511561467
0.4121668356379827
0.41300019493581525
0.41383667179215916
0.41467628510928706
0.41551905390999155
0.41636499733893684
0.41721413466397506
0.41806648527751045
0.4189220686978584
0.41978090457061357
0.42064301267003085
0.42150841290044516
0.4223771252976514
0.4232491700303379
0.4241245674015258
0.4250033378500114
0.4258855019518208
0.42677108042169354
0.42766009411455863
0.4285525640270485
0.4294485112989933
0.4303479572149758
0.43125092320585046
0.4321574308503247
0.433067501876501
0.4339811581634981
0.4348984217430318
0.43581931480104646
0.4367438596793428
0.4376720788772393
0.4386039950532224
0.43953963102664856
0.4404790097794364
0.44142215445778915
0.44236908837393274
0.4433198350078606
0.44427441800911893
0.4452328611985791
0.4461951885702737
0.4471614242931984
0.4481315927131703
0.4491057183546961
0.4500838259228522
0.45106594030520275
0.45205208657371304
0.4530422899867065
0.4540365759908302
0.455034970223044
0.4560374985126364
0.4570441868832556
0.45805506155496406
0.45907014894632
0.46008947567648095
0.4611130685673258
0.46214095464560245
0.46317316114510715
0.4642097155088772
0.4652506453914222
0.4662959786609538
0.4673457434016723
0.4683999679160724
0.46945868072724795
0.47052191058126824
0.4715896864495391
0.4726620375312214
0.4737389932556574
0.4748205832848507
0.47590683751593
0.4769977860837042
0.47809345936318975
0.47919388797220996
0.4802991027739849
0.48140913487980463
0.482524015651678
0.4836437767050591
0.48476844991156604
0.4858980674017859
0.48703266156804575
0.48817226506727013
0.4893169108238686
0.490466632032622
0.4916214621616438
0.4927814349553529
0.4939465844375036
0.49511694491423763
0.49629255097716185
0.4974734375065175
0.4986596396743107
0.49985119294755426
0.5010481330914996
0.5022504961729415
0.5034583185635552
0.5046716369432502
0.5058904883036169
0.5071149099513748
0.5083449395118772
0.5095806149326724
0.5108219744870925
0.5120690567779034
0.5133219007409785
0.5145805456490725
0.5158450311155655
0.5171153970983308
0.5183916839035987
0.5196739321899184
0.5209621829721182
0.5222564776253671
0.5235568578892611
0.5248633658719656
0.5261760440544294
0.5274949352946381
0.5288200828319322
0.5301515302913816
0.531489321688202
0.5328335014322758
0.5341841143326799
0.5355412056022996
0.5369048208625234
0.5382750061479682
0.5396518079112845
0.5410352730280124
0.5424254488015546
0.5438223829681458
0.5452261237019285
0.5466367196201217
0.5480542197881884
0.5494786737251777
0.5509101314090316
0.5523486432820524
0.553794260256398
0.5552470337196711
0.5567070155405813
0.5581742580746952
0.5596488141702677
0.5611307371741239
0.5626200809376829
0.564116899823019
0.5656212487090272
0.5671331829976786
0.5686527586203473
0.5701800320442649
0.5717150602790356
0.5732579008832462
0.5748086119711935
0.5763672522197
0.5779338808750111
0.5795085577598111
0.5810913432803578
0.5826822984336797
0.5842814848149018
0.5858889646246925
0.5875048006768062
0.5891290564057209
0.5907617958744383
0.5924030837823269
0.5940529854731688
0.5957115669432457
0.5973788948496118
0.5990550365184371
0.6007400599535173
0.6024340338448981
0.6041370275776243
0.6058491112406287
0.6075703556357429
0.6093008322868884
0.6110406134493356
0.6127897721191905
0.6145483820429638
0.616316517727295
0.6180942544488729
0.6198816682644621
0.6216788360210894
0.6234858353664229
0.625302744759291
0.6271296434803519
0.6289666116429702
0.6308137302042222
0.6326710809761036
0.6345387466369186
0.6364168107428136
0.6383053577395555
0.6402044729744346
0.6421142427084052
0.6440347541283816
0.6459660953597872
0.6479083554792471
0.6498616245275337
0.651825993522688
0.6538015544733816
0.6557884003924779
0.6577866253108224
0.6597963242912851
0.6618175934429791
0.6638505299357588
0.6658952320149549
0.6679517990163343
0.6700203313813387
0.6721009306725303
0.6741936995893607
0.6762987419841426
0.6784161628783504
0.6805460684791353
0.6826885661961846
0.6848437646588041
0.6870117737333391
0.6891927045408762
0.6913866694752646
0.6935937822213993
0.6958141577738933
0.6980479124560083
0.7002951639389491
0.7025560312614952
0.7048306348499418
0.7071190965384389
0.7094215395896578
0.7117380887158111
0.7140688701000858
0.7164140114184101
0.718773641861639
0.72114789215813
0.7235368945966952
0.725940783050028
0.7283596929984668
0.730793761554271
0.7332431274862742
0.7357079312450134
0.7381883149883203
0.7406844226073721
0.7431963997532063
0.7457243938637573
0.748268554191342
0.750829031830723
0.7534059797476184
0.755999552807792
0.7586099078066632
0.7612372034994968
0.7638816006321304
0.7665432619722958
0.7692223523415269
0.7719190386476978
0.7746334899181188
0.7773658773333699
0.7801163742616442
0.7828851562938891
0.7856724012795099
0.7884782893628552
0.7913030030203411
0.7941467270983524
0.797009648851839
0.7998919579836852
0.8027938466848793
0.805715509675441
0.808657144246161
0.8116189503011919
0.8146011304014578
0.8176038898089721
0.8206274365320124
0.8236719813711729
0.8267377379664618
0.8298249228452009
0.8329337554710303
0.8360644582938329
0.8392172568006775
0.8423923795679014
0.8455900583141491
0.8488105279545566
0.8520540266561117
0.8553207958940584
0.8586110805095675
0.8619251287685912
0.8652631924219568
0.8686255267666798
0.8720123907086994
0.8754240468267958
0.8788607614379939
0.8823228046642865
0.8858104505008658
0.8893239768857536
0.8928636657709519
0.8964298031952387
0.9000226793583513
0.9036425886970456
0.9072898299625872
0.9109647063001074
0.9146675253296692
0.918398599229089
0.9221582448186842
0.9259467836478881
0.9297645420837588
0.9336118514015344
0.9374890478772615
0.9413964728824324
0.9453344729809431
0.949303400028052
0.9533036112718044
0.9573354694566987
0.961399342929786
0.9654956057492051
0.969624637795276
0.973786824884231
0.9779825588845138
0.9822122378359366
0.9864762660716023
0.9907750543427049
0.9951090199464461
0.9994785868567855
1.0038841858586
1.0083262546848775
1.0128052381573718
1.017321588330625
1.0218757646395233
1.0264682340505213
1.0310994712165231
1.0357699586356424
1.0404801868139688
1.0452306544322707
1.0500218685170117
1.0548543446155751
1.0597286069760157
1.0646451887312582
1.0696046320881532
1.074607488521229
1.0796543189715078
1.0847456940504474
1.0898821942491985
1.0950644101532265
1.1002929426627133
1.1055684032186122
1.1108914140347002
1.116262608335861
1.1216826306026575
1.1271521368224502
1.1326717947472926
1.1382422841587831
1.1438642971401038
1.1495385383554375
1.1552657253371466
1.1610465887806949
1.166881872847863
1.172772335478221
1.1787187487095259
1.1847218990068409
1.1907825876010536
1.1969016308370366
1.2030798605314597
1.209318124341084
1.2156172861415144
1.2219782264168033
1.2284018426604972
1.2348890497881098
1.2414407805620093
1.2480579860284489
1.2547416359677543
1.2614927193576855
1.268312244850764
1.275201241265895
1.2821607580947276
1.2891918660232975
1.2962956574698032
1.303473247138577
1.3107257725911856