0.2000000012147691
0.20000014797163854
0.2000005360862069
0.20000117062929174
0.20000210687682762
0.20000329327395167
0.20000472868572014
0.20000666465258501
0.20000689297394414
0.20001161668627102
0.19973440663571848
0.20001910597866937
0.20002334125674784
0.2000200164825283
0.20002832278925395
0.20003301561375586
0.20003876587800162
0.20003629820120766
0.20005236803207124
0.20004759703588168
0.20006427193793272
0.2000269332540944
0.19985879859287217
0.20023047765677907
0.200192804802359
0.20008464018688554
0.20025878607326883
0.1999013718400866
0.2004966588599602
0.1997393358270563
0.20027139108723063
0.20014155476297227
0.20015068082152943
0.20014325982192438
0.20030036644631694
0.19985416673511996
0.20018704389538367
0.20016260035360575
0.20024229008065964
0.20045916756821672
0.2001845607739394
0.20024194349933558
0.19966775724383992
0.1994507345767311
0.2002087539445276
0.20022418411556686
0.20026680880933218
0.20028473729800678
0.2003079407712894
0.20029434688711323
0.20033962736036928
0.20032188924946728
0.20036261886901663
0.20017571997273625
0.20053138923607494
0.20070993422516312
0.20047192405929706
0.2008641365274334
0.20025480631107923
0.20001853430535294
0.20020530574153608
0.2008299543953452
0.200734629439353
0.20047180350944888
0.2005978367288158
0.20062534412251382
0.20060500946329196
0.20062616870707456
0.2006591179645113
0.20067571541355247
0.2006919177439969
0.20069635606039088
0.20068142934255015
0.20076234644140342
0.20077362001403037
0.20077626608086016
0.20115529936604484
0.20082734261272708
0.20085109918502986
0.20087081790537242
0.20117989797854752
0.20096295812576354
0.2008587062029415
0.20099526730782996
0.20100809978722475
0.2010843538826996
0.20112885840492262
0.20082827397376915
0.20100109558890042
0.20108704862194324
0.20105992873140696
0.2012000241516427
0.20112646645198262
0.2012611442563203
0.20132119600197268
0.2012497853717762
0.20135715314578925
0.20141325066489607
0.2013730863179666
0.20141237710045842
0.20145143577980282
0.2014977521665905
0.20154613062239032
0.20158183801223123
0.2016290764532019
0.2016023413740606
0.20161526153879458
0.20169934677120646
0.20174874942100396
0.2016860772598263
0.20171265348144315
0.20183560129549566
0.2018692947091055
0.20178446040451098
0.20186411128656617
0.2019207835333687
0.20197100171476173
0.20199591184033372
0.2020517403641665
0.2020784435811456
0.202137075651454
0.20219634377624662
0.202238755349634
0.20225358347604339
0.20227747881879218
0.2023112019445755
0.20236178856707474
0.20237749336608385
0.20238770371206824
0.20244490384595973
0.20244497022720787
0.20245512347073333
0.20249586120093127
0.20250770364895787
0.20253638858678857
0.20255062046576872
0.2025554036290508
0.20253408205738335
0.20280246711452496
0.20283332341809698
0.202913305326105
0.20287532796976152
0.2029168167515321
0.2029524673889719
0.2029815385778788
0.20301188532769338
0.20308360822138613
0.20311593542915615
0.203141315612594
0.20317250719868254
0.2031973710767071
0.2032412932745269
0.20326694992242245
0.20327765526407812
0.20339417313277972
0.2034351642221317
0.2034643098694108
0.2035235107618106
0.20349724159763793
0.20358396411144572
0.20355830683116594
0.20359967997226758
0.2037181742273882
0.20382129523529693
0.20389328231992757
0.2039083997914508
0.203934529640793
0.20395915522742952
0.20398810631920739
0.204032060215696
0.20404761438921165
0.20411554255814887
0.20411434068568435
0.2041814617506779
0.2042592617588047
0.20434182808115572
0.20437209934634817
0.2044602537320161
0.20450518469205012
0.20462281645415925
0.2046825953965831
0.20478975979075226
0.2048695432063202
0.20495937106991372
0.2050620361171121
0.20513764566688555
0.20524623699428354
0.20531036815310025
0.2049157484378703
0.2049597131715359
0.2050097113073219
0.2051203464261674
0.20520387285013542
0.20529093096357554
0.2054095488985638
0.20547688896014146
0.20557541537810076
0.2056776385408705
0.20577251422439632
0.20587474398838201
0.20595248870611788
0.2060376304578286
0.20614162148018478
0.20620177074087026
0.20630107959251992
0.2063453941296773
0.2064432917280994
0.2065249548157698
0.20655310297676313
0.2066237838259258
0.20664878618892416
0.2066811235346267
0.2067032625166533
0.20667519501717882
0.20677846277949316
0.20689026472252986
0.20698331884369067
0.20709400620604862
0.2071834920887194
0.20727046282090753
0.20734901284304838
0.207412598424253
0.2075223447555616
0.20756294381749749
0.20760210195483794
0.2076516640652759
0.20772001124526643
0.207727408599979
0.20780264759984457
0.20780484042198555
0.2078316947752318
0.20788029229161434
0.2079056238286781
0.20792336662374553
0.20794326577913075
0.20794943486378395
0.20800278904119718
0.20802861893008942
0.20875990647703913
0.2088012116097203
0.2088633691552748
0.20893585933206932
0.2089799131565006
0.20895162428895186
0.20906914006294156
0.2090929457928917
0.20909204110564816
0.20913440962312455
0.20913326043414754
0.20916990998522653
0.20919810553139695
0.2092388279018231
0.20926002970594051
0.20933063686919143
0.20942229806227405
0.209476822835968
0.20953966331406562
0.209623456458277
0.20974720884084752
0.20984172417237837
0.20997969160615212
0.20998722263288283
0.21012996532895925
0.21040022102598702
0.21044729512834884
0.21044379386203385
0.21049023042112602
0.21053593826852646
0.2105903187578562
0.2106253106090564
0.21067911257984284
0.21072730357402286
0.2108220379526323
0.21094847901159566
0.2110729137393316
0.2112446361671006
0.2113821703688566
0.2114916639941951
0.21161783784330995
0.21174826792226628
0.21187428958559343
0.21205520283945428
0.2122192812683595
0.21237826383751368
0.21255062142711031
0.2127366525563469
0.21289394150348642
0.21304441598836765
0.21208342513180645
0.21223353689025998
0.21245176868452836
0.21250111872645713
0.21270643572981848
0.21288619933247982
0.21304339099142236
0.21320020743370854
0.21336928354790505
0.2135640785379196
0.21372613739604868
0.21387923476646153
0.21403645995963663
0.2141869874913414
0.21431066803954946
0.2144645607241789
0.21459851071969685
0.2147447900004696
0.21482496548111427
0.21491188263049907
0.21502439691323066
0.21511342121558563
0.21507147298113632
0.2151027076328387
0.21520397223237422
0.215169889850554
0.2153849797728926
0.21556368578269158
0.2157510530102352
0.21591652995495758
0.21606029639754182
0.21619532146651946
0.21631230921226277
0.21645645089034152
0.21656382681252476
0.21669887992295897
0.2167846048593812
0.21674754464362858
0.2168195444431986
0.21690607519572713
0.21700514471818863
0.21703738337673723
0.21702479432752841
0.21703732142119062
0.21707684995737506
0.21710015367795799
0.21712866525219637
0.2171575568322772
0.21716219874801818
0.21721510672972943
0.21871083243671813
0.2187521838035194
0.21885090000810883
0.2189033500878397
0.21888966962137138
0.2188512928824038
0.2188544243666259
0.2189850331717048
0.2189934492517591
0.2189926609442597
0.2190420125381522
0.2191053031303554
0.2191657508595824
0.2192444755228263
0.21931282241499025
0.21937914283525267
0.21949530523757757
0.21955449425891335
0.21965816510428693
0.21982020486663198
0.2200770346363912
0.2202712530665373
0.22038469623369436
0.2207414733446514
0.22097054809099778
0.22107632116376466
0.22114801796299316
0.22115297065850562
0.2211930447037474
0.22127040385438784
0.22134563332006407
0.221447205281965
0.22155489512214965
0.22169342346048068
0.22181588198610347
0.2219850646289639
0.22215993580033724
0.22236982340721428
0.22258310344436494
0.22284546725136883
0.22308359508667028
0.22340138482790964
0.22362766014148863
0.22385273957934124
0.22411696323347266
0.2243998102710598
0.2246689060399459
0.22494032619278728
0.22518086377961216
0.22543508759014388
0.22382371904571868
0.22404312368823343
0.22429555754989122
0.22456657534301122
0.2248204226379606
0.22511256268201993
0.2253935368536153
0.2256821711595804
0.2259909053697121
0.2262457715928697
0.22652764313290738
0.2267794417363907
0.22702229453988274
0.22726581207311813
0.22749718393637927
0.22772556520838852
0.22789567923435974
0.22805981438912584
0.22825359224502373
0.22839257097020016
0.22852687193915858
0.22860649212516054
0.22869630634288102
0.22863405270036494
0.2287039781189581
0.22890007894674264
0.22924118858391765
0.22952799268626975
0.2298018407174085
0.23004808630124804
0.23029332805846117
0.23050862861873783
0.23070756070536488
0.2308843014308655
0.23104685167497918
0.23118280269036945
0.23122933963540054
0.23131064987367478
0.23142624480750304
0.2315227059805089
0.23153841930076857
0.23159039549525667
0.2316885018583907
0.23172923141209548
0.23177124706790664
0.23182086073342653
0.2318574517914969
0.23191809395361473
0.23199781526090696
0.2320708663676014
0.2344520591520323
0.23443400216645854
0.23460882167093433
0.23452439979253453
0.23468331881856383
0.2346595684885431
0.2347265765414031
0.234795508202896
0.2348283330436067
0.23491549113913385
0.23505932882612285
0.23513589344055869
0.23523234525360218
0.23534616193486313
0.23548028370142657
0.23566171049769094
0.23584110774950723
0.23605132176202986
0.23630458827844728
0.23653974627962562
0.2368522320561741
0.23719628459917383
0.23764847326794508
0.238028794454188
0.2384514387957383
0.2384035734614873
0.23840030583641533
0.2384808127292676
0.23861584876299788
0.23877217050746374
0.23894079586467692
0.23916836995135532
0.2394368825653348
0.23969767887519372
0.2399956941191686
0.2403049178828531
0.24065584633453002
0.24100854260462207
0.24136872984319416
0.24176263816880345
0.24219736046510115
0.24266018103385276
0.24306567276667182
0.2434735380130579
0.24387856625664261
0.24431459279519321
0.24473848419588032
0.24513751789115615
0.2455031553426538
0.24586283260720496
0.24347868577720766
0.2439227666963794
0.24444920471913748
0.2449299264363731
0.24541318745312926
0.24588369058360668
0.24640472960866813
0.24689418244475456
0.24734662689800632
0.24775173312149576
0.24822361299636084
0.24866399895721072
0.24906357456819703
0.2494468922134533
0.24985144336641057
0.250206218494008
0.2505098541503217
0.25080844136858177
0.2510754758225971
0.25114509930055223
0.25141958964773164
0.25168150186766125
0.25179819617756033
0.25172821657868405
0.2518873006423673
0.25298028445671705
0.2535170257518505
0.2539538126503078
0.254436526661615
0.25488138215080275
0.25527264174934483
0.2555965292327432
0.25592278027618864
0.2561804995676308
0.25641685503894857
0.2567002757214099
0.2568631821344956
0.25710562893362765
0.25729011322588075
0.25742932519514206
0.2576153387662215
0.2578331351011762
0.2579650727485559
0.25815118618291577
0.2583790913928488
0.2585429810954744
0.25870788297773417
0.2589451950518301
0.2592178281718224
0.259537695848804
0.2635868936628747
0.2637714331999626
0.2639210784624977
0.26403862638261677
0.2642188205382202
0.2643370317448861
0.2645219089882936
0.26471360461206056
0.2649291336306238
0.2652069453016232
0.2654695932708283
0.2657737823262139
0.2661578689597189
0.2665621341722246
0.2669792826498817
0.2674751454763718
0.2680111339177936
0.26859732166273287
0.2692884877385902
0.2699961980952406
0.2709156274705883
0.27175029403366174
0.27259910543886934
0.2735795548706569
0.27455703808744447
0.2732864026966224
0.27362709958190423
0.27407576304712733
0.27456928262088054
0.2751585715443003
0.2758290498242453
0.2765317283175613
0.2773087781821014
0.27817464601848546
0.2790752514798989
0.2800461612003318
0.28107283129457705
0.2821569801894777
0.28322590348830884
0.28442345090049703
0.2855305059601708
0.28672968103297397
0.28786732998710896
0.28914134804487046
0.2903275572734802
0.2915214536592517
0.29268334471733687
0.2938309085678273
0.29492399621744386
0.2959127061402712
0.290799287283423
0.2925633299307986
0.2942148358683587
0.29598729684775954
0.2977818553641459
0.2994909627637646
0.30116579741205884
0.30288732724822465
0.30470700635811776
0.3063829832169965
0.3080227021163135
0.30969628856328635
0.31129662697985316
0.3128537083566756
0.3143891025797738
0.3158105085510064
0.3172489994306382
0.3186371586630047
0.3199680285882788
0.32122358592359257
0.32248283833003316
0.3236967873686636
0.32481313035676135
0.3259134467728151
0.3270139890344754
0.33766097245452675
0.3407008052786633
0.3435787656291249
0.3463924878334389
0.3491011836821958
0.3517237022220625
0.3543191080019581
0.3568985990796101
0.3593395747968258
0.36191692172448875
0.3644838488257913
0.36716185386240285
0.36981061140663246
0.3728923558369669
0.3760493833631458
0.37954678270770564
0.38328423032172376
0.3873847535663466
0.39210438900728944
0.39733781076254027
0.4031309395134965
0.41002211055060556
0.41803998082736166
0.4272103030307529
0.4378422291012193
0.6302586550646169
0.6284512029094985
0.6268915168058604
0.6249998969652564
0.6230745611263765
0.6207542086114892
0.6184578711034084
0.6160499333013583
0.6136902233496734
0.6113382424965792
0.60901042947602
0.6065627287570715
0.6040223782601375
0.6009576218659415
0.5971923403626754
0.5926373176865088
0.5870103758411299
0.5796836996356822
0.571333330703377
0.5612365210959281
0.5496510946549086
0.5373929723636104
0.5231259675849003
0.5088495545131376
0.49569478709062176
-0.3766114853721929
-0.2978361465146991
-0.23299153008646858
-0.1767247255616205
-0.13054307058287384
-0.09039858976717326
-0.05525238796444156
-0.02493345422374754
0.0021170675817884254
0.025676433820044454
0.046933905235086754
0.06572348135892582
0.08201420472333017
0.09613379019644762
0.10893279737570927
0.11993085618785862
0.12957163838567765
0.1378000806196663
0.14487052230104155
0.15087528283185153
0.15558239766814316
0.15926332177032115
0.16177772611632665
0.1634115107193707
0.16424251265152034
0.13809620073550338
0.14395415106315013
0.14989036847766674
0.1552441877164854
0.16005402664450313
0.16460621861313898
0.16872576064359143
0.17257153240089343
0.17588408281785828
0.17895412297132662
0.18182331624384776
0.1843249615031334
0.18656944037172365
0.18855303772307233
0.19030985879721032
0.19179592595878897
0.19297925613381933
0.19405106588686882
0.19495257042574746
0.1955409633921258
0.19610627556384563
0.19651675891704803
0.19667578671529945
0.19679656410256122
0.19662237738794197
0.2058086898052412
0.20749773369130806
0.20923489379134436
0.2106752476950721
0.21193964934040302
0.2130541305072163
0.21400163611616757
0.214805309736187
0.21554927292616377
0.2161336182961677
0.21666841607323584
0.21720753511811827
0.21755418457456258
0.217955164628376
0.2183440909710801
0.21861651801994775
0.21890565328841594
0.21915837307186847
0.219503615236555
0.21984300716513283
0.2201963997089691
0.22071716860830315
0.22127539912180946
0.22187813512556234
0.22269027182892787
0.2328229289606036
0.2329524774868091
0.23282349539790365
0.23296805104675886
0.2330670254751337
0.23316631592082881
0.23326791980741665
0.23333732578183314
0.23357641775348453
0.23378472546440252
0.2341307181080143
0.23452292377094291
0.23495513660046843
0.2354921432284386
0.23610181187393672
0.2368035406133894
0.23757279000617068
0.23847372997108557
0.23945800106055298
0.2403971749056737
0.24150533620978032
0.24281697700213808
0.24398676344129777
0.2455968583313253
0.24687888786112008
0.24469566490442918
0.2448361943956539
0.24511497445773872
0.24536014011197788
0.24579591147525312
0.246343834732999
0.24696473101046193
0.24763584932352758
0.2484397260844264
0.24929332957391406
0.2502201525602204
0.2512434746155616
0.2522378679374052
0.2533035200568431
0.2544739603460929
0.25559507399087544
0.25673130313637527
0.2578909221949488
0.25906637527807785
0.26017204733728516
0.26129952006100055
0.26236414435698513
0.26336342898826554
0.26424980601744524
0.2650935735029277
0.2568026474440416
0.2580088588921379
0.2592175405025725
0.26039275099934284
0.26156326700096444
0.26279630039044477
0.2640087781449712
0.26517284240814065
0.2662832146672809
0.2673327386012987
0.26829141820260505
0.2692723703506839
0.2701399552822386
0.2709304424685261
0.2716392780644324
0.27227312269913
0.2728152444772365
0.2732310084974241
0.2735668084300673
0.2737973911067416
0.27391800851385056
0.27395587878555394
0.2738630750554013
0.2736806260165831
0.2733508130922039
0.2757758551531522
0.27696616773567057
0.2779587401975485
0.27885791736117205
0.27961944915517556
0.2802796709278961
0.2808438425373012
0.2813052241018581
0.2816330430159421
0.28190259269055756
0.28207369063385157
0.2822051777680998
0.2822329548645594
0.2822346711478287
0.28217150800319774
0.2821080079178763
0.2820136711675543
0.2818727767352848
0.28174175011631775
0.28163180282695893
0.2815323473264837
0.28147508751377937
0.2814657876169447
0.2814963389304137
0.28185230263626815
0.29168375505869376
0.29151919561108125
0.2914554762722436
0.2910474282194915
0.29086365570185624
0.2906524246745604
0.2906056894181542
0.2903850021438432
0.29017301412130647
0.2902005199140156
0.2901911440066478
0.29026558059309887
0.290402954453322
0.29061436527938855
0.29085879014107957
0.29133026470918083
0.2919397296950011
0.2924870053607099
0.29319397371487893
0.29392950621709973
0.29504391332149155
0.2960129270598941
0.29726625093667164
0.29860676877812653
0.3000699348474151
0.29811919255565517
0.29798572400788
0.29798747256213826
0.29804620001626725
0.2982718472497551
0.2986609013651157
0.2991105312713127
0.29974648550832417
0.3004806507764746
0.3013128503286903
0.3022837606911004
0.3031147467253472
0.30426403016315057
0.3053464456066124
0.3065610983648623
0.30765065228392185
0.30881931014189784
0.3100388352058315
0.3113141787393857
0.31261938462042144
0.3137728228242951
0.31490335655550544
0.315955712436015
0.3169314686367176
0.3178432383538051
0.3076344426996563
0.30873901177916896
0.31024081662873737
0.31160930471618253
0.3127980230492192
0.31424435538878726
0.31573507164522807
0.31703560708656847
0.3182123372118583
0.31937316556160816
0.32054595290012033
0.32159930263325914
0.3226357566306571
0.32352690734526623
0.32430008165078233
0.3249723475466634
0.3255534184416499
0.3260389153396028
0.3262778539993348
0.32638359592883354
0.32646688392239465
0.3264955449584873
0.3261507988997635
0.32586203612888803
0.32539986302378754
0.3285989915458157
0.32997261769652037
0.3311980381460842
0.33226428375873757
0.333116145435392
0.3338827738171676
0.3344816395618931
0.33491270166444637
0.3353014601108883
0.3356111874249954
0.3356883330075361
0.3356727733115271
0.33568072053890385
0.33561683196360803
0.33530376658779243
0.33518137868952663
0.33497000276388034
0.334763313575091
0.33453935860250794
0.3342732260284338
0.3340755003671574
0.33389826568112085
0.3338508089832212
0.3339743944113614
0.33417014205073897
0.3473687355447306
0.3472813480498648
0.34697032181148024
0.34647225936426707
0.3459589802734934
0.3456350399394849
0.34530742282601584
0.34515635841693015
0.344802497066807
0.34456120595078454
0.34450411931171127
0.344516516497089
0.34457931848758894
0.3447993089217039
0.34515428825499345
0.3455992443868977
0.34621933959296675
0.3470519471861458
0.34797001068431277
0.34892507882763985
0.35008395504111844
0.3517351090807332
0.35316229848155173
0.3550940329965281
0.3569415067450114
0.3542569381258461
0.3538997267139114
0.3538063645406538
0.3539166678699199
0.3541395088942465
0.35454641838050655
0.35519569964626885
0.35594057989319655
0.3567847591067519
0.3579150876972562
0.3591475992058899
0.36042131817987977
0.36183943022845994
0.3633973811123262
0.36497207000966236
0.36663958401463453
0.36816271663264605
0.3699385437982714
0.37159827780659327
0.37328051281295394
0.37483929617587564
0.3763719674885445
0.3778412067696176
0.37916729708374314
0.38015835313447593
0.3657923796126108
0.36745514205127944
0.36939348040615816
0.37130917343560027
0.3731629197641785
0.3751735860679918
0.37679767841807177
0.37864339455403495
0.3804275747682429
0.3820346299291913
0.3836796913870505
0.38519265268321146
0.3865615071771139
0.3877389787547136
0.3887927260190012
0.3896654605171238
0.390379552958332
0.39087250440140564
0.3913138463797021
0.39158415594950435
0.3914874744588034
0.3915070751877471
0.3910271155756874
0.3905341884928921
0.38970509779803525
0.3945437807193186
0.3964600073267681
0.3980602090201715
0.3995077618341627
0.40075849800675256
0.4017797380113646
0.40259143037984496
0.4031829838908858
0.4036212700859662
0.40391669220877535
0.40403263384160826
0.40403127977129166
0.40400495393823577
0.4036189057866798
0.40349666135793233
0.40309883127724905
0.40273625485636433
0.4022975136347576
0.4019523972240877
0.4015405968430203
0.4011957250505257
0.4009450328672671
0.4007866892981471
0.4009350490005869
0.4011547208744472
0.4204582060861047
0.41997216596772424
0.41947503049294
0.41898600581021367
0.41830552111196173
0.4175100348521514
0.4171953875888296
0.4167221421562128
0.4162398338765326
0.41589905353924717
0.41569797770466566
0.41562249910054566
0.41575211047771227
0.41602410342042545
0.41654194203692757
0.41717993434381373
0.41808492428744176
0.41921454806456426
0.420483628510917
0.42220670212305256
0.42395987249962325
0.42602145512969886
0.42841474396392776
0.43091374192400217
0.4338106671605638
0.4295058807813748
0.4287833663672535
0.4286220807801976
0.42870801383898954
0.4290075705608604
0.4296347891297872
0.4305122596428092
0.4316025434445817
0.4330430334227623
0.43465989118576365
0.436415789680051
0.4383220828242398
0.4405190090529739
0.4427181481039583
0.4450759815376176
0.44746406836673086
0.44988403090809725
0.45218697506307526
0.45479434340826624
0.45708968654234905
0.45947463239634845
0.46163584111305234
0.4637682103305028
0.4656589577774837
0.4673532337729342
0.44543284125715693
0.44823167138466113
0.4509596341615103
0.4539013444109809
0.45683216532315807
0.45953268036231437
0.46251377043100694
0.46495830216423584
0.4675444066341326
0.4701699866954949
0.47229999234044984
0.4744926793611402
0.4765038111352813
0.4782830065442486
0.4797921041720276
0.4810992513354826
0.48218530731013975
0.4829811267596406
0.4834366058256454
0.48363813975193387
0.4838253762918802
0.4835194055140101
0.482707157667206
0.4819169654205953
0.480561017714895
0.48860478845095
0.4913184654443983
0.4939013646628684
0.4959820271507991
0.49780485179887285
0.4992413522282563
0.5003891910463719
0.5012920774557517
0.5019683055673642
0.5023012253218068
0.5023879090624909
0.5023807122594164
0.5021396394220168
0.501694780417648
0.5012901699500057
0.5007416114931352
0.5001063363481321
0.49945137536977763
0.49884050709340116
0.4981692303581481
0.4976999400972241
0.497303271780525
0.4971143117301502
0.49718396297953127
0.49752702393836745
0.5276542579702586
0.5268752223518147
0.5258648608667112
0.5248413825123174
0.5239407927639254
0.5228519732419793
0.5220376166659252
0.5210951289995872
0.5204995811910561
0.5200380020835031
0.5196366427232176
0.5195349147817426
0.5196856409558321
0.520084319391631
0.5208159497669613
0.5219273344564321
0.523254480221757
0.5251235482262875
0.5273168887664202
0.5297202270510719
0.5325650782634599
0.535636056033652
0.5395441059393418
0.5437947418062837
0.5481011931321403
0.5405564452814476
0.5396039813855771
0.5391151482991419
0.5392850632540599
0.5398135545832952
0.5408682616689289
0.5422273365628139
0.5440812139748087
0.5462923822779887
0.5489215440552867
0.5517922419350099
0.5548713034478729
0.5583020220247584
0.5617759167352397
0.5654641662778279
0.5692898430218492
0.5730893381901728
0.5770106360247541
0.5809690970549085
0.5847288944623379
0.5882920037851211
0.5918284546863517
0.5950230475157082
0.5980549820934216
0.6003991666855191
0.5653414019601314
0.5698600452189366
0.5745126587453212
0.579157884263304
0.5839902852104838
0.5885593380383959
0.5930881051285992
0.5974387636086846
0.6016340154491499
0.6056965081221228
0.6093438342219053
0.61269527485232
0.6157914982942616
0.6185880652176645
0.6209175239435608
0.6229981774928041
0.6246742360609833
0.6259838721140156
0.6266410598686889
0.62722709977709
0.6269899551357931
0.6266955616250364
0.6254929312494607
0.6243062986480897
0.6221522128108585
0.6360648453582851
0.6403897440824541
0.6444663730612672
0.6478387936533889
0.6506181380572226
0.6530270770882582
0.6548954473371048
0.6562453440528128
0.6571835377712796
0.657841194526421
0.6580380660964946
0.6580263494028581
0.6576579731500664
0.6568608496732611
0.6560472494187432
0.6551000117140604
0.654194788075926
0.6531370630929552
0.6518150236986043
0.6509216288972407
0.6500955910695467
0.6493363468237677
0.648941747603969
0.6492164654335774
0.6499215674233974
0.7006888984327037
0.6993232409558121
0.697720709318423
0.6959493604887775
0.6941610696576137
0.6924017998942107
0.690824844402709
0.6896564571357777
0.6884296933958397
0.6875255264241882
0.6867164617667899
0.6864267203454848
0.6867756682667786
0.6874336370154746
0.6886308775476971
0.6905435805403705
0.6930018862460016
0.6960606137821373
0.6998496697835408
0.7043221638192395
0.7094769376644305
0.7152780309102885
0.7215346557160404
0.7286656228567736
0.7359469039463732
0.7225362563186075
0.7205750658834525
0.7196240686117904
0.7195404227802558
0.7204640109112208
0.7221605995809952
0.7246340521982652
0.7280483946412244
0.7320583601477977
0.7365957512486955
0.7416372566747708
0.747724351872002
0.7538027516813314
0.7602253740709934
0.7669609904346086
0.773592135716525
0.7804040056889041
0.7872583755038717
0.7936024421338086
0.8004924896780714
0.8067139108369364
0.8126700746271858
0.8181961993676218
0.8231763007931224
0.8275658985316168
0.7637371107523866
0.772317645789479
0.7812170266048526
0.7907156320297606
0.7993501622258616
0.8081408108421408
0.8166213332907685
0.8246464618082949
0.8322379202220537
0.8389220157133036
0.845570412124178
0.8520012856665662
0.8574907483282831
0.8623680571838469
0.8667524773098162
0.8702865904576155
0.8732840980635196
0.8754262177766289
0.8771636464335475
0.8781759434795776
0.8782370378033523
0.877857214925082
0.8765028417411714
0.873599014333049
0.8701292997440307
0.8974945794723284
0.9060829040872662
0.9130538002225908
0.9187494049798255
0.9241275324348841
0.9282141102594131
0.9315890840660974
0.9342139947922399
0.9359795613378425
0.9371875716335376
0.9377132829202718
0.9375707443508213
0.9370503385446979
0.9359777713156677
0.9345785585614492
0.9328522947973412
0.9309456614679874
0.9286755718137167
0.9264366077018376
0.9244061265054033
0.9228876875454286
0.9210966243601155
0.9203167274695461
0.9207350334532096
0.9223730219918729
1.0229607219569787
1.0205898783733862
1.0177445044410747
1.014696497748615
1.0113523750472344
1.0077076294202443
1.0040702366049215
1.0015127059884996
0.9979907530037649
0.9957652471926676
0.9942032145811605
0.993062323157218
0.9931388966476675
0.9944914460546062
0.9968020605231341
1.000894686581536
1.0064218831860186
1.013212989481342
1.0220030193858463
1.0316887670149417
1.0432201209975527
1.056021833112515
1.0695519737727643
1.083793547432979
1.098915180280618
1.070442930902201
1.0633528470640667
1.0587316781815437
1.0555076438831703
1.055851995380326
1.0587434751951605
1.064265751799791
1.0721538037879297
1.082160899111092
1.0941186681365571
1.107193460715241
1.1215782814799944
1.136012212098308
1.1505256345746893
1.1653589791703323
1.1796542768641445
1.1934696357869716
1.2070534378480886
1.2198573007893558
1.2326698930512865
1.243775624741107
1.2541511069642843
1.2645638624973612
1.273879089412822
1.282010591877333
1.1179577390221318
1.1536818711509307
1.1861078848309368
1.2154398791034262
1.2415849800388539
1.2640985969170389
1.2840853086429682
1.3012892461767003
1.3165440912399795
1.330172670834943
1.342868458386819
1.353488792477895