-5.453995707070953e-20
-1.2540583319486425e-19
3.384596078545873e-19
-2.0282811821489472e-19
1.6585888029154278e-19
-9.09280999928869e-21
1.3916172685364231e-19
3.0525364222246515e-19
-1.6560237636039398e-19
-4.08150649157093e-19
7.673421255796441e-20
-8.852579166823714e-19
-4.966248128038892e-19
-8.82520386745422e-7
0.000010608486153538532
8.962882364437971e-6
9.480228636435889e-6
9.316813819012822e-6
-0.0000748405631358149
0.000014789107029036848
0.00001209694008118323
0.00004293346649211704
0.0001420887141056938
-0.000043938319745789557
-0.000028075693768725883
0.000024059484650418493
0.000023748983293137214
-0.00009892972350722359
0.00021951225604929358
-0.00029215140087063144
0.00016060343486321845
0.00006657906119681425
0.000037461490031155864
0.00002025675988694241
-0.0008235674519559992
0.0006653073467361083
0.000044877564708663766
0.000034154944018124575
-0.000017089221354378463
-0.00014798909273704112
0.000020917006420181864
2.3841303596892077e-6
-0.00005634124017797165
-0.00024851531176557125
-0.00003438233452416672
-0.00004819640961860993
-0.00003537242417458541
-0.00004249230480561875
-0.000041626053001928514
-0.00030870571533186855
0.00031621326975949114
0.00031466721333693143
0.0000675255765147381
0.00033510462743746464
-0.00010238491135726608
-0.00015457525516290638
-0.00003985389404569845
-0.00009537316717771285
-0.00003367332748735942
-0.00007801380956415248
-0.00009434150963465912
0.0001413844994335617
0.0001393272109573154
-0.00008643733580314098
0.0000612383698359893
0.00013075211715202147
-0.00006521429896064246
-0.00011926413889223922
-0.00004803435374140491
-0.000025429341166345886
-0.000012396072991598954
4.9674068357886415e-6
0.000023935951022469153
-0.00001410614187089163
-8.08761164116947e-6
-0.000014190622864347267
0.0000691587135234057
-0.000022665824634271245
-0.000029429206947134948
-0.000038626824410646655
0.00035593325721493745
1.8821683277364707e-6
-0.0003217978148148989
-0.00009946131714565486
0.00009052087289554233
-0.00006585088141008251
-0.00007346920302971581
0.00030219196236275626
0.00005524503589389266
-9.82418914261046e-6
4.180597581590144e-6
-0.00003237459643555655
-0.00003244882703993689
-0.000017913643018518568
4.845211275568617e-6
-0.00005985038568120769
6.886308402570098e-6
0.00007782114294340688
-0.0000643216622885896
-0.00006696147762012632
-0.00008949443401915919
-0.00007919098875940171
-0.00007523946741509386
-0.00005194869095322303
-0.00004549721099013397
0.000010436866275127555
0.000023296320536613218
0.000011806927671102636
0.00002414811542491882
0.000023737044746130747
0.00002400275451532169
0.00007240454927939429
0.00010123724014192483
-0.00014408387526195415
-0.0000952879022288348
-0.00005261961628805263
0.000014625813436604614
-0.000029379202338875643
-0.000069238073028754
-0.000016258059461879623
-0.00003860948915817767
-0.00004192850841488349
-0.00002591429413165302
5.077781397361303e-6
0.000021341159013717535
0.000035839908659204324
0.000052528919190478414
0.00005846537404557988
0.00006402765909578444
0.0000976479257579439
0.0000898899474834092
0.0000669653737502853
0.0001361036838002165
0.0001261351646441614
-1.7563183464116585e-6
0.00006321931653405276
0.00006589755821556022
0.00009155338537068138
0.00003813211621727146
0.00004099962321144369
0.00003579465295313334
0.00005836578746170709
0.000058428541017915475
0.00005938758275320155
0.000053202558676916906
0.00004713388629660411
0.00008997086100835261
0.00009303477333977617
0.00008791536547049268
0.00012211092336162483
0.00010447364546055778
0.000010657977936915202
0.00004235635898850895
0.00006444399302943289
-0.00003737672598400337
-0.00003948524321404038
-0.00003802471143205253
-0.00004915241475705366
-0.00005530339533682481
-0.0000748600121752083
-0.00011895273498989294
-0.00016635110221321954
-0.00016673059160295794
0.00012288625067301154
0.00018434541188918006
0.00015764918979528961
0.00015239964461414974
0.00015949953018134632
0.00011335509534776525
0.00006756201657045528
0.00008475548519862056
0.000028315872859185967
0.00002984235885319078
-7.796129123352194e-6
-0.00004683789878964742
-0.00006873892338107667
-0.00009678385073217722
-0.00011466839124706097
-0.00015233757262498194
-0.0001363779498716999
-0.00017622505773300163
-0.00014897526603266235
-0.0001701386861205814
-0.00015276378263650415
-0.00020736990017879668
-0.00012089989890842047
-0.00012155419899878606
-0.00006531158933680387
0.000041739100342347734
5.229038554080207e-6
-0.000031908205068130256
-0.00008750161961152343
-0.00011920056417599959
-0.0001487011692891586
-0.00015457630040346064
-0.000184075229669794
-0.00018993196667062807
-0.00017983596047048864
-0.00017724994152617127
-0.00010171193381332749
-0.00012991390425881976
-0.00011497560706082238
-0.00014044105943521014
-0.00006675992717579452
-0.00005854069910014606
-2.7561099866712425e-6
0.000012557472174811478
0.00005270191760413205
0.00009672946907767577
0.0001423565429117393
0.00018477789171274673
0.00022044890519396824
0.00025333461460698295
-0.0002755246796972396
-0.00027149642296906687
-0.00023702657283554434
-0.00028121528579368193
-0.0002385040431644986
-0.000165166350976768
-0.0001188811314621243
-0.00007102524783082724
-0.000027325518228185713
-0.000010230345504526727
0.000044252110669730964
0.00008571186840376621
0.00012067485790821935
0.00015148897331382992
0.0001666146530691281
0.00020987616385941284
0.00020014561652988608
0.00020038290641182608
0.00023593078890681962
0.00024296986309920685
0.00025423429548311323
0.00021816080107858396
0.00022422568644033135
0.00011951461646487753
0.00008127674784451128
-0.000016266839333884882
0.00005169107709166914
0.00009777766676148932
0.00014406723745317645
0.0001892503713259933
0.0002034327863070922
0.0002661307959606374
0.00029524483659648865
0.00028309851971096634
0.000314790526721686
0.0002549525214428103
0.00027577659133484723
0.00029983381547438935
0.00018534264188990336
0.00020625834919299314
0.00011499886836653653
0.000026480372607681702
-1.4943955414633313e-6
-0.00004740647351835707
-0.00010101017389005905
-0.0001622073765968803
-0.00021533947129461184
-0.0002595148018315525
-0.000378409371888758
-0.0004514927237214744
0.0003985015278992517
0.000425169261023474
0.0003246353519127041
0.000330854211566218
0.0002302531725710417
0.00016116621178694925
0.00018045099807267807
0.00013569276011515767
0.00009658155160297298
0.000017232245517346698
-0.00006874119410316082
-0.00012902883746604912
-0.00017806060178965453
-0.00021106517440260374
-0.0002521608514924037
-0.00027672033350837114
-0.0003184133690334021
-0.00037263856068557366
-0.0003498280703822491
-0.0003462554622408908
-0.00036332134114028404
-0.00028722225559276923
-0.0003079488357989717
-0.00021097896149727466
-0.0001180632061339245
0.00007276058819691819
-0.00004520201145471524
-0.00016220600320199309
-0.0002130367587945318
-0.0002741007312293651
-0.00031619079582412556
-0.0003479275925726634
-0.0003752351117059878
-0.0003811036152820879
-0.0003440390440775588
-0.00033048832959717603
-0.00032684178098974816
-0.0003056019719248789
-0.0002163377268332501
-0.00013431497912061677
-0.00011455576986263164
-0.000057023427018026644
-8.146616336234348e-6
0.00008781346298839909
0.00016653625234951613
0.00024054670890939092
0.00032075089338158807
0.0003733513681363638
0.00043319987837320934
0.0005607878168587104
-0.0005902574861760662
-0.000527774889957389
-0.0005057682008319619
-0.0003493466324122693
-0.00038385726469495495
-0.0002383713939070821
-0.00017056048713843681
-0.00007414023902528183
-0.000033933073028568756
0.000051057235573862794
0.00010722633173430568
0.00017865912094792947
0.0002581480476108562
0.0003066457412728354
0.0003551175188104811
0.00042989149191419195
0.0004652578824455699
0.00042777077451070455
0.0004006026567313677
0.000404329841908129
0.0003691814726997647
0.0003707743376928569
0.00030126501889706685
0.000252357277653065
0.0001389567881237401
-0.000029955998271962466
0.00011594411874441126
0.00020521029059380455
0.00030534772782390745
0.0003838660430731197
0.00041811860077999003
0.0004283441518373755
0.0005048674143583401
0.0004902399173232351
0.0004040523519501152
0.0003738306249719001
0.00036661967346337306
0.000290930587630543
0.00022696092493527568
0.00018599249976058549
0.00013924472595933598
0.00004311288193463942
-0.000014130248604995409
-0.00010938313649602688
-0.00022894790775485787
-0.0003409734122444247
-0.0004413794240492127
-0.0005551696095962859
-0.0005819512163349776
-0.0006644181536362763
0.0007061205848858136
0.0007276013683360219
0.0005523514502980944
0.0004069525530403001
0.00046374186106129273
0.0003734897231944028
0.0002519655943303088
0.00015518198855920555
0.00003352975664961155
-0.00005877250715616024
-0.00015926003317185612
-0.00026077082495974923
-0.00035393300678668885
-0.00043644030546707374
-0.0005011972866693442
-0.0005481218070794604
-0.0005176283538596925
-0.0005475986258074574
-0.0006028957020974237
-0.0005950959109620794
-0.0005317972225685081
-0.0004372535512733003
-0.0003754382810636427
-0.00023726129844000424
-0.00011778727826740829
-5.639433370336053e-6
-0.00018182234943838702
-0.0003180931846654934
-0.0004406631241338969
-0.0005235855623231546
-0.0005883061211484037
-0.0006262909158507592
-0.0006423842159850192
-0.0006228446795938456
-0.0006058140108639331
-0.0005431140909900879
-0.0005129104742886088
-0.0004699658918051886
-0.000403441941437708
-0.0002769979902566761
-0.00018118245152642066
-0.000027369638717372827
0.00010812710352013724
0.00020396969905826074
0.0003355268919750724
0.00046604748676416975
0.0005941252455929725
0.0007254898994277165
0.000805063222885212
0.0009300665440417133
-0.0009707898521082274
-0.0008237729956610192
-0.0007292473538683058
-0.0006061415353525349
-0.0004909111806579185
-0.00044432173424600077
-0.0002739424531001303
-0.0001339647128986409
0.000012906927453229992
0.00013541165453914952
0.0002644519103920321
0.00039619183240538594
0.0004906930384147861
0.0005674027602256675
0.000645017084577339
0.0006576494096093586
0.0006677767856901574
0.0007256647976168362
0.0007045537289504681
0.0006672471804628074
0.0006133001841212123
0.0005411857485964073
0.0004249639008822618
0.00021994805766124134
0.00008257884411592582
0.00015541697054666413
0.00039447764772199205
0.0004846596614191989
0.0006244569719861726
0.0007061807727161559
0.0007435510998836312
0.0007695843165515547
0.0007723932516408625
0.0007272130226530169
0.0006784484249068611
0.0007208901150284691
0.000647395442349458
0.0005484576439358369
0.00043200735175556856
0.0003045332774310704
0.00011085942507302682
-0.00002930536014640956
-0.00018342538942327252
-0.0003474999419767017
-0.0004930032508413088
-0.0006611830984583049
-0.0008078757841768978
-0.0009181023865503642
-0.0010292014562506668
-0.0011336320709171266
0.0012404991174642453
0.0010264259598561911
0.0008207803721580644
0.0006191690397995545
0.0004914425674406416
0.00040384687956081076
0.0001689373180387646
-0.000030451541244454847
-0.00017379027777031145
-0.0003237223134941425
-0.00045440485681045055
-0.0005691069960517186
-0.0006840647796059858
-0.0007667300541249287
-0.0008247914564029664
-0.0008409082489277481
-0.0008149458500672237
-0.0008195772896596312
-0.0008041835690313596
-0.0007872799788803435
-0.0006428929286999158
-0.0005059708961245384
-0.0003140988036575326
-0.00006364630731361339
0.00014537183886616134
-0.0003420552797224486
-0.0005653236594895844
-0.0007703239078128859
-0.0008884415047282095
-0.0009754044193260702
-0.0010223839094651772
-0.0010166612007440688
-0.0009781347335064685
-0.0009339335304014846
-0.0009351522012170127
-0.0008164000671849103
-0.0006563727720093357
-0.00047440831629998854
-0.00032026956349104645
-0.000266336266758687
-0.00007126260378997429
0.00014822032597444436
0.00034293721739062007
0.0005444456970702115
0.0007783947250707784
0.0009364855750198563
0.0011142203198945162
0.0013017707168678182
0.0013419907371342232
0.0015192161000008389
-0.0014564150387094822
-0.001211728365284895
-0.0011645479507684164
-0.000919780981983494
-0.0006320263680265469
-0.0004116402176202904
-0.00007246571802344171
0.00015206537550585528
0.00038197377364811435
0.0005798669521276382
0.0007150209369897654
0.0008749403240953819
0.0009813235917107168
0.0010707407724978254
0.0011013340162198864
0.001122636299399598
0.001145964554832232
0.0010723360639029135
0.0010067709114145616
0.0010239587176052458
0.000841556949976393
0.0006851488759783502
0.0004173210881219302
0.00014533588901218398
-0.00024734139209598046
0.0008157590982788548
0.0010536766348069498
0.0012397898996557896
0.0014001875424654573
0.0014746069168090569
0.0014995280159644175
0.0014909577866299263
0.0014314608161210612
0.0013061822493140231
0.0012100391216826193
0.0010018862981287136
0.0008042728540156801
0.0006011586135385459
0.00034280917644167005
0.00016522532200039753
-0.00011121823576014665
-0.000407016968952257
-0.0006846931105648917
-0.000979470544129386
-0.0012421956373066675
-0.0015008344670113807
-0.0017086736491018866
-0.0019015088030794709
-0.002032474236372594
-0.0021645113836384925
0.0021691643116014342
0.0018414488316100559
0.0013792727200413876
0.0009489158332466092
0.0005915780172747091
0.00013984114016064885
-0.00016834713484730924
-0.0005176873779932724
-0.0008410570883457981
-0.0011380799234234076
-0.001379994263031602
-0.0015946661542499325
-0.0017358333131860684
-0.0018527820255867897
-0.0018696606601669753
-0.0018808238514698781
-0.0017954068856372166
-0.001754049783513094
-0.0014463275919409026
-0.0012422600998153173
-0.0008801916145811287
-0.0005428916811104027
0.000010921802381055989
0.0005196463589873011
0.001193710504076184
-0.002204212851900147
-0.002714798995023965
-0.0030122806031316887
-0.0031518903935585036
-0.0032015943293780256
-0.0031630590025005286
-0.0030481916354302887
-0.002909215378646825
-0.0024920251472926734
-0.0021385888801788797
-0.0017743537296208217
-0.0012235456409223037
-0.0007043988907558597
-0.00010166798076785654
0.00037315913320938544
0.0011067648007019868
0.0016439435722538495
0.00219904261077858
0.0027442470269112645
0.003276264041411159
0.0037154209197707818
0.004130093868751277
0.004401735298048298
0.004594279176286421
0.004638511309053933
-0.006528345207877306
-0.004981050453092371
-0.003567612954001768
-0.001990984990270922
-0.0005085808680858355
0.0007234847738534988
0.002042145512135476
0.003191438801387204
0.004432561978860548
0.005424122157379508
0.006287783599016885
0.006933004232191809
0.007409688950413512
0.007666347061169624
0.007723806723369407
0.007474626633517629
0.0070339038839251035
0.006216116528617908
0.005212547280620662
0.0038190391507392724
0.0021050983007567174
-0.00010054431121936411
-0.002631341472421702
-0.005640357271172325
-0.008835754340877957
0.0908575828618246
0.11310401688669311
0.13592066703239297
0.1574772218715098
0.1803705902917227
0.20212210304526862
0.22413025444532397
0.24639704495260112
0.26900260211319127
0.2924643154956687
0.3166446830118571
0.34284527080676014
0.3702870731918629
0.40005623800701484
0.4327892545805267
0.46806888362684446
0.5064513366033657
0.5496863099416767
0.5967629993398131
0.6498718411555436
0.7104580677431425
0.7796631257922428
0.8648375666687166
0.9680761037550355
1.1020835958963122
0.02153790114483941
-0.007068446925327879
-0.025828082088746207
-0.03879071888770465
-0.0465966111607421
-0.051602328607900746
-0.053835061388196416
-0.054384932115822945
-0.05340653000107439
-0.051276577722854745
-0.048219724422886585
-0.04416720137716895
-0.03978395882799653
-0.03515355961534656
-0.029755557976597624
-0.02438932602880391
-0.018936001147804325
-0.013509411576729462
-0.007889585918951775
-0.002555806609005672
0.003247825695254317
0.008292984062795945
0.01377876611094758
0.01868826660948533
0.023211448480075437
-0.00973236496318435
-0.010108557886606683
-0.010215948793002602
-0.00995286136226384
-0.009390852948698594
-0.008628215659536404
-0.007694657460839962
-0.006591949233461638
-0.005570376072414085
-0.004497652917005431
-0.003137080159730874
-0.001971285050319889
-0.0007568339087158993
0.00046838590625176497
0.0015391966978959384
0.0026889052100505864
0.0037871434850800904
0.004641560665415588
0.005382484928163779
0.006073242924108648
0.006596553030757716
0.00696960120760716
0.007216879935771743
0.007282288495947544
0.007029594372348156
-0.0049489503968542774
-0.004109212887327963
-0.002882674513336072
-0.0020014936377585426
-0.0010665578179309134
-0.00016474779997552875
0.0006835351648038692
0.0014441813070898105
0.0020333044556715713
0.0025726648794740354
0.0030027700307805206
0.0033094352745029077
0.0035676177241918804
0.0036899686647061864
0.003736085099573106
0.0037332406499006087
0.003471071183084231
0.0031776592037050713
0.0027905139419862677
0.002225600556403828
0.0016285913073179955
0.0008248300689445554
-1.3870759709656543e-6
-0.0007911105991290368
-0.0018539156861063452
0.002131779807076049
0.0026891104132139086
0.0031666045824903606
0.003392400477477871
0.003528951449876018
0.0035373144786188153
0.003469155537263016
0.003290061745750157
0.003048003300085009
0.0025658562011176785
0.0022375915199480518
0.0017845378521439616
0.0012861303458788266
0.0006331182495271883
0.000092091232258779
-0.0005190052423383605
-0.0010793560730684
-0.0016470935581061137
-0.002209341955812979
-0.0026735069150767917
-0.0031632053336250344
-0.003602271352762704
-0.003995159272046879
-0.00418322157834149
-0.004537523042165794
0.004007843070879353
0.003417726521487733
0.0028562426227618774
0.002329446337410035
0.001611395826770118
0.0009236425112361027
0.000278990148084993
-0.00032653528003891835
-0.0008829379993539374
-0.0013997692207797993
-0.001860635002821938
-0.0022575561702999577
-0.002575393851932512
-0.0028125543662146247
-0.0029753649150462383
-0.003043505177756284
-0.003050638056373938
-0.002953685317448698
-0.002723904826584111
-0.002487844826269805
-0.002022112928295491
-0.0015230830137982995
-0.0008851128955448982
-0.00014533722956590336
0.0006503026409434147
-0.0013941757908946864
-0.002051849342156588
-0.0025483819819491324
-0.0029155782821028635
-0.0031521320598894126
-0.003286034093254965
-0.0032902582600145922
-0.003204369474640721
-0.0030212314899264593
-0.002778194602756473
-0.002479422283840719
-0.0020408468348448593
-0.0016059836431701095
-0.0011159832919685419
-0.0005585826023707795
7.309383333820502e-6
0.00059205632254598
0.0012097279323608834
0.001768407834292706
0.002334097193148527
0.002882452823819593
0.003403764540217194
0.0038618852517776246
0.0042651958974080665
0.004566926859716841
-0.004443562065656796
-0.0038105922374224977
-0.003170162717796514
-0.002472265069901636
-0.0017885486782289824
-0.0011272250644357648
-0.000543954725804544
0.00015152232227376688
0.0007200641547681697
0.0013024489506837662
0.0018227799170818057
0.002242245829027735
0.0026151451469547185
0.0028855446935628615
0.003111462193574137
0.003229702084446886
0.0032646777065540953
0.0031893963696124628
0.0030092593266923414
0.002722375627275094
0.0023618718260376608
0.0017811222720982972
0.001156383890200535
0.00042388365997381736
-0.0006844503006659719
0.0015459534237746756
0.0022397834060192716
0.0027057432168503858
0.003167056525154757
0.0034113458870585357
0.003540547528049267
0.003573915139933042
0.00346490710312054
0.00316748585196636
0.0029673425665347527
0.0026299171656245534
0.002186339902658438
0.0017206839341743505
0.0011710731814315964
0.0007072445866449252
-0.00004000172728836635
-0.0007905047874197421
-0.0013818484513757785
-0.0019935828078067284
-0.0025685613506426937
-0.003240267713064111
-0.003792539749690067
-0.004280921606201577
-0.0046872999440554725
-0.004980001672013896
0.004898399830682565
0.004234495929447714
0.003580413717091178
0.002619426590994538
0.0020361014327672225
0.0011371442783677948
0.0004929105847983486
-0.00026267497451307317
-0.0009733768235918968
-0.0015919469291858068
-0.002163223377152959
-0.0025864508573600177
-0.003006727409944315
-0.0033080735001650703
-0.0035046177337923236
-0.0036449909540806997
-0.003677460487677509
-0.00362943144567275
-0.0033803587094166612
-0.0027984381951180553
-0.0023886851271816764
-0.0019251622722765926
-0.0010656188040502146
-0.00023519434577583988
0.0006244008978442651
-0.0018047141016525293
-0.0025134890204226413
-0.003206185710662285
-0.003672407414647974
-0.003943292906120516
-0.004135043903364966
-0.004120770304705859
-0.003997704972760617
-0.0038568877010385486
-0.0036046777072056804
-0.003204386756182048
-0.0027349851806451543
-0.0021484691982620128
-0.001334014875790069
-0.0006006729734784042
0.00008315840746371944
0.0007898650137287955
0.0014991579893951924
0.0023119845868372056
0.003053952546691049
0.0037196096399314104
0.0044072381858774505
0.004907983232466031
0.0054539781146705525
0.00588797077229321
-0.0057818862830716624
-0.004994246892213946
-0.0040825863108877635
-0.00316434055899482
-0.002407289135486056
-0.0013525579863780306
-0.000499196145996618
0.0003434324954140365
0.0011159905509420063
0.0017986055205615197
0.0024708144077282075
0.003069322529146763
0.003507060481396475
0.0038716198234316577
0.004085786111617769
0.004244965143370098
0.00428075330257169
0.004190335865631146
0.003982848488827393
0.0035193318552236078
0.0031018889864308243
0.002267926737901749
0.0013549867444617618
0.0002194253038176594
-0.0009767290754215763
0.0021468704180161204
0.002959344102003398
0.0037091100212901
0.004316544802325597
0.004673790727587461
0.004853652215726643
0.004863227973917822
0.004850411569288623
0.0045446940153901945
0.004082892147429676
0.003695154286458605
0.0030671252183056188
0.002431983544564116
0.001675446182703809
0.000839804336067214
-0.00003166968236866331
-0.0009244728183747329
-0.001874269050384265
-0.0027824386727522857
-0.0036039705457283915
-0.004377521380661556
-0.005244143838612685
-0.005940242531491937
-0.0064925419310300795
-0.006985666346249854
0.00687046049839187
0.005903312798784279
0.004856284370842635
0.0038317235961197655
0.0027809240580361073
0.001687031269675926
0.0006127667179748306
-0.00030928574180117736
-0.0012323952628609993
-0.0021649760580308374
-0.002980920994909822
-0.003655714134047092
-0.004224182209765522
-0.004667270718993156
-0.004966186005164754
-0.005100089093269773
-0.005193204317814644
-0.00498358341478593
-0.0046321545154973396
-0.00406945326491944
-0.0035028728727274873
-0.0025931876898507827
-0.0016260724011744896
-0.0004487583595103322
0.0012820137827423605
-0.0026658790713213745
-0.0037132935840208554
-0.004637474917071136
-0.0052888813569745745
-0.005693608119968855
-0.005908662593462877
-0.005922073431169248
-0.005795951441700743
-0.005503788769754405
-0.0051428664123862045
-0.004450544705426125
-0.003723409477568699
-0.0027046729969445616
-0.0018852960690158252
-0.0009188768160951289
0.00012488429267116675
0.0012546588675335136
0.0023499140963603666
0.003345472281951351
0.004388104108768468
0.0053634834378945406
0.006273903738941032
0.007114200891621459
0.007868135482803839
0.008423996772178626
-0.008307048434241321
-0.007086853845894792
-0.005876012074637193
-0.004607432795318655
-0.0032955718087440407
-0.0019251546907576031
-0.0006815872225028432
0.0005726876917233168
0.0016918252277744535
0.0027025877446960654
0.0036510236256051174
0.004460835369162869
0.005113220739919581
0.005633990994746424
0.006018104767568951
0.006185624919904591
0.0062412253530631685
0.00602005632753234
0.005733580984223473
0.005076168851257024
0.004236883564854673
0.0033244168326306248
0.0019792909089834843
0.0002688373748033513
-0.0014831488477479457
0.00328525066204961
0.004604790557164398
0.00566804686609737
0.006376440816836577
0.006936616566765418
0.007167673736765593
0.007298334194025258
0.0070554854569080195
0.006688364062637197
0.006124023068872293
0.005381048444047378
0.004401027551959425
0.0033929115952607185
0.0023443860472244686
0.0010388748352548828
-0.00015836588039410912
-0.0015066237340134834
-0.0028523494182278873
-0.004114426807268856
-0.005492112206432374
-0.006697047029175342
-0.007808977618113232
-0.008771582498628921
-0.009610778068945015
-0.01020247047011348
0.01031788997036254
0.008785537049504752
0.0072866512955434256
0.0057294691713164845
0.004064497446872116
0.002369617124658013
0.0007723732777518989
-0.0006231243505459662
-0.002133029832774134
-0.003449190984416191
-0.004603233507386235
-0.0055714586336020454
-0.0064222664471686635
-0.0070573483328955945
-0.007429605327193037
-0.007628508411950266
-0.0075858465361060895
-0.0074041504603406
-0.006748099127860223
-0.0061896706120435335
-0.004972331427160874
-0.003747599933440292
-0.002001288235245251
-0.00047594146518510996
0.0017349853785342403
-0.004131638645798997
-0.005891088550940768
-0.007141886448478146
-0.008159210299322591
-0.008773261387290312
-0.009015049257146268
-0.00898942643274848
-0.00875600568189403
-0.008258980932127017
-0.007434327201996423
-0.006691760185976991
-0.00553562497288912
-0.004296953191394995
-0.0029595354614205113
-0.0014647679467112745
0.00033881645670517815
0.0018617136392667002
0.003511372367008434
0.005181712379505102
0.0067643518865921435
0.008113708218643292
0.009576701459458752
0.010827018740063473
0.011808783170954571
0.012651630693964643
-0.012644010113757664
-0.010844975305965137
-0.008709996897694984
-0.006809335674277217
-0.004680051793792214
-0.0027331377135723666
-0.0007668587595686599
0.000979946369577042
0.0025996775571192113
0.004252523625988827
0.005720022311985257
0.006971339692264884
0.00797053010908727
0.008737972553758461
0.009260586494381561
0.009542151850521962
0.009541914132307216
0.009253227307732323
0.008681288882436659
0.007631761763840731
0.00644634498575492
0.00446967848340443
0.0026989332133800286
0.00039132732540787796
-0.002279003641439068
0.005075365049792294
0.0072185706952326125
0.008944893360871859
0.010142599763659985
0.010867170027097904
0.01131615317724311
0.011353180559178803
0.011023456098547909
0.01042944907640447
0.00955867383448771
0.00828668655115887
0.006889123452130653
0.005270303260034468
0.003513673799015534
0.0016238494370534459
-0.0005489706738383858
-0.002475405452803744
-0.004667733746370487
-0.006834338833559789
-0.00870516248933942
-0.010597667229610447
-0.012269766274576027
-0.013859272853697483
-0.01496539259830079
-0.01598250079632762
0.016385187200235993
0.0139832228105587
0.01141355316111521
0.008991692676716016
0.00610763300990425
0.0038599410529759196
0.001172481588809837
-0.0014400550945322139
-0.003695626143581583
-0.005802888238302141
-0.007632447600527297
-0.009153921163729423
-0.010409900792324789
-0.011349769084889204
-0.011956010654769039
-0.01218589412764454
-0.012119513655096156
-0.011599741043103377
-0.010594827823725245
-0.009329169385699602
-0.007810689799875596
-0.005386817601880634
-0.003217365600583106
-0.0002020790021456584
0.00325364269150107
-0.007319669217538844
-0.01014281642956344
-0.012124017337505162
-0.013600379732913722
-0.014515042818363312
-0.014891014955967815
-0.014745024119467615
-0.014225846184531701
-0.013342809211822048
-0.011951715018836906
-0.010355094471755893
-0.00862468928241583
-0.006629423154982967
-0.004214825085209538
-0.0019016444018410256
0.0007971346024229508
0.0032429362572152765
0.005819875872323724
0.008536372914290642
0.011001866572421927
0.01337347855482816
0.01584803425194403
0.01764256385646716
0.019360904552269666
0.020763255004447027
-0.020826153153983923
-0.017782882491963466
-0.014308402218207995
-0.010995220371439383
-0.007728226988592034
-0.004420411008993561
-0.00135621171079221
0.0018993919660106255
0.00477175436476489
0.007275613690703442
0.009650532415180501
0.011658522120750343
0.0132962188547614
0.014663188805166852
0.015520113451978096
0.016003569059187078
0.01598398450624533
0.015475795991138219
0.01442187302865667
0.01290024227277729
0.01084911765274445
0.007798129137087585
0.004876255982401491
0.00033110238880660394
-0.004517501419282324
0.008810413555922625
0.012589839022094028
0.015346429093299935
0.017508973193806742
0.01885263227084178
0.019473583267927422
0.019526432471470245
0.01902008612238293
0.01809848845106905
0.016555004079630228
0.014439025381150975
0.011896082829035613
0.009341641379926074
0.006185069398854935
0.0025393752286864604
-0.0010269892393700822
-0.004681505602786017
-0.008170259131960341
-0.011805277352461615
-0.015392326490454099
-0.018605354977573298
-0.02145356336174384
-0.02392336345016268
-0.025702257029485177
-0.02706159565169963
0.02972943890608449
0.02550286284438516
0.020815106049576076
0.016051038020509112
0.011233695190156384
0.006430386482286045
0.001815850154050086
-0.0028934555954640367
-0.006848794579976209
-0.010350601593518546
-0.01365993461146188
-0.01667827924952725
-0.018819801041463115
-0.020396557307185127
-0.021252258625525027
-0.021562379507661354
-0.021180505312903424
-0.02008251900079166
-0.018551728083895963
-0.016049178589429846
-0.01300371837396299
-0.00945110967165346
-0.0049426577526107685
-0.000025774986385938543
0.005556335312745594
-0.014676522765954353
-0.019739512191163343
-0.02338033173478635
-0.02629928241398219
-0.02764922756400493
-0.02805779514867464
-0.027496808212439904
-0.02622681067544554
-0.024203103645701857
-0.021868034579285548
-0.018894646837944083
-0.015255035949283046
-0.011332548311760227
-0.007360502751164935
-0.003099481256916218
0.0014096792614796123
0.005842533245109181
0.01067847614387367
0.015347859399800762
0.01965569089918376
0.024051929473407976
0.027835537214423924
0.031528786162843256
0.03502863502514149
0.037676199531202145
-0.040238216839494106
-0.03323537527212118
-0.026809401743767784
-0.020443317736725038
-0.013724638400894575
-0.007722970289475298
-0.0017858940622855236
0.0037865567507125285
0.009020710512699353
0.013490224837016571
0.01806085909584649
0.02202524779112872
0.025292261798156815
0.0278491297154277
0.02960840338392931
0.03054132646205835
0.030734774741692228
0.029830049741604487
0.028089185578321133
0.02529103531682215
0.021071787065096846
0.015589188290391852
0.008522979033625722
0.00017270602519095694
-0.00937009296798712
0.018126481932813087
0.024387188763760583
0.03041375807673626
0.03471257150141978
0.0373165950726712
0.03967288774426476
0.040382625338422275
0.03936037210573314
0.037874935853240095
0.03479310634149743
0.030735926083538694
0.025442973422375427
0.019568339549443047
0.012843492133408716
0.005086901126916049
-0.0027831173834154082
-0.010299864439148284
-0.01853770791870199
-0.026087120677213284
-0.032706652975622676
-0.03864086971590653
-0.04361627549823562
-0.04725516666154364
-0.04945369282460032
-0.050334458763706035
0.07346964659583444
0.06423231759919716
0.053467981545710454
0.04173087346003222
0.029501347255258978
0.016203122829485144
0.004333023402990737
-0.00788958861682193
-0.01787091411789447
-0.02721629890957979
-0.03447677550479581
-0.04009427952898109
-0.04362759064759366
-0.04531265594133756
-0.04573504300588443
-0.04466758725645628
-0.042252386805784914
-0.038734898730483976
-0.03428899902921122
-0.028623377892490146
-0.02263185751332238
-0.01570504144789913
-0.007933476453122177
0.0006721217980905542
0.009218848831520226
-0.06146026401244611
-0.07679101088032028
-0.08279191850249656
-0.08309776612542404
-0.08069933615929892
-0.07533154840100188
-0.06876095193949058
-0.061265401539092115
-0.05318827112633794
-0.04503811460255671
-0.03697775884741125
-0.028803907483142863