-4.9702583354284046e-23
-4.243405461473603e-19
-1.0781860758017617e-17
-7.558291068021755e-17
-3.058716929703747e-16
-9.109650714721764e-16
-2.2300880596072095e-15
-4.7642813848734856e-15
-9.208026400402205e-15
-1.6481214042978996e-14
-2.7761009022520358e-14
-4.4513747977025964e-14
-6.852698232026136e-14
-1.0194164227292217e-13
-1.4728408351677284e-13
-2.0749850830051131e-13
-2.8597912032830035e-13
-3.8660281955324963e-13
-5.137616053399086e-13
-6.723954126643135e-13
-8.680247037639398e-13
-1.1067837689288594e-12
-1.3954535753687664e-12
-1.741495023662612e-12
-2.1530824685246296e-12
-2.6391372819813196e-12
-3.2093614632558783e-12
-3.8742717427427156e-12
-4.645233700668898e-12
-5.534495910289029e-12
-6.5552244609545586e-12
-7.721538028331015e-12
-9.048542397122491e-12
-1.0552365984424015e-11
-1.225019499561486e-11
-1.4160309550944817e-11
-1.6302118646178362e-11
-1.8696197717551835e-11
-2.1364323852296697e-11
-2.4329513296584192e-11
-2.7616058256901977e-11
-3.1249564119324754e-11
-3.525698716116784e-11
-3.966667271015443e-11
-4.450839313190108e-11
-4.981338645721317e-11
-5.561439555866155e-11
-6.194570747652333e-11
-6.884319260976535e-11
-7.634434544495941e-11
-8.448832450750163e-11
-9.331599313873988e-11
-1.028699613243992e-10
-1.1319462638522726e-10
-1.243362159583177e-10
-1.36342829775969e-10
-1.4926448292440023e-10
-1.6315314937752867e-10
-1.7806280520032685e-10
-1.940494736009579e-10
-2.1117126924953685e-10
-2.2948844402814568e-10
-2.4906343181545185e-10
-2.699608963465886e-10
-2.9224777661349857e-10
-3.159933352393591e-10
-3.412692054915702e-10
-3.68149440980386e-10
-3.9671056370817777e-10
-4.270316141166134e-10
-4.5919420114822413e-10
-4.93282553792468e-10
-5.293835715864215e-10
-5.67586877606974e-10
-6.079848708246315e-10
-6.506727796345038e-10
-6.957487162120047e-10
-7.4331373078267e-10
-7.93471867883412e-10
-8.463302221925832e-10
-9.019989955813069e-10
-9.605915548047716e-10
-1.0222244901219868e-9
-1.0870176745814132e-9
-1.1550943241036397e-9
-1.226581058368197e-9
-1.3016079618892063e-9
-1.3803086481529187e-9
-1.4628203209054655e-9
-1.5492838405237577e-9
-1.6398437877297552e-9
-1.7346485300688775e-9
-1.8338502893708856e-9
-1.9376052090740154e-9
-2.046073423012791e-9
-2.1594191269046827e-9
-2.277810646119299e-9
-2.4014205110583786e-9
-2.530425527706492e-9
-2.6650068524690612e-9
-2.805350066951437e-9
-2.9516452545695967e-9
-3.1040870775312133e-9
-3.262874854462512e-9
-3.4282126417246863e-9
-3.600309311984683e-9
-3.779378638036314e-9
-3.965639374750831e-9
-4.15931534365978e-9
-4.360635519106703e-9
-4.569834114319979e-9
-4.787150670778457e-9
-5.012830146057282e-9
-5.247123006690153e-9
-5.4902853196876205e-9
-5.742578845371641e-9
-6.004271134157852e-9
-6.275635621577422e-9
-6.556951727743332e-9
-6.84850495618468e-9
-7.150586994991895e-9
-7.463495820074555e-9
-7.787535798817286e-9
-8.12301779669745e-9
-8.470259284397053e-9
-8.82958444758434e-9
-9.20132429735822e-9
-9.5858167831206e-9
-9.983406907848008e-9
-1.0394446844052566e-8
-1.081929605148599e-8
-1.1258321397641886e-8
-1.1711897280453528e-8
-1.2180405750317002e-8
-1.2664236639004846e-8
-1.3163787684890161e-8
-1.3679464664205182e-8
-1.4211681522773152e-8
-1.4760860512164314e-8
-1.5327432322513186e-8
-1.5911836224079202e-8
-1.6514520207694525e-8
-1.713594112620311e-8
-1.777656484342329e-8
-1.843686637831264e-8
-1.9117330057758433e-8
-1.981844966859e-8
-2.054072861314104e-8
-2.1284680066677665e-8
-2.2050827138312527e-8
-2.2839703035107533e-8
-2.3651851225617633e-8
-2.448782561015942e-8
-2.5348190692849615e-8
-2.62335217535565e-8
-2.714440502776301e-8
-2.808143788534458e-8
-2.904522901338895e-8
-3.00363986028887e-8
-3.105557853949659e-8
-3.210341259390251e-8
-3.31805566176176e-8
-3.428767874535716e-8
-3.542545959415992e-8
-3.659459247052012e-8
-3.779578358023046e-8
-3.9029752240937615e-8
-4.0297231098720913e-8
-4.159896634848355e-8
-4.29357179593317e-8
-4.43082599003499e-8
-4.571738037494209e-8
-4.716388205361107e-8
-4.8648582317440705e-8
-5.0172313499530274e-8
-5.1735923134399114e-8
-5.334027421028253e-8
-5.4986245427623414e-8
-5.667473145658035e-8
-5.840664320836756e-8
-6.018290810189622e-8
-6.200447033969645e-8
-6.387229119072202e-8
-6.578734927208891e-8
-6.77506408411496e-8
-6.976318008945306e-8
-7.18259994459877e-8
-7.394014987816424e-8
-7.610670120805422e-8
-7.832674242368101e-8
-8.06013820059354e-8
-8.293174825503127e-8
-8.531898962175308e-8
-8.776427505106772e-8
-9.026879432452948e-8
-9.283375841660666e-8
-9.546039984587198e-8
-9.814997304749851e-8
-1.0090375473915996e-7
-1.0372304430035044e-7
-1.0660916416032612e-7
-1.095634601815347e-7
-1.1258730206933166e-7
-1.1568208376790065e-7
-1.1884922388105818e-7
-1.2209016608779954e-7
-1.254063795745992e-7
-1.287993594685778e-7
-1.3227062728514811e-7
-1.3582173137711923e-7
-1.394542473979881e-7
-1.4316977876886472e-7
-1.4696995715854313e-7
-1.5085644296839236e-7
-1.5483092582906162e-7
-1.588951251042082e-7
-1.630507904053311e-7
-1.6729970211554035e-7
-1.7164367192137808e-7
-1.7608454335859718e-7
-1.8062419236339736e-7
-1.8526452783784305e-7
-1.900074922229351e-7
-1.948550620834099e-7
-1.9980924870641157e-7
-2.0487209870536043e-7
-2.1004569464042756e-7
-2.1533215564941928e-7
-2.2073363808882975e-7
-2.2625233618954796e-7
-2.3189048272289616e-7
-2.3765034967999578e-7
-2.435342489673559e-7
-2.495445331070549e-7
-2.5568359596184386e-7
-2.6195387346408666e-7
-2.683578443646434e-7
-2.748980309953004e-7
-2.815770000425437e-7
-2.883973633405982e-7
-2.9536177867775766e-7
-3.0247295061747647e-7
-3.0973363133703785e-7
-3.171466214820728e-7
-3.2471477103662755e-7
-3.3244098021396543e-7
-3.403282003578577e-7
-3.4837943486769596e-7
-3.565977401409538e-7
-3.6498622653067864e-7
-3.735480593266858e-7
-3.8228645975007005e-7
-3.9120470597322056e-7
-4.003061341598992e-7
-4.095941395183089e-7
-4.190721773855952e-7
-4.287437643257959e-7
-4.3861247925523424e-7
-4.4868196458665454e-7
-4.5895592740049483e-7
-4.694381406307207e-7
-4.801324442894735e-7
-4.910427467018806e-7
-5.021730257708754e-7
-5.135273302756593e-7
-5.251097811809946e-7
-5.369245729874946e-7
-5.48975975100772e-7
-5.612683332321132e-7
-5.738060708276209e-7
-5.865936905242625e-7
-5.996357756407705e-7
-6.12936991693119e-7
-6.265020879450389e-7
-6.403358989932677e-7
-6.544433463772432e-7
-6.68829440231439e-7
-6.834992809651718e-7
-6.984580609838618e-7
-7.137110664391702e-7
-7.292636790196391e-7
-7.45121377783406e-7
-7.612897410203763e-7
-7.777744481576754e-7
-7.945812817093718e-7
-8.117161292608815e-7
-8.291849855027215e-7
-8.469939542978787e-7
-8.651492508038252e-7
-8.836572036333863e-7
-9.025242570614146e-7
-9.217569732842027e-7
-9.413620347242756e-7
-9.613462463821167e-7
-9.81716538243035e-7
-1.002479967738958e-6
-1.0236437222493163e-6
-1.0452151216793857e-6
-1.0672016210720323e-6
-1.0896108132910808e-6
-1.112450431760898e-6
-1.13572835326088e-6
-1.1594526007856968e-6
-1.1836313464709024e-6
-1.2082729145782253e-6
-1.2333857845497466e-6
-1.2589785941291926e-6
-1.2850601425568706e-6
-1.3116393938291319e-6
-1.3387254800305437e-6
-1.366327704758465e-6
-1.3944555465935182e-6
-1.4231186626770308e-6
-1.4523268923562957e-6
-1.4820902609133243e-6
-1.5124189833783862e-6
-1.5433234684338711e-6
-1.574814322405205e-6
-1.6069023533398628e-6
-1.6395985751897292e-6
-1.6729142120782834e-6
-1.7068607026701243e-6
-1.7414497046491875e-6
-1.7766930992906218e-6
-1.812602996145094e-6
-1.8491917378285772e-6
-1.8864719049237612e-6
-1.924456321008404e-6
-1.963158057779658e-6
-2.002590440321178e-6
-2.042767052481902e-6
-2.0837017423843537e-6
-2.1254086280667512e-6
-2.1679021032604378e-6
-2.211196843297377e-6
-2.2553078111690427e-6
-2.30025026372635e-6
-2.3460397580256245e-6
-2.392692157836975e-6
-2.4402236402971753e-6
-2.4886507027403992e-6
-2.537990169677992e-6
-2.58825919996212e-6
-2.6394752941206067e-6
-2.6916563018681027e-6
-2.7448204298044707e-6
-2.79898624931025e-6
-2.854172704622291e-6
-2.910399121131034e-6
-2.967685213859631e-6
-3.0260510961783836e-6
-3.0855172887192283e-6
-3.1461047285264005e-6
-3.2078347784362734e-6
-3.270729236681318e-6
-3.334810346754156e-6
-3.4001008075152175e-6
-3.466623783559671e-6
-3.5344029158401903e-6
-3.6034623325812578e-6
-3.6738266604518616e-6
-3.7455210360499775e-6
-3.8185711176593765e-6
-3.893003097329945e-6
-3.968843713269734e-6
-4.046120262552642e-6
-4.124860614165137e-6
-4.205093222394545e-6
-4.286847140573238e-6
-4.3701520351773686e-6
-4.45503820031643e-6
-4.541536572577937e-6
-4.629678746310925e-6
-4.719496989276207e-6
-4.811024258749442e-6
-4.904294218036096e-6
-4.999341253448055e-6
-5.096200491725339e-6
-5.194907817959363e-6
-5.295499893959663e-6
-5.398014177169532e-6
-5.502488940083752e-6
-5.6089632901874065e-6
-5.717477190467102e-6
-5.828071480490511e-6
-5.940787898038287e-6
-6.055669101405609e-6
-6.1727586922568205e-6
-6.292101239184752e-6
-6.413742301879319e-6
-6.5377284560265214e-6
-6.664107318890015e-6
-6.792927575629592e-6
-6.924239006368879e-6
-7.05809251404348e-6
-7.194540153047608e-6
-7.333635158718372e-6
-7.475431977662103e-6
-7.6199862989655675e-6
-7.76735508633053e-6
-7.917596611149692e-6
-8.070770486535207e-6
-8.226937702359158e-6
-8.38616066137822e-6
-8.548503216349228e-6
-8.714030708321777e-6
-8.882810006054017e-6
-9.054909546611877e-6
-9.230399377177954e-6
-9.409351198189292e-6
-9.59183840768976e-6
-9.777936147129505e-6
-9.967721348517207e-6
-0.000010161272783011934
-0.000010358671111084707
-0.000010559998934119567
-0.000010765340847758664
-0.000010974783496784567
-0.000011188415631822367
-0.000011406328167748349
-0.00001162861424400846
-0.000011855369286815194
-0.000012086691073328768
-0.000012322679797892369
-0.00001256343814039758
-0.000012809071336873488
-0.000013059687252310885
-0.000013315396455875899
-0.000013576312298622269
-0.00001384255099367049
-0.00001411423169908819
-0.000014391476603464797
-0.000014674411014353823
-0.000014963163449670401
-0.000015257865732080747
-0.00001555865308666468
-0.00001586566424176612
-0.000016179041533331135
-0.000016498931012794724
-0.00001682548255859576
-0.000017158849991571035
-0.000017499191194341825
-0.000017846668234760825
-0.000018201447493705344
-0.000018563699797360574
-0.000018933600554050798
-0.00001931132989597126
-0.00001969707282592603
-0.000020091019369252893
-0.0000204933647311696
-0.000020904309459844687
-0.000021324059615254408
-0.000021752826944135318
-0.000022190829061473965
-0.000022638289638404016
-0.00002309543859716176
-0.00002356251231313751
-0.00002403975382454916
-0.00002452741304973248
-0.000025025747012738703
-0.000025535020077306756
-0.000026055504189754468
-0.00002658747913099161
-0.000027131232778324948
-0.0000276870613770565
-0.00002825526982277555
-0.000028836171954431854
-0.00002943009085895379
-0.000030037359187631617
-0.000030658319485045255
-0.00003129332453097494
-0.00003194273769586303
-0.000032606933310484174
-0.00003328629705051275
-0.00003398122633646631
-0.00003469213075003151
-0.00003541943246726972
-0.00003616356670958356
-0.00003692498221330738
-0.00003770414171875721
-0.000038501522479623574
-0.00003931761679369242
-0.00004015293255595737
-0.00004100799383512072
-0.00004188334147474524
-0.000042779533719974884
-0.00004369714687138971
-0.00004463677596711108
-0.00004559903549466993
-0.0000465845601340044
-0.000047594005533256354
-0.00004862804911885929
-0.00004968739094184155
-0.00005077275456200155
-0.000051884887972024144
-0.000053024564563474535
-0.00005419258413686022
-0.000055389773958309145
-0.000056616989864641705
-0.00005787511742027845
-0.00005916507312791542
-0.00006048780569647104
-0.00006184429736874429
-0.00006323556531262692
-0.00006466266307899588
-0.0000661266821298411
-0.0000676287534408145
-0.0000691700491818712
-0.00007075178448102308
-0.00007237521927507516
-0.00007404166025277951
-0.00007575246289569137
-0.00007750903362189239
-0.0000793128320392143
-0.0000811653733131275
-0.00008306823065751292
-0.00008502303795472823
-0.00008703149251200244
-0.00008909535796376936
-0.00009121646732778869
-0.00009339672622381971
-0.00009563811626656931
-0.00009794269864200714
-0.00010031261787823744
-0.00010275010582497714
-0.00010525748585264037
-0.00010783717728605523
-0.00011049170008734833
-0.0001132236798046505
-0.00011603585280253299
-0.00011893107179446952
-0.00012191231169504827
-0.0001249826758148731
-0.00012814540242037553
-0.00013140387168269325
-0.00013476161304313604
-0.0001382223130226065
-0.0001417898235062986
-0.00014546817053665077
-0.0001492615636505247
-0.00015317440579825763
-0.0001572113038870498
-0.00016137707999327292
-0.00016567678329274126
-0.0001701157027603867
-0.00017469938069729755
-0.00017943362714802302
-0.0001843245352712882
-0.00018937849774124208
-0.00019460222425440302
-0.00020000276023087764
-0.0002055875068019289
-0.0002113642421826227
-0.00021734114454638633
-0.00022352681651582055
-0.000229930311403996
-0.00023656116134819095
-0.00024342940749720712
-0.0002505456324163373
-0.00025792099490486235
-0.000265567267427662
-0.00027349687638715504
-0.00028172294548381774
-0.0002902593424399835
-0.0002991207293778445
-0.00030832261719155576
-0.00031788142427077314
-0.0003278145399739279
-0.0003381403933006744
-0.0003488785272432759
-0.00036004967937167327
-0.00037167586922952
-0.00038378049323676015
-0.00039638842780630233
-0.00040952614151648533
-0.00042322181724974806
-0.00043750548531169234
-0.00045240916866590944
-0.00046796704157829724
-0.00048421560305140983
-0.000501193866693032
-0.0005189435687715355
-0.0005375093964787912
-0.0005569392386906003
-0.0005772844617264145
-0.0005986002130491558
-0.0006209457561147194
-0.0006443848401070345
-0.0006689861087176668
-0.0006948235527637845
-0.0007219770120443214
-0.0007505327326630027
-0.0007805839868645574
-0.0008122317635234355
-0.0008455855385940082
-0.0008807641362074941
-0.0009178966928200479
-0.0009571237386263331
-0.0009985984127837927
-0.0010424878316576264
-0.0010889746323807248
-0.001138258717749701
-0.0011905592330227136
-0.0012461168102209648
-0.0013051961221289211
-0.0013680887954446476
-0.001435116741882364
-0.001506635976843462
-0.0015830410087265493
-0.0016647698978691644
-0.0017523101043464548
-0.001846205267486887
-0.0019470630903873317
-0.0020555645391339555
-0.0021724746126109543
-0.002298654995664156
-0.0024350789803799545
-0.002582849130477693
-0.0027432182785933922
-0.0029176145922099215
-0.0031076716316817414
-0.0033152645654166406
-0.00354255402167771
-0.003792039467686304
-0.004066624548377606
-0.00436969753660832
-0.0047052310108383726
-0.005077906176245888
-0.005493269022019304
-0.005957927947127161
-0.006479805887905467
-0.007068464758954003
-0.00773552682747797
-0.008495227452799892
-0.009365147977987178
-0.010367198855569608
-0.011528955206578349
-0.012885496311987401
-0.014481977628206728
-0.016377287056615213
-0.018649338371329083
-0.021402891770043883
-0.024781372181332296
-0.02898518781382567
-0.03430094979440499
-0.04114962557750503
-0.050168922282828
-0.06236047713991042
-0.07936650870201395
-0.10402186150969275
-0.14153693580777485
-0.20225754442029908
-0.3087794047306548
-0.5163277964417688
-0.9736603444987638
-2.0086297050712343
-2.955835007584038
-1.8515528975710909
-0.9073694554352005
-0.48905852977805164
-0.28909601926842493
-0.17466519788715695
-0.08922365270937696
0.006501384542291071
0.13061623600881464
0.1262820571866134
0.03258244571271488
-0.001860713415589696
-0.01257896260582066
-0.01626727856052031
-0.017184168625508055
-0.016914425155894645
-0.01614294504661428
-0.015183064749737444
-0.014181772754471937
-0.0132077124693974
-0.01229132240171957
-0.011444038945338722
-0.010667831137170977
-0.009960065792253442
-0.009316032145199505
-0.008730258146669572
-0.008197188836071134
-0.007711522925227125
-0.0072683651138623975
-0.006863279527454753
-0.0064922911752995005
-0.006151861375167992
-0.005838851477844117
-0.005550482731216487
-0.005284296449584424
-0.005038116582619956
-0.004810015609771735
-0.0045982840443132104
-0.004401403482201156
-0.004218022960980993
-0.004046938317703777
-0.003887074213850536
-0.0037374685046318926
-0.0035972586534361666
-0.003465669921057377
-0.003342005091135233
-0.0032256355227020046
-0.0031159933480099477
-0.0030125646595417564
-0.0029148835508171255
-0.00282252689536907
-0.002735109764324012
-0.0026522813972556574
-0.002573721653264306
-0.002499137879050215
-0.0024282621401912566
-0.00236084876907131
-0.002296672189253195
-0.0022355249818676723
-0.002177216164049282
-0.0021215696535403753
-0.002068422897083162
-0.002017625643126274
-0.0019690388418036834
-0.0019225336575729272
-0.0018779905815218105
-0.0018352986320979488
-0.001794354634393289
-0.0017550625693705925
-0.0017173329853680283
-0.0016810824651862764
-0.0016462331429462325
-0.0016127122653640873
-0.0015804517929934507
-0.0015493880372046344
-0.001519461329414583
-0.0014906157192517266
-0.0014627986988664454
-0.001435960950787746
-0.0014100561171064134
-0.0013850405879010147
-0.0013608733071436496
-0.0013375155944253723
-0.0013149309810425356
-0.0012930850591713304
-0.0012719453429186815
-0.001251481140195804
-0.001231663434479284
-0.001212464775584335
-0.001193859178668516
-0.0011758220307852645
-0.001158330004318452
-0.0011413609767552046
-0.0011248939562508655
-0.0011089090125186152
-0.0010933872126203182
-0.0010783105612471738
-0.0010636619451585064
-0.0010494250814250274
-0.0010355844692005178
-0.0010221253447395909
-0.0010090336394241455
-0.0009962959405503387
-0.000983899454689676
-0.0009718319734315984
-0.0009600818413130542
-0.0009486379258005561
-0.000937489589156079
-0.0009266266620712179
-0.0009160394189218806
-0.0009057185545523881
-0.0008956551624645615
-0.0008858407143216424
-0.0008762670406837086
-0.0008669263128777969
-0.0008578110259351595
-0.0008489139825210086
-0.000840228277797037
-0.0008317472851412351
-0.0008234646426910596
-0.0008153742406324601
-0.0008074702092067308
-0.0007997469073789983
-0.0007921989121288286
-0.0007848210083267143
-0.0007776081791568224
-0.0007705555970523134
-0.0007636586151167035
-0.000756912758994731
-0.0007503137191715887
-0.0007438573436729213
-0.0007375396311392078
-0.0007313567242576991
-0.0007253049035271376
-0.0007193805813361443
-0.0007135802963415936
-0.0007079007081225426
-0.0007023385921003918
-0.0006968908347084453
-0.0006915544287937306
-0.0006863264692449145
-0.0006812041488269218
-0.0006761847542145432
-0.0006712656622151066
-0.0006664443361675718
-0.0006617183225083442
-0.0006570852474988493
-0.0006525428141011721
-0.0006480887989991712
-0.0006437210497518142
-0.0006394374820764837
-0.0006352360772556479
-0.0006311148796536678
-0.0006270719943508357
-0.0006231055848747401
-0.0006192138710337495
-0.0006153951268448081
-0.0006116476785481527
-0.0006079699027100955
-0.0006043602244035312
-0.0006008171154684038
-0.0005973390928407088
-0.0005939247169574318
-0.0005905725902221286
-0.0005872813555372915
-0.0005840496948943143
-0.000580876328023026
-0.0005777600110952875
-0.0005746995354801193
-0.0005716937265483907
-0.0005687414425274871
-0.0005658415733967917
-0.0005629930398332376
-0.0005601947921898175
-0.0005574458095210809
-0.0005547450986420521
-0.0005520916932252492
-0.000549484652930554
-0.0005469230625698867
-0.0005444060313023479
-0.000541932691859754
-0.0005395021998011722
-0.0005371137327957769
-0.000534766489930649
-0.0005324596910455349
-0.0005301925760914625
-0.0005279644045118013
-0.0005257744546476554
-0.0005236220231619553
-0.0005215064244868036
-0.0005194269902883563
-0.000517383068952474
-0.0005153740250867891
-0.000513399239041418
-0.0005114581064457525
-0.000509550037761661
-0.00050767445785188
-0.0005058308055629854
-0.0005040185333233347
-0.0005022371067540288
-0.0005004860042931366
-0.0004987647168324579
-0.0004970727473671267
-0.0004954096106559952
-0.0004937748328936519
-0.0004921679513929718
-0.0004905885142794302
-0.0004890360801926861
-0.00048751021800091563
-0.0004860105065220825
-0.0004845365342557402
-0.0004830878991220867
-0.00048166420821062705
-0.00048026507753535103
-0.0004788901317995716
-0.00047753900416639506
-0.00047621133603709814
-0.0004749067768364322
-0.0004736249838046329
-0.0004723656217956779
-0.00047112836308178856
-0.0004699128871639887
-0.0004687188805884095
-0.00046754603676797554
-0.0004663940558098808
-0.0004652626443480312
-0.0004641515153802769
-0.00046306038811079285
-0.00046198898779727804
-0.0004609370456023348
-0.00045990429844891014
-0.0004588904888815256
-0.00045789536492914473
-0.00045691867997429427
-0.00045596019262444243
-0.0004550196665879925
-0.0004540968705535764
-0.00045319157807204355
-0.0004523035674437188
-0.00045143262160624476
-0.0004505785280281334
-0.0004497410786035184
-0.00044892006955073096
-0.0004481153013136088
-0.00044732657846511067
-0.00044655370961443723
-0.0004457965073155164
-0.00044505478797950447
-0.00044432837178816353
-0.00044361708261093544
-0.00044292074792322115
-0.0004422391987274299
-0.0004415722694763109
-0.0004409197979979026
-0.0004402816254225484
-0.00043965759611217826
-0.00043904755759156767
-0.0004384513604804909
-0.00043786885842912087
-0.0004372999080537387
-0.0004367443688750368
-0.0004362021032578027
-0.00043567297635198316
-0.0004351568560354864
-0.00043465361285853124
-0.0004341631199891222
-0.00043368525316021524
-0.0004332198906183802
-0.0004327669130731638
-0.0004323262036485622
-0.00043189764783493385
-0.00043148113344277896
-0.00043107655055743516
-0.0004306837914949733
-0.0004303027507587786
-0.0004299333249980193
-0.0004295754129666741
-0.0004292289154833214
-0.00042889373539278103
-0.0004285697775279547
-0.00042825694867258457
-0.00042795515752565625
-0.00042766431466601917
-0.00042738433251830163
-0.00042711512531905585
-0.00042685660908456174
-0.0004266087015787373
-0.0004263713222824184
-0.0004261443923626524
-0.00042592783464350306
-0.00042572157357723134
-0.0004255255352159511
-0.0004253396471842956
-0.00042516383865292293
-0.00042499804031204076
-0.00042484218434602606
-0.0004246962044087352
-0.00042456003559901786
-0.00042443361443719827
-0.0004243168788420316
-0.0004242097681078185
-0.0004241122228828658
-0.00042402418514767953
-0.0004239455981941438
-0.00042387640660512463
-0.00042381655623437
-0.00042376599418710893
-0.0004237246688011549
-0.00042369252962815067
-0.00042366952741558224
-0.00042365561408920754
-0.00042365074273561517
-0.00042365486758558576
-0.0004236679439975674
-0.0004236899284415886
-0.00042372077848396657
-0.0004237604527715626
-0.000423808911017451
-0.0004238661139858164
-0.0004239320234781555
-0.0004240066023196861
-0.00042408981434521436
-0.00042418162438650705
-0.00042428199825920917
-0.0004243909027506323
-0.0004245083056072125
-0.00042463417552281537
-0.00042476848212696553
-0.0004249111959739193
-0.00042506228853128044
-0.00042522173216921034
-0.00042538950015030244
-0.0004255655666191084
-0.000425749906592376
-0.00042594249594912905
-0.00042614331142147837
-0.0004263523305852968
-0.00042656953185120713
-0.0004267948944562093
-0.00042702839845464724
-0.00042727002471049206
-0.0004275197548891611
-0.0004277775714493871
-0.00042804345763611934
-0.0004283173974727863
-0.0004285993757542944
-0.0004288893780399943
-0.0004291873906469518
-0.0004294934006433154
-0.00042980739584188335
-0.0004301293647942108
-0.00043045929678418534
-0.0004307971818224783
-0.00043114301064086524
-0.00043149677468668293
-0.0004318584661175001
-0.0004322280777962375
-0.00043260560328597437
-0.00043299103684513266
-0.0004333843734232557
-0.0004337856086559757
-0.0004341947388610718
-0.00043461176103433516
-0.000435036672845353
-0.0004354694726339354
-0.0004359101594062042
-0.0004363587328311824
-0.0004368151932373644
-0.0004372795416094043
-0.00043775177958510654
-0.00043823190945239753
-0.00043871993414649324
-0.0004392158572471231
-0.0004397196829762704
-0.0004402314161953924
-0.000440751062403237
-0.00044127862773386866
-0.00044181411895428523
-0.00044235754346279174
-0.00044290890928723876
-0.00044346822508307086
-0.0004440355001321112
-0.0004446107443410501
-0.00044519396824012564
-0.0004457851829818778
-0.00044638440034039644
-0.0004469916327100386
-0.0004476068931049607
-0.00044823019515806417
-0.00044886155312077016
-0.0004495009818623996
-0.0004501484968697393
-0.0004508041142470206
-0.000451467850715804
-0.000452139723614615
-0.0004528197508995081
-0.00045350795114413087
-0.0004542043435399372
-0.00045490894789675194
-0.0004556217846433547
-0.0004563428748280148
-0.00045707224011944607
-0.00045780990280747265
-0.0004585558858043279
-0.00045931021264535314
-0.00046007290749065853
-0.00046084399512596796
-0.0004616235009646021
-0.00046241145104849546
-0.0004632078720501812
-0.0004640127912743724
-0.00046482623665992294
-0.0004656482367816567
-0.00046647882085271993
-0.00046731801872648606
-0.00046816586089902453
-0.00046902237851144233
-0.0004698876033523446
-0.0004707615678606128
-0.0004716443051279897
-0.00047253584890212134
-0.00047343623358914015
-0.00047434549425717234
-0.00047526366663921455
-0.0004761907871365723
-0.0004771268928222243
-0.00047807202144419593
-0.0004790262114294519
-0.0004799895018874222
-0.00048096193261393727
-0.0004819435440952166
-0.0004829343775118654
-0.00048393447474321896
-0.0004849438783715246
-0.00048596263168645135
-0.0004869907786896254
-0.000488028364099334
-0.0004890754333552722
-0.0004901320326235089
-0.0004911982088014881
-0.0004922740095231505
-0.0004933594831643708
-0.0004944546788483176
-0.0004955596464507805
-0.0004966744366062185
-0.0004977991007132066
-0.0004989336909405793
-0.000500078260233396
-0.0005012328623192161
-0.0005023975517142006
-0.0005035723837300302
-0.0005047574144799651
-0.0005059527008859558
-0.0005071583006853192
-0.0005083742724380134
-0.0005096006755334073
-0.0005108375701979556
-0.0005120850175024228
-0.0005133430793697113
-0.0005146118185822215
-0.0005158912987902687
-0.0005171815845198211
-0.0005184827411806159
-0.0005197948350748583
-0.0005211179334054995
-0.0005224521042851022
-0.0005237974167445293
-0.0005251539407420423
-0.0005265217471726205
-0.0005279009078769882
-0.0005292914956515921
-0.0005306935842579276
-0.0005321072484326951
-0.0005335325638977144
-0.0005349696073701065
-0.000536418456573055
-0.0005378791902460291
-0.0005393518881558503
-0.0005408366311077042
-0.0005423335009561707
-0.0005438425806167912
-0.0005453639540775519
-0.0005468977064109638
-0.0005484439237855892
-0.0005500026934788181
-0.0005515741038889052
-0.0005531582445479457
-0.0005547552061344162
-0.0005563650804866327
-0.0005579879606159077
-0.0005596239407200779
-0.0005612731161975614
-0.0005629355836610863
-0.0005646114409522502
-0.0005663007871558187
-0.0005680037226147147
-0.0005697203489451209
-0.0005714507690514658
-0.0005731950871422586
-0.0005749534087460654
-0.0005767258407272292
-0.0005785124913024493
-0.0005803134700575825
-0.0005821288879646338
-0.0005839588573986115
-0.0005858034921555102
-0.0005876629074700848
-0.0005895372200337468
-0.0005914265480135799
-0.0005933310110704327
-0.0005952507303787184
-0.0005971858286453806
-0.0005991364301299748
-0.0006011026606646656
-0.0006030846476747936
-0.0006050825201996546
-0.0006070964089135531
-0.0006091264461477634
-0.0006111727659120984
-0.0006132355039172934
-0.0006153147975978692
-0.0006174107861350237
-0.0006195236104804912
-0.0006216534133799789
-0.0006238003393977846
-0.0006259645349416166
-0.000628146148287654
-0.0006303453296060716
-0.0006325622309873909
-0.0006347970064689254
-0.0006370498120615749
-0.0006393208057775914
-0.0006416101476584599
-0.0006439179998033468
-0.0006462445263979346
-0.000648589893744236
-0.0006509542702901197
-0.0006533378266604123
-0.0006557407356874515
-0.000658163172443121
-0.000660605314270711
-0.0006630673408180263
-0.0006655494340705753
-0.0006680517783854625
-0.0006705745605261181
-0.0006731179696973821
-0.0006756821975815309
-0.0006782674383744401
-0.000680873888823158
-0.0006835017482632857
-0.0006861512186577169
-0.0006888225046359688
-0.0006915158135338323
-0.0006942313554341633
-0.0006969693432084888
-0.0006997299925588655
-0.0007025135220609477
-0.0007053201532078212
-0.0007081501104543893
-0.0007110036212629826
-0.0007138809161493601
-0.0007167822287299461
-0.0007197077957697796
-0.0007226578572312458
-0.0007256326563240487
-0.0007286324395558058
-0.0007316574567838732
-0.000734707961267837
-0.000737784209723269
-0.0007408864623763369
-0.0007440149830196291
-0.0007471700390688227
-0.0007503519016206237
-0.0007535608455117929
-0.0007567971493790076
-0.0007600610957204812
-0.0007633529709582386
-0.0007666730655018116
-0.0007700216738131217
-0.0007733990944726039
-0.0007768056302468981
-0.0007802415881573324
-0.0007837072795504115
-0.0007872030201688481
-0.0007907291302250601
-0.000794285934475029
-0.0007978737622945062
-0.0008014929477563134
-0.0008051438297090869
-0.0008088267518577676
-0.0008125420628460549
-0.0008162901163395518
-0.0008200712711117992
-0.0008238858911310822
-0.0008277343456493891
-0.0008316170092934208
-0.0008355342621568315
-0.0008394864898948951
-0.0008434740838210091
-0.0008474974410049265
-0.0008515569643733153
-0.0008556530628123201
-0.0008597861512719702
-0.0008639566508734675
-0.0008681649890176124
-0.0008724115994967806
-0.0008766969226081131
-0.000881021405269845
-0.0008853855011398126
-0.0008897896707363748
-0.0008942343815620684
-0.0008987201082299579
-0.0009032473325922869
-0.0009078165438725986
-0.0009124282387998466
-0.0009170829217460677
-0.0009217811048667722
-0.0009265233082444099
-0.0009313100600347842
-0.0009361418966170038
-0.0009410193627465011
-0.0009459430117114917
-0.0009509134054926556
-0.0009559311149269362
-0.0009609967198739647
-0.0009661108093875033
-0.000971273981889336
-0.0009764868453483828
-0.0009817500174625258
-0.000987064125845826
-0.000992429808218725
-0.0009978477126036274
-0.0010033184975243498
-0.0010088428322101326
-0.0010144213968045319
-0.0010200548825790693
-0.0010257439921516618
-0.0010314894397103532
-0.0010372919512418907
-0.0010431522647657628
-0.0010490711305744652
-0.0010550493114775304
-0.0010610875830535215
-0.001067186733906219
-0.0010733475659279275
-0.0010795708945688285
-0.0010858575491120728
-0.0010922083729564232
-0.0010986242239052779
-0.0011051059744621988
-0.0011116545121345617
-0.00111827073974382
-0.0011249555757432872
-0.001131709954544196
-0.001138534826849721
-0.0011454311599962935
-0.001152399938304652
-0.0011594421634386945
-0.001166558854773669
-0.0011737510497731953
-0.001181019804376123
-0.001188366193393152
-0.0011957913109126015
-0.00120329627071801
-0.001210882206714425
-0.0012185502733674965
-0.0012263016461523737
-0.0012341375220146235
-0.001242059119843645
-0.0012500676809571443
-0.0012581644695988173
-0.0012663507734495994
-0.0012746279041512916
-0.0012829971978443313
-0.001291460015720356
-0.0013000177445876865
-0.0013086717974543805
-0.0013174236141245675
-0.0013262746618118884
-0.0013352264357691691
-0.0013442804599353639
-0.0013534382875995418
-0.0013627015020830288
-0.001372071717440749
-0.001381550579181222
-0.0013911397650064302
-0.0014008409855727783
-0.0014106559852715497
-0.001420586543033775
-0.0014306344731547683
-0.0014408016261438046
-0.001451089889596829
-0.0014615011890942962
-0.0014720374891243478
-0.001482700794032195
-0.0014934931489974039
-0.001504416641038509
-0.001515473400046762
-0.0015266655998507626
-0.001537995459311015
-0.0015494652434472846
-0.0015610772645986825
-0.0015728338836184426
-0.0015847375111034435
-0.0015967906086611
-0.001608995690213813
-0.0016213553233425588
-0.0016338721306708222
-0.0016465487912914478
-0.00165938804223523
-0.001672392679986021
-0.0016855655620416935
-0.0016989096085231897
-0.0017124278038332364
-0.0017261231983674533
-0.001739998910278153
-0.0017540581272938384
-0.0017683041085962126
-0.0017827401867568375
-0.0017973697697341946
-0.001812196342937086
-0.0018272234713515125
-0.0018424548017386064
-0.0018578940649019962
-0.0018735450780302612
-0.001889411747116068
-0.001905498069453243
-0.001921808136219424
-0.0019383461351413884
-0.0019551163532510163
-0.001972123179733512
-0.001989371108870675
-0.0020068647430863252
-0.0020246087960910184
-0.002042608096138964
-0.0020608675893934903
-0.0020793923434109457
-0.0020981875507438768
-0.002117258532670897
-0.0021366107430564373
-0.002156249772348602
-0.0021761813517155357
-0.0021964113573309813
-0.0022169458148133207