-4.181572907679992e-19
4.632418924883121e-18
6.112047822257317e-19
0.00008427169835680285
0.0007760849138310858
0.0003641163066421632
0.00010175663937022956
-0.00003863270684248813
0.00014943214056856565
-0.00019053823108106625
-0.0003527857817516408
0.00001477562871626941
0.00017034762362604273
-0.0005105461292271651
0.00037514150734663964
0.0006536939883471147
-0.0000371892269515511
-0.0008608541175837435
0.0004464139980913083
-0.0004934558098173114
-0.000696845355079212
0.00012028918557757411
0.0010607531591199848
-0.0005347615751578843
0.0007070341227358941
0.0009235826138594393
-0.0001987716428868369
-0.0015686541713489939
0.0006251659153587097
-0.0010182286259122866
-0.0011396674272901243
0.0003379800780111871
0.0017824322920341037
-0.0006325448531622547
0.00136293137441275
0.001387931754555148
-0.000518888648037978
-0.002416751737747437
0.0008228918477933002
-0.0016516540678723297
-0.0014969875494605794
0.000735550272706767
0.002989412227654612
-0.000784516720983282
0.002207168254257096
0.0017468500979028708
-0.0010962003004045678
-0.0034869386254754177
0.0006317817206555033
-0.002720969980227483
-0.001998119278128367
0.0015015188132998293
0.004377291280897311
-0.000753684903066876
0.003448540108101104
0.0026460976493508075
-0.0019357834971338377
-0.005464358945674293
0.000455633067580881
-0.0043271923707128715
-0.0025704028089941185
0.0026414036072893695
0.0061770936024398235
-0.00034450862592474036
0.005517428445666816
0.0034041265957981213
-0.0035431781766485236
-0.007952553854026595
0.00024898043321935947
-0.007050028512084779
-0.004205890422987459
0.00434653926006453
0.009982807496336472
-0.00017591748864120943
0.008902316791178744
0.005544311969240705
-0.005938366284203936
-0.012320770165624816
-0.00013464834916649497
-0.011701995163565354
-0.006560497113799216
0.007605794585118986
0.016039933024893045
0.0007392333727316276
0.01519979059534299
0.008626149916501083
-0.01076465352524834
-0.02011370631516247
-0.0015926312378139894
-0.021011779227139753
-0.010751513206426833
0.01394498101585192
0.027748789193170045
0.0026846108485033215
0.028744291261120443
0.015633648942451388
-0.021801125556635666
-0.03566663253923439
-0.006122464820049463
-0.04397777385210721
-0.018739298788540262
0.027859224820348492
0.05589908995995818
0.008119772369827116
0.06617641190871296
0.03895071673967312
-0.057099685179347735
-0.0636052425674046
-0.09495618389875816
-0.1363072652565397
-0.0277518451486878
0.033551846539523214
0.06565876119850343
0.09185984458374619
0.0826410721634626
0.03497521830225473
-0.10215213442141313
-0.5022538872184332
-0.03947381315209974
-0.4644286791532266
-1.1299167376157853
2.3045538173992566
1.1166913774281886
10.846867791364811
5.490777718218768
2.3402453337048903
-10.277105153250849
-4.498820971060529
-9.698028110713125
-2.6738677676085447
-0.4305648846119399
0.69607767164366
1.2912726624079687
0.11662524252689778
0.4444642828364564
0.1666883459820917
-0.2865787675212255
-0.27603752709318
-0.0673907835683122
-0.180642061030583
-0.052112541934984616
0.10866032164947763
0.1550119027894725
0.030090855736420664
0.09560713439356402
0.03159991234661937
-0.06880348953402611
-0.08103878736817369
-0.021490859608928457
-0.05906027399682601
-0.01750074070006762
0.041708322148546056
0.05572629740962212
0.014038924459136327
0.040204283396977826
0.012301151551774485
-0.030716819831598397
-0.03609018429420657
-0.011342442937591546
-0.028950112151523395
-0.007498511952587076
0.021937216401009436
0.027348559811701496
0.009236552934993187
0.021845485715056446
0.004849344332554714
-0.017412347063875226
-0.019407036561509536
-0.007854223042968282
-0.01691533794538446
-0.003717868528026499
0.013653146865744188
0.015276326932358636
0.007237957303366114
0.013505812609021941
0.002523157451781151
-0.011438322961769751
-0.010781131659348249
-0.006702753760038782
-0.011214267001423807
-0.0008075456351283048
0.00976438952502019
0.008887035573516226
0.007726016718356163
0.00973646662018707
-1.8534734089438406e-6
-0.00882776611345312
-0.006358146881139166
-0.009027080479215929
-0.009465276871406181
0.0018617848134770435
0.007414215940471198
0.003616052782909254
-0.02976443268584255
-0.053787486793444576
-0.061028928207560916
-0.05170348599725899
-0.016176961058335475
-0.008591460111995032
-0.007250644779531435
0.004392698422216879
0.020135006829325074
0.007866759864903806
0.017352695931958328
0.01083812173407307
-0.01650465776794035
-0.05444786738291619
-0.015268872545912221
-0.07025566211415901
-0.10427256129230025
0.04639239937970956
0.8876770133954685
4.794106576280899
10.321238484167392
0.9543587635947401
-0.15689129671420585
-0.17427288675685196
-0.06027054228726556
-0.04303125805241496
-0.05172351101305303
-0.00768876139952055
0.030565097210609585
0.016092608564461888
0.009763513313188744
0.02078374444625989
-0.003030866608201894
-0.016808991688838162
-0.018970861052244006
-0.0076155719843705345
-0.011814445429867057
-0.004017759321087363
0.00890524791599065
0.010765384465847237
0.0014732329502469188
0.006687559051449848
0.0007292577484623702
-0.005430699015333425
-0.00840942473871873
-0.002833818495461836
-0.0065655738254145135
-0.0030175075361285413
0.004544973516689744
0.005485085459884762
0.0010266116811168695
0.00467807494330878
0.0017371366831312345
-0.003493111841072933
-0.005434222801962268
-0.0008675715444273876
-0.004443352651816598
-0.001840205621589245
0.0029399646932812542
0.0038577161548115323
0.00046535664698493123
0.0037021868472739638
0.0021507327906724934
-0.0023967267965297255
-0.004059812003618087
0.0011159703582079366
-0.0032431494464992645
-0.0017346106790677002
0.0019075680592682965
0.0038409880974875415
0.0001173164183828362
0.002853008995326639
0.0014882445090099567
-0.0016606261663028462
-0.002987425824681984
-0.00014932026941463856
-0.002213248402659379
-0.0011988244315724716
0.0012886830101347926
0.002570151478278787
0.00005413345599723526
0.0019600942201215715
0.0010528273796675048
-0.0010658774976898728
-0.0018971383181521668
-0.0005531697435199226
-0.0016138981217035846
-0.0005662021228230905
0.0008690311891444391
0.001374780219159908
0.0017886754242257398
0.004594066853321303
0.005689281840653638
0.005324871670710739
0.002780795953669906
-0.00014666572828710202
-0.0006921259062615912
0.0006879491391926613
0.0016869287364391914
-0.0003682630909941411
0.0020974472324017247
-0.00013490041825050338
-0.0029073067626243744
-0.002118152576098493
0.0005103796683060321
-0.0045928464361599
0.00038442277441293985
0.005215446273674731
0.0029871291934818133
-0.0020274205169954454
0.00826039491168252
-0.004083417866532387
-0.013366324747525532
-0.004491943776137911
0.015331277343209816
-0.01895101952910548
0.005528481034918603
0.025775398565115685
0.008663629292855815
-0.03515270288923065
0.044321660075137576
-0.02734494264814356
-0.09499983477518986
0.011558592206626445
0.2138723206195879
-0.39816078044464975
0.325951703195236
1.070509536957154
0.6539352087479513
13.314324207555623
13.926788479387666
1.1851380392246733
-0.6123246600526636
-0.1552138128637358
0.21364360670551116
-0.16225709190008616
0.0392057175868687
0.09646637379536123
0.02839018950077967
-0.08032917678097136
0.05599311710780198
-0.021501350725701543
-0.04510517115332809
-0.01636529760624165
0.02735283011012621
-0.029879545020722546
0.0062974353281637415
0.021323230974299476
0.005305693288736364
-0.011133723636643195
0.017298555724379508
-0.00526850739563432
-0.00974796605135119
-0.0023398890601039786
0.010495836296145526
-0.007300670318963484
0.0017462943774816835
0.008765039158328176
0.0025681981822226235
-0.009544704470284682
0.008258272802079848
-0.002303062750733206
-0.006954330986918743
-0.00101011432527853
0.005260228852895414
-0.005641983073854543
0.0010981209918028785
0.004352110320047889
0.0020007138547421537
-0.004080507886191835
0.004328677423937833
-0.0019319083659609727
-0.0036093775300408914
0.0001284367985606659
0.002510154049483169
-0.003008757304347387
0.000689085104055798
0.0029185986778741567
0.0011048735658958512
-0.002568882319130821
0.002520275439628363
-0.0006607166992896909
-0.0010993578401360966
0.00018656260555844674
0.001753419763457273
-0.0006497574435618576
0.0009282863833407657
0.0014019202895202303
0.00017368606034327908
-0.0007587612412109332
0.001989351245106787
-0.0008952604276770983
-0.00029926158172582744
-0.000022335608099805166
0.00007401999569332487
0.00013902318006711912
0.000010842929535176565
-0.00008968358481030416
-0.00005546006543587496
0.000427270061639617
-0.00036690831210258053
0.0001058385132472933
0.0008107511370264531
-0.0005543292256124392
-0.0023874724977136844
0.0007097165417974231
-0.0008604522641932716
-0.0019430491159578341
-0.0004069584133949405
0.0029813956175910577
-0.0020296265924645545
0.0007198407019529678
0.002696858556930034
-0.0017293631810882547
-0.005192787834632676
0.004365331456682662
-0.004117001105525694
-0.006110316516124996
-0.0013371163981664635
0.00896693398294941
-0.004338814925082572
0.003580607547772293
0.009432037647231023
-0.006066865862301979
-0.016843269798006308
0.012358291627654084
-0.015339828223209987
-0.01686644457852362
-0.0013212034024251554
0.017776406886310284
-0.01819244063942639
0.01319100919411231
0.03408600373074844
-0.016792983364831173
-0.08645740037157275
0.06474266773211867
-0.026091049671965964
-0.0674846582009615
-0.01923088456100449
0.19672156318470974
-0.15088448411969876
0.11694664215478576
1.0005246448482947
-1.3291061301899785
-5.550198107773395
0.45149679501957024
-1.1281350280654185
-0.45998993444093494
-0.051083193358131704
0.27063778402069
-0.12133193830931292
0.04644293704150257
0.07894544489741584
-0.0010936373596158351
-0.07416688432819861
0.006202341949592025
-0.03456286152716484
-0.03890946203895783
-0.002878890341134184
0.018889646651280817
-0.018373730234197153
0.006038221852091302
0.006226757764746974
-0.006060829481216144
-0.016605092784093663
0.0031753962145066278
-0.00798552051769909
-0.009773195437779223
-0.002264118051078702
0.0058772854013039826
-0.0071973828522825115
0.0012958937210500582
0.0028385954640498933
-0.0009109343233385769
-0.005478266904864561
0.0023332644403123034
-0.002102440348096496
-0.0034707357761180157
-0.001495708538741248
0.001976469021013942
-0.004081738550675267
-0.00022567706152131994
0.001665214303215754
0.0003899525559691758
-0.0007826237972145476
-0.001573501424915857
-0.002044342170571082
-0.0019202042983301004
-0.0012586537223242182
0.00012104260519886303
-0.0009790179707454627
-0.0007796458437748366
0.0001341863891966905
0.0012097260803698537
0.00045178487424653703
0.0004009138467117965
0.0010387279636245481
0.00015255432484316246
-0.0010373208888285231
-0.0012628921464272371
-0.00017487198622532303
-0.0012099081462474627
-0.00064550244853391
0.0012354719777893965
0.0024444572605437018
0.00008002113572920839
0.002178442113500157
0.0018534608696888256
-0.00035654778893520056
-0.0023912769696534564
0.0014936795091639891
-0.001326315849662728
-0.0011113150946506975
0.002065748659033938
0.005943063451032819
-0.00009412994777228086
0.004796242972931082
0.005754727410472798
0.0017796880616971554
-0.004663446270185265
0.007392612029013125
-0.001264095089091102
-0.001899733092476821
0.0012777817055017494
0.019442201881706252
-0.016072339485786624
0.01613857118865471
0.027429778306134217
0.01679453084967281
-0.012083425677901882
0.05553186761554108
0.014836962867999398
-0.02511318341910696
0.04476003260929023
0.6715998375640443
-1.1269761177871027
3.4669372223709223
1.4263684387692954
0.6636635796812709
-0.09591049274048268
0.19485262530079173
0.02407357754282936
-0.022555394656992637
0.0004329588554905162
0.0266526763810622
-0.01742183220924913
0.006380370737179982
0.01819671520864468
0.012138740297393633
-0.006840059892659369
0.021840891723114778
-0.0011100298198335288
-0.00681999720603188
-0.0013711925384524075
0.002179936235197203
0.004880752753610981
0.005133478677004648
0.0040637931597043205
0.001607856639885572
-0.0032033450564209684
0.002359424897981105
-0.0004523426969230078
-0.0024546444072462556
-0.0005156589870254552
0.005067770610448677
-0.0010241326477960838
0.001904197690290983
0.002285047863817543
0.000014075709952203034
-0.002483105746506165
0.0006897343681565796
-0.001443998363463219
-0.0013012632369800495
0.0010793141687047599
0.0031502281261285418
0.00005249143776187808
0.0022509749767055665
0.000777493577922318
-0.0025734682383165204
-0.0044335656050773845
-0.0022026028487766368
-0.0050223544207622945
-0.0019985699173233405
0.0029878460121380954
0.0036766226185419647
0.0026403068498311397
0.008123472405282594
-0.0031828495844359703
-0.02284900778684656
-0.021324650870619404
-0.06030171738876416
-0.06976804105504297
-0.015178545431487453
0.21151607413416804
0.40889481391687466
0.1863326715469867
0.07039779839545554
-0.009122903053386129
-0.023167892274971603
-0.02231794422009369
-0.015867606006507332
-0.00981499215093135
-0.0006862772512555082
0.013325702323414826
0.030610019491017926
0.002480944467320772
0.005404212667605486
-0.0014350239844397828
-0.007824577092537689
-0.005667051712999077
-0.00322222288012419
-0.004767756284637659
-0.001421375050609204
0.0024651170739206116
0.003268124406252256
0.00046023959401250394
0.002232803973992001
0.000208006019121956
-0.002789017527254037
-0.003321616215631781
-0.0012639678466767345
-0.002653447310237031
-0.0009578482139591481
0.0013603607590081655
0.0020757611823396275
0.0002921734137146758
0.0016500945666170525
0.00034352958655852736
-0.0017447864069645139
-0.002242220636276758
-0.0007778742214099801
-0.002096886394711036
-0.0007968484107992531
0.0011031109671379657
0.0018461461823283116
0.0002546151987419274
0.0018075613380112052
0.00043739407002260736
-0.0013919706686390985
-0.0019224097010040926
-0.0006351493042099944
-0.0016462995964235429
-0.0006634000097284165
0.0013315165831254935
0.0016965938085462954
0.0003729592317217329
0.0012522830397135485
0.0003721134499306843
-0.0012386768871038992
-0.0016254341322770366
-0.0005725987002453227
-0.001509004242956534
-0.0005730128864587865
0.0010189365868903592
0.0013964790591324857
0.0003851403854506715
0.0013167683694207048
0.0003820426877171554
-0.001241941897700162
-0.001506976657867837
-0.0005734886002194129
-0.0013874883692646391
-0.0004872117658548282
0.001005426610869866
0.0014479793238627412
0.00048776879048587936
0.0012900834569934216
0.0003596273669741209
-0.0011275576417493092
-0.0014450932057754303
-0.0005147933510570063
-0.0013529041724044837
-0.0004248426301352505
0.0010888905325065815
0.0013726116778190885
0.00047451619989281267
0.0012227053556719235
0.00041841586836604834
-0.0012417883804559558
-0.0015734197274187949
-0.0005800101853051643
-0.0013039804937263963
-0.0004223848033299998
0.0011197309973042084
0.0013662335018946403
0.0005292840370222307
0.0013322231410979966
0.00032318853017504685
-0.0012109526499396793
-0.0014033258583625915
-0.00043375702796298517
-0.001215320127627455
-0.0004378815622747961
0.0010607307812425975
0.0014504302921554317
0.0005296262996737248
0.0011685807341109118
0.00031980025552502325
-0.0012708633396042723
-0.001386736424034218
-0.0004442796696541811
-0.0013019259126206245
-0.00035879485886689596
0.0011285992771482424
0.0013780810874679105
0.0004846216864809147
0.0012639674765012648
0.0003340833891554714
-0.0012376590931419487
-0.0013016812280440852
-0.0005958836113885414
-0.0012354796283294955
-0.00036293702942764074
0.0010678984193708487
0.0013940193098219088
0.0004068059955972734
0.0012792415701644415
0.00033149600945741605
-0.0012102401503999076
-0.0013811544621858932
-0.0005821103288533451
-0.0013497649482758633
-0.0003138293347579697
0.001129094808258254
0.0013799725061787338
0.000557127249845905
0.0012886809583371646
0.0003663590717648197
-0.0011250491106135619
-0.0013234771926846
-0.0005238197860061315
-0.001363463661028649
-0.0003640653543332044
0.0010993329100851888
0.0014749924051733925
0.0006148942668551295
0.0013694251271118897
0.0003276151354877425
-0.001220214460909056
-0.0013881970388951899
-0.0006220482696529784
-0.0013998530537600148
-0.0003380860596486851
0.0011540175454346328
0.001382172295195284
0.0005141766738780197
0.0013588871814724389
0.0003144315028565327
-0.0012006303984308038
-0.0013992182090788662
-0.0005329989225203337
-0.0013688711437716504
-0.0004079455758697782
0.0012237337124474752
0.0014172673036640692
0.00043244557673123536
0.0014008384036140757
0.0003516188996687651
-0.0011063909309678435
-0.0014411422123412156
-0.0005605852593894234
-0.0013051690379306058
-0.0003680916448116173
0.0011798761829437275
0.0014127556937610138
0.0005937015690971705
0.0014240636373076068
0.0003762267041451767
-0.001221857824089186
-0.0013875179495587556
-0.0005511803870814976
-0.0013512330867547365
-0.00038275681613896245
0.0012137456932729833
0.0012797864357566985
0.0005023303020323063
0.0012724430068540066
0.00030756270523932375
-0.0011318555426924751
-0.0013934854679440217
-0.0004459079539047268
-0.0013059376214395605
-0.00040615744671091656
0.0010799251747376068
0.0014586906217869927
0.0005178425316530824
0.0013760382000234603
0.0003815786197310877
-0.0011848128671419103
-0.00131880015000602
-0.000597699482489157
-0.0013935092721816037
-0.0003324384822177933
0.0010923286229637802
0.0014712749903742343
0.0006948966418780603
0.0013469118784361707
0.0003485576650148975
-0.0012138604263215588
-0.001485675167488109
-0.0005077058275591289
-0.0013673307463979963
-0.0003448470520450089
0.00108681377312171
0.00137557219969215
0.0005203662401941742
0.0013179382996322767
0.0003704817267834448
-0.0011312534935813085
-0.0014866502439180836
-0.0005921890573610391
-0.0014366947297952922
-0.000299436098077125
0.0011380159661951426
0.0012981850474063205
0.00048704301325431555
0.001424567359105625
0.00039457338007445607
-0.001136042332232943
-0.001409839042385771
-0.0005914762160216136
-0.0013379536551958323
-0.00030406931617262564
0.0012652214391449415
0.0013044256786571024
0.00046049097349215514
0.0012819149108734655
0.000320051150053552
-0.0010428271496196416
-0.001439380149324247
-0.0006941270619271301
-0.001436260609529824
-0.00029340184684693366
0.0012365283344597194
0.0014731253706712019
0.0006592365513202482
0.0013031751378534489
0.0003107572672783184
-0.0012620397727127859
-0.0013103023467301025
-0.0005764455588818783
-0.0014899319593611885
-0.0003058561156326883
0.0011352306345087991
0.0013098046161657908
0.0006682346210634166
0.001458487706980216
0.0002707801292063018
-0.001193479520472047
-0.0013197217436006897
-0.0006361805617051459
-0.001273490958837393
-0.00031433241618852213
0.0012442254760938894
0.0014783702267753382
0.0006025454038035126
0.001425064070847797
0.00025782156579988154
-0.0012158862088859326
-0.0013607780532504776
-0.0007115173254893619
-0.001424951685671869
-0.0003173216175117141
0.0012782636946379843
0.0013965748535306475
0.0007031339862188199
0.0013747163624491983
0.00026532461868819323
-0.0012985026379799748
-0.0013968802844148804
-0.0006395651567093018
-0.0013476733324567192
-0.0002986017723917866
0.0012359574909391706
0.001308032085223394
0.0007055568639831667
0.0013312456578044411
0.0003042204652825035
-0.001218466869244815
-0.0013892231433170078
-0.0006916543720934717
-0.0014163396926641831
-0.00028550753433122933
0.001215521474750062
0.0013571534575022503
0.0006763495181259421
0.0014122204820313897
0.0002720295360888794
-0.001312073287123601
-0.0014140884088649924
-0.0007118621500937571
-0.0013402583604743476
-0.0002748947120011693
0.0012933860990464888
0.00139367019169816
0.0006866095343207432
0.0014244648046661354
0.0002905727320061611
-0.0012582039056489097
-0.0014299523931206838
-0.000599483312637141
-0.001476760131384548
-0.00028917145499842144
0.001240457864445242
0.001381684452813339
0.0007216759672565311
0.0014987988469938682
0.00027728676229219547
-0.0013475822900771953
-0.0014001595712430973
-0.0007068457513256859
-0.0013836540329903884
-0.00029196220137746613
0.001272035560964867
0.0013712027232186924
0.0007233835672601695
0.0013587392940449662
0.00027467530710245685
-0.0013171595541636295
-0.0013461466738963078
-0.0007308810340329351
-0.001422060509816324
-0.00028518288852051734
0.0012772468212459902
0.0013493507768592298
0.0006640741431441527
0.0013772989354630652
0.0002834383876214103
-0.001259845550140696
-0.0014482192412572856
-0.0006734829426107759
-0.001389079595396331
-0.0002742568245962553
0.0011774012780146619
0.0013967178793405112
0.0007093824280642269
0.001382189878239101
0.0002665377606999411
-0.0012715690918950156
-0.00139459756483083
-0.0007147780210100822
-0.0013629433881081154
-0.0002801916234023789
0.0012235989058376068
0.001412834718675589
0.0006904817787240771
0.0013603227896198317
0.00029389346650105094
-0.0012700051746732837
-0.0014605999728005404
-0.0007080894371851213
-0.001456451692712485
-0.0002774381114263358
0.001305871569372724
0.0014164620352131192
0.000717847315172718
0.0014170601992563178
0.0002626133432097162
-0.001284571001575388
-0.0013561341834136726
-0.0006855760402421371
-0.0014864126733027
-0.0002779503396676201
0.0012679878125369751
0.0013758881859037395
0.0006726457166857235
0.0014392138128041575
0.00027929728838529835
-0.0012608369899486777
-0.0013910439140738208
-0.0006960593899465595
-0.0014143036402955098
-0.00028548794136410365
0.0013410314336759377
0.001393518757619642
0.000626992382950162
0.0014207363657419748
0.0002920019807986123
-0.001182363950316812
-0.0013763954017307727
-0.0007996208576192521
-0.0013728120703537649
-0.00030757748999874553
0.0013252277573817693
0.0013708675182939865
0.0007277482800305406
0.0014840983983681816
0.00027520077006488135
-0.0013408448460283553
-0.0015186169987291454
-0.0007724016060749368
-0.0013941141157463558
-0.0002696370255474691
0.001280493817697318
0.001344972115765568
0.0006409693469238317
0.0013719062917976147
0.00025514054276623685
-0.00115416353632266
-0.0013836534029438995
-0.0007007756982392964
-0.0013365682016711412
-0.0002834310753359503
0.0011292661201245462
0.0015210403595710097
0.0006930585595637424
0.0012168719735880396