-1.6862294878116324e-14
-3.0323544145641926e-9
-1.0693414275129417e-7
-1.489454716058992e-6
-0.00003128466220193669
-0.0001752012267797176
-0.0000310794620607275
-0.00001895785403869346
-0.00001553222012355403
-0.000014305146092320503
-0.000013939480354419313
-0.000013998997461049265
-0.000014301668750188453
-0.000014758803109411103
-0.00001532235001636578
-0.000015964222499876286
-0.00001666706853776043
-0.0000174197320890477
-0.000018214844350091674
-0.00001904746488761265
-0.0000199142756127951
-0.000020813082302953947
-0.00002174249533856288
-0.000022701719112923114
-0.000023690409663386464
-0.000024708576458904264
-0.000025756513561772097
-0.000026834750822665167
-0.00002794401905834164
-0.000029085225204998676
-0.00003025943474226696
-0.00003146785953039333
-0.00003271184976752851
-0.000033992889156034956
-0.000035312592630893845
-0.00003667270618913893
-0.00003807510849169753
-0.00003952181400639765
-0.000041014977532295037
-0.00004255690000082967
-0.00004415003549136899
-0.00004579699943311727
-0.00004750057799357926
-0.000049263738678043794
-0.00005108964218577241
-0.00005298165558909815
-0.00005494336692067417
-0.00005697860127311444
-0.00005909143853536364
-0.00006128623291067856
-0.00006356763438343948
-0.00006594061232645988
-0.00006841048146726245
-0.00007098293046199988
-0.00007366405335928226
-0.00007646038427434635
-0.0000793789356375088
-0.00008242724043008573
-0.00008561339887766577
-0.00008894613013536274
-0.00009243482957486727
-0.00009608963236873197
-0.00009992148416779756
-0.00010394221978308072
-0.00010816465091825172
-0.00011260266415577395
-0.00011727133058332486
-0.00012218702866204266
-0.00012736758219064297
-0.0001328324155171038
-0.0001386027285007791
-0.00014470169414419203
-0.00015115468230822616
-0.0001579895135135543
-0.00016523674753570223
-0.00017293001234570222
-0.00018110637996500097
-0.00018980679703029104
-0.00019907657935208694
-0.00020896598155982152
-0.0002195308551366986
-0.0002308334108573068
-0.0002429431049786316
-0.00025593767266313073
-0.00026990433724305874
-0.0002849412303411241
-0.0003011590659033128
-0.0003186831213434642
-0.00033765559187071966
-0.0003582384004946424
-0.0003806165672924394
-0.0004050022687737069
-0.0004316397536329422
-0.000460811327638037
-0.0004928446817388048
-0.0005281219191069423
-0.0005670907463725014
-0.0006102784426807307
-0.0006583094230259089
-0.0007119274924635991
-0.0007720242789420462
-0.0008396758849912192
-0.0009161905887035045
-0.0010031715698506614
-0.0011026003214533685
-0.0012169489234059572
-0.0013493331779828917
-0.0015037245245204814
-0.0016852479967232354
-0.0019006085795612345
-0.0021587133040961485
-0.002471598908567231
-0.002855849399861862
-0.0033348230503313678
-0.003942263428337313
-0.004728372135770607
-0.005770465546348029
-0.007192641701795891
-0.00920434223447708
-0.012181802549664713
-0.016857006394917457
-0.024813121211926744
-0.04002077760881481
-0.0749402161908602
-0.1872812629343796
-1.0583872301821327
-7.422092328245661
-0.3461998246491591
-0.10881235196545931
-0.05255180394638092
-0.030864496804805932
-0.02028224166974209
-0.014336659118261354
-0.010665777202824876
-0.008240617826096058
-0.006554589939276195
-0.005334741265431157
-0.004423424153690011
-0.0037244154602627012
-0.0031762786274540378
-0.0027382913129069928
-0.002382593716520551
-0.002089602196994418
-0.0018452235193524692
-0.001639104812436824
-0.0014635013928770725
-0.0013125251297818436
-0.0011816338683023442
-0.001067277420877573
-0.0009666475495188979
-0.0008774984229118575
-0.0007980157123798225
-0.0007267198168114372
-0.0006623933996851174
-0.0006040264860842345
-0.0005507744046200303
-0.0005019252352016453
-0.00045687436707739427
-0.00041510442744629994
-0.00037616930272655415
-0.00033968130352075854
-0.0003053007612038619
-0.0002727275163125429
-0.00024169388528168576
-0.00021195878546982665
-0.00018330276785340498
-0.00015552375859371868
-0.00012843334937430293
-0.00010185350515891433
-0.00007561357911446952
-0.00004954753946368931
-0.00002349132308565513
2.7197635146900076e-6
0.000029253673299781803
0.00005628435707498126
0.00008399469602793495
0.00011257972327201266
0.0001422502442553481
0.00017323698710449887
0.00020579544307757421
0.00024021159667115337
0.0002768087979637527
0.000315956101245545
0.0003580784907112888
0.0004036695456865765
0.0004533072786117839
0.000507674129373577
0.0005675824499693326
0.0006340073094480093
0.0007081291598135948
0.0007913899358755061
0.0008855676833068236
0.0009928770868117686
0.0011161067394062627
0.0012588093778045282
0.0014255698381342716
0.0016223893071222956
0.0018572474060698607
0.00214094286902133
0.0024883826931861473
0.0029206157668510454
0.003468146471691163
0.004176539696372078
0.005116325796940454
0.006401436547055793
0.00822573728406093
0.010941228519389102
0.015242651837367832
0.022663083510933324
0.03716369486106048
0.07179559671784963
0.19313051466327852
1.5011446764808993
2.376082620580025
0.22287449458673425
0.07736065990681355
0.03872944949534547
0.023112311123164
0.015293803056592276
0.010832195788827872
0.008049922252623909
0.0061997303702313895
0.0049079127176716
0.0039707713610003265
0.003269617546524727
0.0027315103228203862
0.0023096265497520026
0.001972796712339003
0.0016996232458381022
0.0014750238509916773
0.001288121161604902
0.0011309112784950363
0.0009973992266467653
0.0008830232015547636
0.000784262421664109
0.0006983646125215401
0.0006231531710556956
0.0005568884619480813
0.0004981665554363459
0.0004458442886034679
0.000398983112009079
0.00035680652715348583
0.00031866748148913206
0.00028402314454882956
0.00025241521477477124
0.00022345441229149467
0.00019680816951110234
0.00017219078606055594
0.0001493554982060623
0.00012808804694323394
0.00010820142753306872
0.0000895315765553806
0.00007193380745764811
0.000055279847051293667
0.00003945535697441563
0.00002435784832239782
9.894916304165231e-6
-4.017263737387914e-6
-0.00001745522631659022
-0.000030489330328754363
-0.00004318472966266708
-0.00005560222597074967
-0.0000677990253125364
-0.000079829416971471
-0.00009174539004355396
-0.00010359720129334612
-0.00011543390615468718
-0.0001273038635570139
-0.0001392552243844274
-0.00015133641285092583
-0.0001635966097961711
-0.00017608624693891227
-0.0001888575213939097
-0.00020196494033804485
-0.00021546590658770093
-0.00022942135706879123
-0.0002438964677928274
-0.00025896144105193704
-0.0002746923932271528
-0.00029117236499565406
-0.0003084924799896719
-0.00032675328335101035
-0.000346066298394169
-0.0003665558481893888
-0.0003883611997554133
-0.00041163910244782956
-0.0004365668099238144
-0.00046334569801515874
-0.0004922056206076227
-0.0005234101844996471
-0.0005572631753552773
-0.0005941164346457629
-0.0006343795780817989
-0.0006785320681556025
-0.0007271383196179895
-0.0007808667450710015
-0.0008405139650515712
-0.0009070358524441356
-0.0009815877144198771
-0.0010655768273068547
-0.0011607318722080162
-0.0012691957951102607
-0.0013936515940193607
-0.0015374951072624856
-0.0017050760318241497
-0.0019020398402101212
-0.0021358219924738405
-0.002416377312924145
-0.00275728185657173
-0.0031774419440916252
-0.003703825644133618
-0.004375981433424388
-0.005253818563194996
-0.0064316492798825965
-0.00806499890001048
-0.010425420841741683
-0.014022558520063571
-0.019907495335907285
-0.030546291891970195
-0.05292421540477647
-0.11393041239048304
-0.4063164704403468
-34.7361996329647
-0.6376666478633789
-0.1394039825546366
-0.05901552086715433
-0.03226915141409229
-0.02023390164992059
-0.013818766871515927
-0.01000491480020918
-0.007557456016009149
-0.005895413186087402
-0.004716414161852521
-0.0038505625062135443
-0.0031964738364854135
-0.002690633238625647
-0.0022916208559756414
-0.0019714998226179202
-0.0017108783753377566
-0.0014959586239849693
-0.0013167086880673878
-0.0011656950107279801
-0.001037315889948231
-0.0009272861495058766
-0.0008322831756978397
-0.0007496990864498527
-0.0006774641847545063
-0.0006139192065444118
-0.0005577215481959513
-0.0005077755311589868
-0.00046317991664563085
-0.00042318796427805806
-0.0003871767244443338
-0.00035462320473316107
-0.0003250857076674646
-0.00029818909683177543
-0.00027361307444416944
-0.0002510827871323693
-0.00023036124604853414
-0.00021124317145314832
-0.00019354996351632323
-0.00017712556941878297
-0.0001618330681632046
-0.00014755183346940265
-0.0001341751647879772
-0.00012160829936191935
-0.00010976673588872889
-0.00009857481414072003
-0.00008796450566782284
-0.00007787437919001263
-0.00006824871102956593
-0.000059036716252677444
-0.00005019188048639024
-0.000041671375775236877
-0.0000334355466000654
-0.000025447454401944534
-0.000017672470721218443
-0.000010077910509230185
-2.632698312486149e-6
4.692939057219899e-6
0.000011927759035644055
0.000019099774133300433
0.000026236511798277164
0.00003336526778465743
0.00004051335734197899
0.00004770836853170627
0.000054978422058118694
0.00006235244222834967
0.00006986044401117879
0.00007753384165752555
0.00008540578502876018
0.00009351153065539379
0.00010188885566852145
0.00011057852417342817
0.00011962481741122633
0.0001290761413272225
0.00013898572796563826
0.00014941245069771756
0.00016042177778805938
0.00017208689452472575
0.00018449003143376566
0.00019772404545754805
0.00021189431302260208
0.0002271210095884977
0.000243541870711743
0.0002613155565552276
0.00028062577747991254
0.0003016863860570505
0.0003247477051892836
0.000350104449680363
0.0003781057190141393
0.0004091677065583412
0.0004437900056499953
0.00048257672772893475
0.0005262641300713731
0.0005757571557600917
0.0006321783349054135
0.0006969340748857355
0.0007718057922628998
0.0008590771376130095
0.0009617146438222436
0.0010836290916105
0.0012300616485899825
0.0014081678779843195
0.0016279247021889454
0.0019035820013398755
0.0022560677623040793
0.0027171367649560362
0.0033368737578632355
0.004198053790089565
0.005445588984176043
0.007352338506917563
0.010483423356289724
0.016172380510676033
0.02822888239194801
0.061533590243685946
0.22648936427822947
33.19949385019699
0.31037838067621354
0.07077586336723289
0.030391553968601794
0.016746915779660778
0.010555586409694702
0.007237233593990916
0.005256457116252098
0.0039812636005591585
0.003112977121938605
0.002495610079678596
0.00204127102688487
0.0016973890971294689
0.001430964126433997
0.0012204381595912713
0.0010512480998480314
0.0009132709771862222
0.0007992945561739766
0.0007040687127984218
0.0006236986311892399
0.0005552460197233422
0.0004964606953877738
0.0004455960279167588
0.00040127959637577075
0.0003624209646721066
0.00032814488755485556
0.0002977422403976351
0.0002706334963246617
0.0002463412140453297
0.00022446908231553864
0.0002046857934718304
0.00018671251367902877
0.00017031305992272713
0.0001552861336174045
0.00014145913076874463
0.00012868317067280633
0.00011682907353073272
0.00010578408214459159
0.00009544917068429919
0.00008573681914649814
0.00007656915892059032
0.00006787641505888408
0.0000595955862767065
0.00005166931539885012
0.000044044912009361315
0.000036673495880186576
0.000029509235041171654
0.00002250865626329125
0.00001563000861467793
8.832662784181693e-6
2.0765300891153313e-6
-4.678514319215075e-6
-0.000011473219677977933
-0.000018349575656210986
-0.000025351474182382025
-0.000032525437429181315
-0.00003992143580051251
-0.0000475938245537104
-0.00005560243416325687
-0.00006401385821865918
-0.00007290299428053593
-0.0000823549087385712
-0.00009246711775087283
-0.00010335240494033575
-0.00011514233560413686
-0.00012799168120297547
-0.0001420840432161816
-0.0001576390717082898
-0.0001749218257249952
-0.00019425504219834926
-0.00021603540228750523
-0.0002407553645113732
-0.00026903286215143124
-0.00030165228671181034
-0.00033962195014821506
-0.0003842560703387465
-0.0004372940295743395
-0.0005010776319109216
-0.0005788210194264563
-0.0006750330897754406
-0.0007961995492799514
-0.0009519245350131216
-0.0011569233115800057
-0.0014346772064323216
-0.0018245483935927544
-0.0023966773581693976
-0.0032861711094516587
-0.004781495256594904
-0.007593329115326206
-0.013891834303477263
-0.03323796221655919
-0.1630652702046021
-3.1865367652366903
-0.07767147104125076
-0.022667842255800017
-0.010594022005380444
-0.006092927230628955
-0.003940209144739921
-0.002747598316149008
-0.002019214476010151
-0.0015422921564826248
-0.0012132671128535725
-0.000976838333750997
-0.0008013012047651514
-0.0006674250116038795
-0.0005629976656202128
-0.0004799629880234457
-0.0004128326062605401
-0.00035776293710313177
-0.00031199702737506424
-0.00027351529075923033
-0.00024081034536381203
-0.00021273799161129856
-0.00018841624846289995
-0.0001671554941091782
-0.00014840919204256128
-0.00013173851316474424
-0.0001167865033298556
-0.00010325890719296484
-0.0000909096911945838
-0.00007952991327594948
-0.00006893898480464003
-0.00005897763409274332
-0.00004950205560329899
-0.00004037884208649257
-0.000031480364985832766
-0.00002268030075044049
-0.000013849000501421196
-4.848366134369385e-6
4.474180395298839e-6
0.000014293181958881856
0.000024814852931927923
0.00003629013111836115
0.00004903277582029507
0.00006344516486809525
0.00008005604787467752
0.00009957729194164526
0.00012299162452953437
0.0001516925907004355
0.0001877157527172083
0.000234136295794991
0.00029578576121692306
0.0003806185321203123
0.0005025007457859441
0.0006874060847429656
0.000988764158601792
0.0015314541926019572
0.002667031530469415
0.005733514619132971
0.020056481757982657
1.1532271630699762
0.035838252833294414
0.007565984250624207
0.0031695885037818323
0.0017233710447525296
0.0010760788205695976
0.000732115390687741
0.0005280534086811586
0.00039731894702834243
0.0003086747437763692
0.000245892268061504
0.00019986415751585505
0.00016516021178713774
0.00013838049786913767
0.00011730870257031177
0.00010045037763298912
0.00008676838869111667
0.00007552489250291942
0.0000661835063346391
0.00005834683044565209
0.000051715446521803346
0.00004606035431652469
0.00004120404064208113
0.00003700722497702041
0.00003335941737237919
0.00003017208573154436
0.000027373640184236908
0.000024905702896390414
0.000022720300407788576
0.00002077772687184979
0.0000190449012004406
0.00001749409194375934
0.00001610191885281961
0.000014848564658388119
0.000013717148027564037
0.000012693221155108055
0.000011764364503959926
0.000010919857839470426
0.000010150411602969977
9.447946324484567e-6
8.805410522146604e-6
8.216629618750198e-6
7.676179996173606e-6
7.179283531550153e-6
6.721718905966402e-6
6.299746714406309e-6
5.910045984008015e-6
5.549660163787844e-6
5.215951010634175e-6
4.906559084396002e-6
4.6193697958964895e-6
4.352484137324407e-6
4.104193374771099e-6
3.8729571046242695e-6
3.657384175013199e-6
3.4562160549949406e-6
3.2683123010951546e-6
3.092637826121465e-6
2.92825172087159e-6
2.7742974174145258e-6
2.6299940143237965e-6
2.4946286107077045e-6
2.3675495181989575e-6
2.2481602387094662e-6
2.135914111613411e-6
2.0303095473512305e-6
1.9308857758102033e-6
1.8372190474847372e-6
1.7489192336550842e-6
1.6656267788541264e-6
1.5870099649326116e-6
1.5127624512168157e-6
1.4426010597014554e-6
1.3762637780901787e-6
1.3135079568010506e-6
1.2541086789640564e-6
1.1978572849124066e-6
1.1445600348717645e-6
1.0940368954334549e-6
1.0461204370567884e-6
1.0006548312968642e-6
9.57494937719633e-7
9.165054715822064e-7
8.775602443282566e-7
8.405414698200326e-7
8.053391299766369e-7
7.718503941658349e-7
7.399790872871574e-7
7.096352020095627e-7
6.807344510901269e-7
6.531978561179307e-7
6.269513693906112e-7
6.019255259601725e-7
5.780551231775195e-7
5.552789253219714e-7
5.335393911403497e-7
5.127824223203247e-7
4.929571311186403e-7
4.740156255235575e-7
4.559128104870622e-7
4.386062038930963e-7
4.220557660528552e-7
4.062237416242056e-7
3.9107451295395977e-7
3.765744639280416e-7
3.626918534967319e-7
3.493966981135223e-7
3.366606623931278e-7
3.2445695735228175e-7
3.1276024565212277e-7
3.0154655330926913e-7
2.9079318738738654e-7
2.8047865922171843e-7
2.705826127651896e-7
2.610857576788883e-7
2.519698068198987e-7
2.43217417807264e-7
2.3481213837230208e-7
2.2673835522296223e-7
2.1898124617252112e-7
2.1152673530303615e-7
2.0436145095096252e-7
1.974726863193471e-7
1.9084836253532141e-7
1.8447699398562963e-7
1.7834765577526085e-7
1.7244995316609061e-7
1.6677399286255695e-7
1.6131035602144245e-7
1.5605007287205514e-7
1.5098459884050984e-7
1.4610579208044424e-7
1.4140589231870445e-7
1.3687750093139232e-7
1.325135621715641e-7
1.2830734547538638e-7
1.242524287784908e-7
1.203426827792609e-7
1.1657225608982941e-7
1.1293556121989875e-7
1.0942726134186068e-7
1.0604225778956909e-7
1.0277567824595428e-7
9.962286557779004e-8
9.657936727882379e-8
9.364092548468501e-8
9.080346752573541e-8
8.806309698592661e-8
8.541608523808254e-8
8.285886342757313e-8
8.038801487848855e-8
7.800026789776192e-8
7.569248895450901e-8
7.346167621300519e-8
7.130495339928588e-8
6.921956398248274e-8
6.720286565320598e-8
6.525232508234295e-8
6.336551294469733e-8
6.15400991928092e-8
5.977384856715995e-8
5.806461632985118e-8
5.6410344209566053e-8
5.480905654637143e-8
5.325885662554568e-8
5.175792319037763e-8
5.0304507124280874e-8
4.889692829328376e-8
4.7533572540447456e-8
4.6212888824138284e-8
4.4933386492700755e-8
4.369363268840211e-8
4.2492249873915944e-8
4.13279134750949e-8
4.019934963397228e-8
3.9105333066444476e-8
3.8044685019253346e-8
3.701627132126967e-8
3.601900052429766e-8
3.505182212895792e-8
3.411372489134848e-8
3.3203735206502664e-8
3.232091556483422e-8
3.1464363077964337e-8
3.063320807055912e-8
2.982661273490222e-8
2.9043769845207867e-8
2.828390152875828e-8
2.754625809111378e-8
2.6830116892825e-8
2.6134781275182044e-8
2.5459579532657545e-8
2.4803863929829284e-8
2.4167009760717074e-8
2.3548414448488325e-8
2.294749668369688e-8
2.2363695599220514e-8
2.179646998021781e-8
2.1245297507477653e-8
2.0709674032626078e-8
2.0189112883730106e-8
1.968314419991036e-8
1.9191314293645336e-8
1.8713185039519122e-8
1.8248333288204733e-8
1.7796350304558354e-8
1.735684122875767e-8
1.6929424559431236e-8
1.6513731657822018e-8
1.6109406272048006e-8
1.571610408057879e-8
1.53334922540709e-8
1.496124903478239e-8
1.4599063332776048e-8
1.4246634338201419e-8
1.3903671148948746e-8
1.3569892413016898e-8
1.324502598496878e-8
1.2928808595857671e-8
1.2620985536068171e-8
1.2321310350508334e-8
1.202954454564005e-8
1.1745457307844287e-8
1.1468825232647595e-8
1.1199432064350107e-8
1.0937068445630994e-8
1.0681531676705478e-8
1.043262548364701e-8
1.0190159795490731e-8
9.953950529758063e-9
9.723819386061168e-9
9.499593647452237e-9
9.281105989204136e-9
9.068194294722541e-9
8.860701478300247e-9
8.658475314434975e-9
8.461368273453692e-9
8.269237363184728e-9
8.081943976437854e-9
7.89935374406717e-9
7.721336393384634e-9
7.547765611723997e-9
7.378518914945252e-9
7.213477520688105e-9
7.0525262261894835e-9
6.895553290484528e-9
6.742450320823996e-9
6.593112163142667e-9
6.447436796422034e-9
6.305325230799042e-9
6.166681409274939e-9
6.031412112889833e-9
5.899426869225563e-9
5.770637864116231e-9
5.644959856440734e-9
5.5223100958823075e-9
5.402608243542692e-9
5.285776295305302e-9
5.171738507842507e-9
5.06042132716892e-9
4.951753319646822e-9
4.845665105351318e-9
4.742089293710109e-9
4.6409604213304285e-9
4.542214891937153e-9
4.445790918340317e-9
4.351628466361111e-9
4.259669200643217e-9
4.169856432282247e-9
4.082135068205118e-9
3.996451562239333e-9
3.912753867808499e-9
3.830991392196649e-9
3.751114952326215e-9
3.673076731993514e-9
3.5968302405112234e-9
3.5223302727080085e-9
3.449532870236158e-9
3.378395284142077e-9
3.3088759386536783e-9
3.240934396144709e-9
3.1745313232310687e-9
3.1096284579629833e-9
3.0461885780721577e-9
2.9841754702396894e-9
2.9235539003468673e-9
2.864289584677172e-9
2.8063491620350847e-9
2.7497001667508964e-9
2.6943110025413134e-9
2.6401509171957144e-9
2.587189978061273e-9
2.5353990482982023e-9
2.484749763880442e-9
2.4352145113155877e-9
2.3867664060602897e-9
2.3393792716074048e-9
2.2930276192225305e-9
2.247686628308373e-9
2.2033321273755754e-9
2.1599405755997714e-9
2.1174890449463814e-9
2.0759552028426038e-9
2.035317295380211e-9
1.995554131030262e-9
1.9566450648545056e-9
1.918569983195286e-9
1.8813092888295745e-9
1.8448438865718527e-9
1.8091551693107406e-9
1.7742250044656713e-9
1.7400357208497563e-9
1.7065700959263777e-9
1.673811343445335e-9
1.6417431014481835e-9
1.6103494206295302e-9
1.5796147530437148e-9
1.5495239411450916e-9
1.5200622071522985e-9
1.4912151427250076e-9
1.4629686989444083e-9
1.4353091765871317e-9
1.408223216683277e-9
1.3816977913503541e-9
1.3557201948933757e-9
1.3302780351639256e-9
1.3053592251691608e-9
1.2809519749234668e-9
1.257044783535146e-9
1.233626431520598e-9
1.2106859733394912e-9
1.1882127301434153e-9
1.1661962827318272e-9
1.1446264647090534e-9
1.1234933558358478e-9
1.1027872755696562e-9
1.0824987767879236e-9
1.0626186396888655e-9
1.043137865864067e-9
1.02404767253808e-9
1.0053394869697013e-9
9.87004941009971e-10
9.690358658124984e-10
9.514242866913916e-10
9.341624181219762e-10
9.172426588808515e-10
9.006575873202833e-10
8.843999567734476e-10
8.684626910864582e-10
8.528388802734933e-10
8.375217762912462e-10
8.225047889293068e-10
8.077814818129603e-10
7.933455685152257e-10
7.791909087747754e-10
7.65311504816739e-10
7.517014977733287e-10
7.383551642014577e-10
7.252669126944017e-10
7.124312805848568e-10
6.998429307368212e-10
6.874966484235119e-10
6.753873382890698e-10
6.635100213914666e-10
6.518598323244294e-10
6.40432016415985e-10
6.292219270014774e-10
6.182250227689957e-10
6.074368651750418e-10
5.968531159285838e-10
5.864695345412963e-10
5.762819759424994e-10
5.662863881565729e-10
5.56478810041387e-10
5.468553690858077e-10
5.37412279264773e-10
5.281458389503335e-10
5.190524288768536e-10
5.101285101592296e-10
5.013706223623516e-10
4.927753816204912e-10
4.843394788052583e-10
4.760596777407521e-10
4.679328134645497e-10
4.5995579053338854e-10
4.52125581372193e-10
4.444392246653346e-10
4.3689382378888424e-10
4.2948654528286144e-10
4.222146173622619e-10
4.1507532846586075e-10
4.080660258417712e-10
4.011841141687607e-10
3.944270542123225e-10
3.8779236151459953e-10
3.8127760511721463e-10
3.748804063161577e-10
3.6859843744783015e-10
3.624294207054295e-10
3.5637112698487197e-10
3.5042137475942474e-10
3.445780289823421e-10
3.388390000166794e-10
3.332022425916347e-10
3.2766575478468187e-10
3.222275770288163e-10
3.1688579114423847e-10
3.1163851939383217e-10
3.0648392356186003e-10
3.014202040551759e-10
2.9644559902642474e-10
2.91558383518666e-10
2.867568686307927e-10