0.14285732351994276
0.14287920098268317
0.14293992806524308
0.14305153005599336
0.14330220488677334
0.1428929461099735
0.14327193334442911
0.14351584307297663
0.14376618714526757
0.14403994413119342
0.14434179429048966
0.14467367772495143
0.1450366597139381
0.14543146974360358
0.14585869769551044
0.14631887736234622
0.14681252641905854
0.1473401674698158
0.14790234011083406
0.14849960843024
0.14913256607008418
0.14980183993961618
0.15050809316934188
0.15125202764073686
0.15203438629049323
0.15285595531262822
0.1537175663384186
0.15462009864855636
0.15556448145655796
0.15655169629312315
0.15758277951547975
0.15865882496240893
0.1597809867737879
0.1609504823926502
0.1621685957676216
0.1634366807739656
0.16475616487225228
0.16612855302477392
0.1675554318912283
0.1690384743268653
0.1705794442082283
0.17218020161383202
0.17384270838961338
0.17556903413179434
0.17736136262293503
0.17922199876045972
0.1811533760208582
0.18315806450714717
0.18523877963206142
0.1873983914949281
0.18963993501630313
0.19196662090132402
0.19438184751044923
0.19688921372492646
0.19949253290409896
0.2021958480426663
0.20500344824844532
0.20791988667524217
0.21095000006137282
0.21409893004245323
0.21737214642763608
0.22077547265189035
0.2243151136436465
0.22799768637769185
0.23183025341822203
0.23582035979716645
0.2399760736191815
0.24430603083806976
0.24881948471107657
0.25352636050899297
0.25843731614302534
0.2635638094660727
0.2689181731189353
0.27451369792414326
0.2803647259852319
0.28648675483199443
0.29289655416798255
0.29961229703214504
0.3066537074903108
0.3140422273345686
0.32180120470225587
0.3299561080472198
0.3385347695241745
0.3475676626074799
0.3570882196902094
0.36713319653822873
0.3777430918586323
0.38896263194829
0.4008413325017512
0.4134341522892323
0.42680225670971134
0.4410139133723713
0.45614554711472555
0.47228298856609763
0.48952295896618925
0.507974845068835
0.5277628324482465
0.5490284845510052
0.5719338800389108
0.5966654546560304
0.6234387393268523
0.6525042482172267
0.6841548560417953
0.7187351233327308
0.7566531972882751
0.7983961580640428
0.8445500331339123
0.89582622464603
0.9530968821697704
1.0174429644006246
1.090220637670048
1.1731547271333744
1.2684730160527384
1.3791038601508774
1.5089749105729873
1.6634789244165278
1.8502269055051805
2.08031904139859
2.370602503078732
2.7479429777745175
3.2579711283170942
3.9849300444903535
5.103469995653999
7.0443717443843585
11.235656824835113
26.94226977209654
-71.70805772255902
-15.721361373930307
-8.906310950896824
-6.255754457230895
-4.847170003282649
-3.9741840695370554
-3.3807421708744503
-2.9515930314779992
-2.6272041596372966
-2.3737221345341877
-2.170475651504802
-2.004129361675526
-1.8656955395753692
-1.7488965232746847
-1.649215506786815
-1.5633202161122939
-1.488699078901304
-1.4234237784129855
-1.3659897796947347
-1.3152065103815278
-1.2701200526611978
-1.2299576498454936
-1.194087172955341
-1.1619870490236877
-1.1332236354890644
-1.1074339797640171
-1.0843125307640014
-1.0636007897759723
-1.0450791747867916
-1.0285605710099965
-1.0138851799586854
-1.0009163788884634
-0.9895373742193454
-0.9796484849721127
-0.9711649309798414
-0.9640150295575315
-0.9581387261481457
-0.9534864011316053
-0.950017907855014
-0.9477018070095609
-0.9465147704692205
-0.9464411341585888
-0.9474725848401486
-0.9496079702216619
-0.9528532257324122
-0.9572214149108254
-0.9627328837660075
-0.9694155328884979
-0.9773052146562308
-0.9864462667850946
-0.9968921979083635
-1.0087065460696518
-1.0219639372736733
-1.036751378928765
-1.0531698326228143
-1.0713361228455511
-1.0913852538765738
-1.1134732272902275
-1.1377804790251294
-1.1645160900238853
-1.1939229713043733
-1.2262842876084372
-1.2619314701899758
-1.3012542886799905
-1.3447136189219002
-1.3928577802844182
-1.4463436561233587
-1.5059643077287017
-1.572685529594942
-1.647694909366543
-1.7324686776345488
-1.828864350615846
-1.9392515668239
-2.066700836437556
-2.2152624840540733
-2.3903904093613733
-2.5996066809686407
-2.853583344023765
-3.16798270445623
-3.566758576579494
-4.088477939238398
-4.79946706314641
-5.824262840471666
-7.4274148186463975
-10.287150526998706
-16.822745567955327
-46.77331379100258
58.73017284827474
17.981303620619205
10.589474783709694
7.493858389173008
5.793455853195301
4.719215501644732
3.9795557330905993
3.4396046303734877
3.0283920483418725
2.705012758636621
2.444231106576601
2.229633947684477
2.050085342376883
1.8977636769418926
1.767014243789855
1.6536476392284678
1.554494183138916
1.4671116143752352
1.3895878849183738
1.3204048138531506
1.2583417613490437
1.2024062579815857
1.1517831818518687
1.105796945139045
1.0638829644289183
1.0255658606500762
0.9904426072052138
0.9581693642130109
0.9284510917732892
0.9010332816503585
0.8756953203843088
0.8522451207597627
0.830514748107066
0.8103568333569997
0.7916416131212084
0.7742544731394797
0.7580938986046406
0.7430697555118174
0.729101842990366
0.7161186687805324
0.7040564095097773
0.6928580248586477
0.6824725005678227
0.672854199890644
0.6639623068119751
0.655760347338803
0.6482157775832549
0.6412996293223728
0.6349862053261964
0.6292528180726311
0.6240795665670057
0.6194491469058273
0.6153466930039876
0.611759644569106
0.6086776399829117
0.6060924322577662
0.6039978266882946
0.6023896392365384
0.6012656750770993
0.6006257271080705
0.6004715946075058
0.6008071225994691
0.6016382629001199
0.6029731582532629
0.6048222514544017
0.6071984219168143
0.6101171527748606
0.6135967323735336
0.6176584948877771
0.6223271058944728
0.6276309000258417
0.6336022794364253
0.6402781837909547
0.6477006449391257
0.6559174425183412
0.6649828806050466
0.674958710458701
0.6859152306986674
0.6979326043660987
0.7111024428486236
0.7255297204258643
0.7413351013714684
0.7586577857635707
0.777659012701615
0.7985264038426688
0.8214793908750835
0.8467760548845663
0.874721824226181
0.9056806467389221
0.9400894970694538
0.9784774401215358
1.0214910108411228
1.0699284932745938
1.1247869639799666
1.1873280103680375
1.25917138415083
1.3424314979894272
1.4399215164781674
1.5554676044839568
1.6944095533201606
1.8644308887514323
2.0770026083568003
2.3500440995430005
2.7131941264030415
3.2192623648810237
3.9723694196561707
5.210247633644622
7.619716327345447
14.34443615532097
127.70872885624429
-17.881188155469797
-8.349229637912138
-5.424602930637993
-4.006638203617771
-3.170090357950392
-2.6185547270392653
-2.2278297599310513
-1.9367224882577379
-1.7115903577662026
-1.5324054243074023
-1.3865003085131289
-1.2654715015547822
-1.1635247112486056
-1.0765352417012175
-1.001487137981829
-0.9361241819834794
-0.878724910020374
-0.8279531099486028
-0.7827558194005054
-0.7422921031068507
-0.705882292820777
-0.6729711446257062
-0.6431006565092212
-0.6158897149958923
-0.591018649835202
-0.5682173694609535
-0.5472561449017432
-0.5279383773140243
-0.5100948684395019
-0.4935792419825823
-0.4782642550834774
-0.46403880451001206
-0.45080547972711754
-0.43847854991171176
-0.4269822978843589
-0.4162496333366832
-0.40622093240580515
-0.39684306183345
-0.38806855454843314
-0.37985491016611056
-0.372163999097631
-0.36496155303515476
-0.3582167278088847
-0.3519017271696021
-0.34599147810625375
-0.3404633499563196
-0.33529691090101615
-0.3304737165254706
-0.32597712600940215
-0.3217921422467468
-0.31790527279435865
-0.314304409052157
-0.3109787214985624
-0.3079185691564096
-0.3051154217667345
-0.3025617934035327
-0.3002511864856705
-0.2981780453361144
-0.29633771861122365
-0.29472643007968474
-0.2933412573728864
-0.2921801184655789
-0.2912417657739492
-0.29052578789024647
-0.29003261910326567
-0.2897635569927005
-0.2897207885341646
-0.28990742531472535
-0.2903275486411669
-0.29098626553388435
-0.2918897768410335
-0.29304545899449413
-0.29446196126663515
-0.2961493207973859
-0.29811909815241794
-0.30038453677696125
-0.3029607504490008
-0.30586494375292095
-0.30911667173354423
-0.3127381463232105
-0.31675459893750174
-0.3211947109290465
-0.3260911265256158
-0.33148106665769267
-0.33740706699402245
-0.34391786993518486
-0.3510695087991657
-0.35892663374899997
-0.36756414421457234
-0.3770692132313883
-0.3875438175052362
-0.39910792646519827
-0.4119035591054719
-0.42609999665746523
-0.44190055388460725
-0.4595514806772129
-0.4793538185419199
-0.5016794227838611
-0.5269929634778744
-0.5558826800475298
-0.5891042406362902
-0.6276447182436887
-0.6728183384170593
-0.7264140664610017
-0.7909310251829464
-0.8699694354997807
-0.9689117725446438
-1.0961809664547135
-1.2657397068376524
-1.502540052084301
-1.8559812679187966
-2.4395561960503813
-3.5846549914732257
-6.8450470661653675
-75.63110295997842
7.952384381650703
3.787989502550984
2.475846611737715
1.833782151692969
1.4532139136316267
1.2016154510491237
1.0230677071899303
0.8898956027016687
0.7868356385035705
0.7047797329110357
0.6379566388467245
0.5825321779283494
0.5358595554149613
0.4960528338906288
0.4617319427716337
0.4318637960215521
0.4056597550907176
0.38250742618896205
0.36192408833708845
0.34352415070911074
0.32699594478740707
0.3120848702473986
0.298580954067411
0.2863095313839924
0.27512417125261146
0.26490124111294794
0.255535683938649
0.24693770412829247
0.23903014229589645
0.23174637791667077
0.22502864047116905
0.21882663966480073
0.21309644705480335
0.20779957739923774
0.20290222991426637
0.198374658522458
0.19419064691007784
0.1903270693554987
0.18676352224595752
0.18348201428026897
0.1804667057551688
0.17770368924294008
0.17518080547312528
0.17288748946026183
0.1708146429021859
0.16895452970087305
0.16730069213895268
0.1658478858338158
0.1645920321097863
0.16353018689072082
0.1626605256592429
0.16198234445163445
0.16149607729813895
0.1612033309813315
0.1611069384989424
0.16121103321062344
0.16152114634294082
0.16204433137154362
0.16278931984196968
0.1637667144992136
0.16498922725976992
0.16647197171139852
0.16823282262062725
0.17029285861974364
0.1726769091561712
0.1754142333987531
0.17853936779718912
0.18209319137414634
0.18612427510174923
0.19069060609369703
0.1958618122522269
0.20172206377940366
0.20837390298395803
0.21594336674033454
0.2245869392979395
0.23450114508244932
0.24593602824706923
0.2592144874879099
0.2747606631271535
0.2931427373579617
0.31513947240890816
0.34184740817187664
0.3748609896062676
0.4165909078648014
0.4708625186308294
0.5441311980062656
0.648210563292075
0.8072854915112706
1.079842868508922
1.6528506863566743
3.622713204653334
-15.564180705301748
-2.4586242544424626
-1.3186247943300684
-0.8953539822966927
-0.6748735775605463
-0.5397998639082395
-0.44868816557122904
-0.38317476998936545
-0.3338736573906448
-0.2954880657852613
-0.2648024998061555
-0.23975213843983517
-0.2189505789788382
-0.20143253662728833
-0.18650540400973706
-0.17365947956634706
-0.1625114867354301
-0.15276782194733315
-0.1441999367702007
-0.13662742711303216
-0.1299061574627968
-0.12391975753351708
-0.11857342861804446
-0.11378936400661468
-0.10950331837969897
-0.10566200933258957
-0.10222113161675006
-0.09914383001712591
-0.09639952147580966
-0.0939629882632049
-0.09181368625938097
-0.08993522873397343
-0.08831501843765098
-0.08694401075946716
-0.08581659926202223
-0.08493062297401859
-0.08428750329559351
-0.0838925282441661
-0.08375531434640528
-0.08389049363295453
-0.08431869778582883
-0.08506794814780423
-0.08617561669729956
-0.08769121243712819
-0.08968039336279417
-0.092230849244918
-0.09546112678803825
-0.09953423896025548
-0.10467935343629559
-0.11122773774634129
-0.1196752054867371
-0.13079701358304383
-0.14587493058625936
-0.1671890054335423
-0.19922073951196795
-0.25214944069090267
-0.35511226839652993
-0.6386678920543855
-4.522078517360335
0.792495900182845
0.35177563783683763
0.22002980211954698
0.1569181996339878
0.12002303726731672
0.09590178471285726
0.07895604090873119
0.06643872935466869
0.056844087936225654
0.0492778504420537
0.04317555426263517
0.03816341987503796
0.03398416663483714
0.030454956481666063
0.02744232583056433
0.024846605100964817
0.022591885431064836
0.020619357700177608
0.01888277178765186
0.017345268499480204
0.015977123373513792
0.014754110253468183
0.013656294775562076
0.012667131586297446
0.011772779726620108
0.010961577095774553
0.0102236325120015
0.009550505802886963
0.008934954557116395
0.008370731896543809
0.007852423683837493
0.00737531649129235
0.006935289769327884
0.006528727204339641
0.006152443406128313
0.005803622926878194
0.005479769264814921
0.005178662002070022
0.004898320607621789
0.004636973731353304
0.004393033045443699
0.004165070869914805
0.003951800961844099
0.0037520619611207916
0.0035648030762462893
0.003389071666480091
0.0032240024354517984
0.0030688079991100263
0.0029227706297955806
0.002785235010150792
0.0026556018568005707
0.0025333222954401872
0.002417892886942021
0.002308851219069808
0.0022057719909036213
0.0021082635275658686
0.002015964671671789
0.0019285420053727857
0.0018456873631717834
0.0017671156010478691
0.0016925625919831531
0.0016217834218892927
0.0015545507632582821
0.0014906534067325166
0.0014298949332497211
0.001372092511546425
0.0013170758076413078
0.0012646859945150749
0.0012147748515845263
0.0011672039447760208
0.001121843879053268
0.0010785736161713151
0.0010372798512354566
0.0009978564423457745
0.0009602038882313325
0.0009242288493204451
0.0008898437081774043
0.0008569661656599749
0.0008255188695277886
0.000795429072566163
0.0007666283175849724
0.0007390521469156485
0.000712639834262781
0.0006873341369767481
0.0006630810669986248
0.0006398296788961046
0.0006175318735579404
0.0005961422162479142
0.0005756177678390266
0.0005559179281566786
0.0005370042904559305
0.0005188405061454451
0.0005013921589493231
0.00048462664776861917
0.0004685130775690838
0.00045302215767862127
0.00043812610693157763
0.0004237985651436041
0.0004100145104444737
0.00039675018203515065
0.0003839830079712511
0.0003716915376070672
0.00035985537836419676
0.0003484551365153838
0.0003374723616988736
0.000326889494900809
0.0003166898196638265
0.00030685741629849606
0.0002973771188914894
0.0002882344749199682
0.0002794157072960646
0.0002709076786785259
0.0002626978579005438
0.0002547742883740979
0.00024712555834120997
0.00023974077285189284
0.00023260952735728782
0.0002257218828144321
0.00021906834220636527
0.0002126398283881443
0.0002064276631754911
0.0002004235475986584
0.0001946195432493549
0.00018900805465350953
0.0001835818126072597
0.00017833385841771097
0.00017325752899395886
0.0001683464427374414
0.00016359448618415682
0.00015899580135422274
0.000154544773767337
0.00015023602108522104
0.0001460643823447398
0.0001420249077476443
0.00013811284897508364
0.00013432364999699462
0.00013065293834840826
0.0001270965168463946
0.0001236503557230358
0.00012031058515129589
0.00011707348814210745
0.00011393549379227179
0.00011089317086401313
0.0001079432216782143
0.00010508247630436335
0.00010230788703130985
0.00009961652310382491
0.00009700556571087914
0.00009447230321231871
0.00009201412659144969
0.00008962852512171154
0.000087313082236343
0.0000850654715905314
0.00008288345330616307
0.00008076487038983836
0.00007870764531534171
0.00007670977676223793
0.00007476933650274416
0.0000728844664294488
0.00007105337571685609
0.00006927433811012417
0.00006754568933472181
0.00006586582462106798
0.00006423319633853143
0.0000626463117334874
0.00006110373076638077
0.000059604064043039664
0.00005814597083572516
0.00005672815718962511
0.00005534937411075039
0.00005400841583138119
0.000052704118149411243
0.0000514353568381457
0.00005020104612325147
0.00004900013722376087
0.000047831616954161705
0.00004669450638476879
0.00004558785955770893
0.000044510762255987414
0.000043462330823224844
0.00004244171103177949
0.00004144807699707797
0.000040480630136081944
0.000039538598167931535
0.00003862123415488314
0.00003772781558176745
0.000036857643472271767
0.000036010041540426144
0.0000351843553757659
0.00003437995166069844
0.00003359621741868567
0.00003283255929190853
0.000032088402847154474
0.00003136319190871123
0.000030656387917126704
0.000029967469312729788
0.000029295930942869034
0.000028641283491871185
0.00002800305293276532
0.000027380779999865365
0.00002677401968134021
0.00002618234073094696
0.000025605325198134
0.000025042567975757777
0.000024493676364692116
0.000023958269654642748
0.000023435978720504718
0.000022926445633634073
0.000022429323287433263
0.000021944275036673546
0.000021470974350002627
0.000021009104475114166
0.00002055835811607249
0.000020118437122313097
0.000019689052188856183
0.000019269922567292473
0.0000188607757871199
0.000018461347387024916
0.00001807138065572276
0.00001769062638198506
0.00001731884261349959
0.00001695579442422206
0.000016601253689893866
0.000016254998871412708
0.000015916814805757884
0.000015586492504181497
0.000015263828957391912
0.000014948626947464022
0.00001464069486622447
0.000014339846539868306
0.000014045901059574216
0.0000137586826178951
0.00001347802035070943
0.000013203748184527518
0.000012935704688954942
0.000012673732934124236
0.000012417680352911908
0.000012167398607766
0.000011922743461977315
0.000011683574655231459
0.00001144975578328786
0.000011221154181636638
0.000010997640812989842
0.000010779090158470392
0.000010565380112365503
0.000010356391880318643
0.000010152009880837238
9.952121649998908e-6
9.756617749243202e-6
9.565391676140288e-6
9.37833977803256e-6
9.195361168447452e-6
9.016357646186304e-6
8.84123361699517e-6
8.669896017728439e-6
8.502254242918762e-6
8.33822007367103e-6
8.17770760879967e-6
8.020633198133044e-6
7.866915377910377e-6
7.716474808200382e-6
7.569234212272789e-6
7.425118317856155e-6
7.284053800219035e-6
7.145969227012261e-6
7.0107950048139884e-6
6.8784633273196464e-6
6.748908125122739e-6
6.622065017032583e-6
6.497871262878822e-6
6.376265717752713e-6
6.257188787638262e-6
6.14058238638727e-6
6.026389893993877e-6
5.9145561161264744e-6
5.805027244875616e-6
5.6977508206784766e-6
5.592675695381359e-6
5.489751996403639e-6
5.388931091967554e-6
5.2901655573592666e-6
5.193409142188173e-6
5.09861673861243e-6
5.005744350500026e-6
4.914749063494918e-6
4.825589015960362e-6
4.738223370770691e-6
4.652612287925448e-6
4.568716897959347e-6
4.486499276123336e-6
4.405922417312491e-6
4.326950211717224e-6
4.249547421175374e-6
4.173679656203199e-6
4.09931335368432e-6
4.026415755195982e-6
3.954954885953182e-6
3.884899534351459e-6
3.816219232089979e-6
3.7488842348569017e-6
3.6828655035602948e-6
3.6181346860872863e-6
3.5546640995759806e-6
3.492426713183965e-6
3.4313961313389935e-6
3.371546577456645e-6
3.3128528781112193e-6
3.2552904476462135e-6
3.1988352732110443e-6
3.143463900211341e-6
3.0891534181603876e-6
3.0358814469198844e-6
2.983626123318244e-6
2.932366088135396e-6
2.8820804734431644e-6
2.8327488902907785e-6
2.784351416725254e-6
2.7368685861368816e-6
2.6902813759202532e-6
2.64457119644161e-6
2.5997198803036045e-6
2.5557096718986655e-6
2.512523217242795e-6
2.470143554081517e-6
2.428554102260148e-6
2.387738654350757e-6
2.3476813665284655e-6
2.308366749689857e-6
2.26977966080658e-6
2.231905294507471e-6
2.1947291748825983e-6
2.158237147502943e-6
2.1224153716496067e-6
2.0872503127465825e-6
2.0527287349913632e-6
2.018837694177721e-6
1.9855645307053904e-6
1.9528968627712453e-6
1.9208225797370366e-6
1.8893298356685912e-6
1.8584070430418132e-6
1.8280428666107901e-6
1.7982262174335368e-6
1.7689462470508743e-6
1.740192341814427e-6
1.71195411735942e-6
1.684221413218378e-6
1.6569842875718532e-6
1.6302330121324143e-6
1.6039580671582159e-6
1.5781501365926354e-6
1.55280010332656e-6
1.527899044579939e-6
1.503438227399419e-6
1.4794091042688427e-6
1.455803308829636e-6
1.4326126517080879e-6
1.4098291164466095e-6
1.3874448555362396e-6
1.3654521865476433e-6
1.3438435883579905e-6
1.3226116974711013e-6
1.3017493044284562e-6
1.281249350308582e-6
1.2611049233125156e-6
1.2413092554330107e-6
1.2218557192053442e-6
1.2027378245375114e-6
1.1839492156177482e-6
1.1654836678973182e-6
1.1473350851466577e-6
1.1294974965828704e-6
1.1119650540667707e-6
1.0947320293676277e-6
1.0777928114938822e-6
1.0611419040881059e-6
1.0447739228844936e-6
1.0286835932273622e-6
1.012865747649018e-6
9.973153235054548e-7
9.820273606684376e-7
9.669969992725035e-7
9.522194775154642e-7
9.376901295110523e-7
9.234043831923876e-7
9.09357758264948e-7
8.955458642078128e-7
8.81964398321924e-7
8.686091438241981e-7
8.554759679863328e-7
8.425608203171388e-7
8.2985973078736e-7
8.173688080958727e-7
8.05084237976247e-7
7.930022815426241e-7
7.811192736739882e-7
7.694316214358147e-7
7.579358025382009e-7
7.466283638295503e-7
7.35505919824948e-7
7.245651512683604e-7
7.138028037277987e-7
7.032156862226819e-7
6.928006698825625e-7
6.825546866364688e-7
6.724747279320945e-7
6.625578434841179e-7
6.52801140050939e-7
6.432017802391333e-7
6.337569813349375e-7
6.244640141621403e-7
6.153202019657065e-7