0.14285889940417434
0.14287940168826238
0.14293696039721535
0.14310506626975195
0.14428922594405016
0.143155964400295
0.14318978318752978
0.14339838621014137
0.14357709732334506
0.1437840855761945
0.14443834447771364
0.14504228584276332
0.14502032145322907
0.14603855225285176
0.14631017072930255
0.1461050407730543
0.1462123159493217
0.14703442450699516
0.14719008185834828
0.14804579353548372
0.14945019608767804
0.15052352931450816
0.15075407245456532
0.15226545639053127
0.1526565586674882
0.1523796887800968
0.15257363818407663
0.15431234351733916
0.15417726799690207
0.1557259303520882
0.15826155123042984
0.1600455989467102
0.15991782349495465
0.1627299674093939
0.16322038084374907
0.16250453029791206
0.16303544331274636
0.1659905327158365
0.16514906317470596
0.16806864232678162
0.17180239850985168
0.17433884701891528
0.1738431512986779
0.178500662288887
0.17871675071172655
0.17760928769438922
0.17875526803252648
0.18347699281385216
0.18170135105375013
0.18606585246896976
0.1917231702675725
0.19472257432354392
0.19389847769089713
0.20144499128792268
0.20106838650400571
0.1994892455635388
0.20130810255785095
0.20866454143343882
0.20546942319576253
0.21242737041574547
0.22077100965023438
0.22477209649379185
0.22284150887943135
0.2348228175908261
0.23410703596015844
0.23139712034617388
0.2350251988742116
0.24622761643071803
0.24002031958633502
0.25101737965154725
0.2641197927728789
0.2700849147015861
0.2663552766812527
0.28554003171185444
0.28327576036976493
0.2791619938648688
0.2846931024332723
0.30358979999857216
0.29203601596153267
0.31075172737667195
0.3313918951001529
0.34023430962540546
0.3334649144850009
0.3660937218405753
0.361421973561118
0.35428651476418394
0.364589191310424
0.39674946574057773
0.3748262160441793
0.4087452694687258
0.44407643761861115
0.45811904963833594
0.4463233613619793
0.5063637811207319
0.49692471701051205
0.48301297044204516
0.5041709077028239
0.5657128025197277
0.5154857723368492
0.5903068750120137
0.6586222697705671
0.685561908933182
0.6646884681858195
0.7952051667087637
0.7763793669777669
0.7365157904697998
0.7952184023268503
0.9378777023756648
0.6048342252842277
1.0515582672764499
1.1677151923835718
1.230232816751723
1.2842357131331945
1.3855906772944633
1.4479490490133469
1.5218570024370293
1.5966187608839904
1.4771707902220725
2.0520667764281453
2.4826735373221003
4.350189477300596
4.108842276527576
3.1899905925610157
18.404658255215445
6.242500197263302
8.98704981718453
8.532692245547448
-4.065999246578656
-23.826282234490908
-5.49489273301954
-3.5646426889903986
-3.1431855470519117
-3.7477631647089713
-2.370108405691946
-2.541276273175646
-2.7348071257274333
-2.379438743634116
-1.7994593406727577
-2.1236126806292237
-1.7495825919633026
-1.5120422867537506
-1.4674430713690123
-1.5760721006419016
-1.306560887817279
-1.3578010030058387
-1.3961167776340844
-1.3223021141656803
-1.174305701465099
-1.2700716261676863
-1.161543594006479
-1.0841954038809711
-1.0738243018966864
-1.1195610949429555
-1.0153132289607696
-1.0437377274648436
-1.0632831250529888
-1.035422292092145
-0.9745299310701918
-1.0248341676517139
-0.9788895689843263
-0.9462302405181482
-0.9480112057021516
-0.9774459726708988
-0.9278539553201707
-0.95053113006011
-0.9669866444158981
-0.9581269931584948
-0.9304754021505988
-0.967428482811703
-0.9483982337096437
-0.9377904633810688
-0.9486505972920805
-0.9753190005225284
-0.9537973171913409
-0.9786787549439531
-0.9986763998686928
-1.0034392163954522
-0.9972147363884496
-1.0344764330305654
-1.0344527008652975
-1.0428014582272218
-1.0668318251842586
-1.1005518038776594
-1.1028580918059367
-1.1411070160669143
-1.17338187018622
-1.1966440644217968
-1.2172599576290892
-1.2716318820472696
-1.2963968222623692
-1.3357145065214986
-1.3916787902919021
-1.453435900364703
-1.5732015662185639
-1.6015046014748118
-1.6357016249044098
-1.6735851927313052
-1.7084317497523247
-1.9418843958911958
-2.06010919065989
-2.2029763096878625
-2.394084023974365
-2.6411708609816387
-2.840956910581166
-3.188056814193335
-3.5983156129065166
-4.0882569559326285
-4.693035853931773
-5.869713010468589
-7.362620737033767
-10.026532304374594
-16.786433713157525
-59.36553311191666
63.00160087961059
17.74975509942969
10.288751267967848
7.404501754707851
5.953105939614466
4.6550951392733895
3.989844717904552
3.4807308115794755
3.032241142852151
2.6701377403737285
2.475554132074855
2.2297411750019207
2.0340743371409533
1.8951394536348611
1.7776429334011528
1.6418750573094376
1.5577939656768995
1.477635486580951
1.3947817025271996
1.3119606433380175
1.2705052385809483
1.2023491167502338
1.1446439621635331
1.0977928879529875
1.0691070544844388
1.0184540890103226
0.9909813871662255
0.9635609817158297
0.9333644379682715
0.8967716473481506
0.881939374864341
0.8529410332785688
0.826330907343371
0.8063642895734915
0.794837599568362
0.769761242570433
0.7575131479102855
0.7467201370464651
0.7320427283392172
0.7136691037616474
0.7085975330841427
0.6940994502474372
0.6795528759711454
0.6701240340897641
0.6655786775207404
0.6508519563167233
0.647733409919986
0.6438449269880988
0.6376606692909556
0.6280294411454096
0.6275862542188236
0.620772833785425
0.6132475842271949
0.6097019930017629
0.6097751410081579
0.603182599891359
0.6033585199845611
0.6041135128191473
0.6030580623531646
0.5997066029061962
0.6027670728425528
0.6013006660430035
0.6001405493771304
0.6015361478343739
0.6054658833925807
0.6049739114192471
0.6096920284765655
0.6146630378879075
0.6183711952236816
0.6217205307219833
0.6348796781482022
0.6372613899300942
0.640264651096267
0.6435330068204437
0.6465575597969422
0.6643746104169563
0.6756380922033667
0.6869231485675408
0.6970016278814081
0.707926516478579
0.7248082127148852
0.7386732144174877
0.7572501945810234
0.7797444005960712
0.80007876977285
0.8231729386063252
0.8508457764486155
0.8755509259923664
0.8991102861860387
0.9344633869346826
0.9711845850611516
1.0096917332118933
1.0679231369548432
1.1362330423156304
1.2008846860278555
1.2702717279247397
1.365073843239056
1.4355675523797962
1.5196583880767576
1.6688519073262638
1.8158803831179575
2.0038447905113785
2.3449313744679516
2.7784371722268757
3.38618197076861
4.1657803824883475
5.516038304557265
7.233347475156148
10.72757564228777
30.593089316682224
-20.686578435096923
-10.09872942914432
-5.333604990512403
-3.6098080296012465
-2.9456631601339995
-2.497992776224437
-2.1194708077454534
-1.935444943045334
-1.7944108154253569
-1.5781673966738583
-1.4431735739168037
-1.3193141750109674
-1.1633743720510101
-1.0433209290151606
-0.9774568432647559
-0.9165265314261231
-0.8578179338123267
-0.8278042739401197
-0.8035515237792812
-0.7577222974534623
-0.7206597314064014
-0.6888283663291144
-0.6434027413739432
-0.6064589818686064
-0.5815646237367906
-0.5618023132654718
-0.5383733567509429
-0.5287082495023481
-0.5198861719563986
-0.4997402356847173
-0.4851886443938533
-0.471631311170531
-0.451257819613077
-0.4339760577670166
-0.4226254379948605
-0.41267016520296496
-0.40162241485605266
-0.3971955689984622
-0.39323580015334003
-0.3823834905503339
-0.37683978402021245
-0.36915799484049955
-0.3583531389677008
-0.34936666620773066
-0.3435466925941881
-0.33812447025500847
-0.3328012905539492
-0.3312731097656921
-0.3287055334283006
-0.3233920213578954
-0.3204528045858223
-0.3163833393762819
-0.31084227262522507
-0.3068478885562759
-0.30444957970051295
-0.3012842889869194
-0.2992547695873556
-0.2985336040755178
-0.2975696843760086
-0.2950312053300343
-0.2954815507753505
-0.2926890851082285
-0.29103436016672946
-0.29031715533549585
-0.2899126579418714
-0.28977414089057635
-0.28977824011089376
-0.2898743007225521
-0.2900575401109665
-0.2902525288875796
-0.29152819719486883
-0.29244827757630376
-0.2944906816162408
-0.2975842823038839
-0.2976978266359113
-0.30147977759416067
-0.3041677110396756
-0.30473286899841157
-0.3066498608078264
-0.311051864385823
-0.3138310998902965
-0.31843964052377843
-0.3265719095662141
-0.33460648433577994
-0.3383961352847078
-0.346655034069662
-0.35387626459671934
-0.3550448098216597
-0.3601197104749386
-0.37264566160698714
-0.3816676449448117
-0.3914623849392218
-0.4111162234902162
-0.43353995697509357
-0.4444135414597744
-0.4659409340529707
-0.48311804008951564
-0.4906132920301522
-0.5043184816379834
-0.5422607245008546
-0.5558116189094764
-0.5977541971239989
-0.6681785795320796
-0.7694991239446015
-0.7666732301622392
-0.8986479884724401
-1.0218140228493013
-1.0653224488407114
-1.092145111644205
-1.3234392713525616
-1.478409572447201
-1.953858114706865
-3.1375940364903663
-17.91813998240054
-0.8897463323387006
5.0754440574373945
2.951525015469035
2.5747091708832373
2.327564448769025
1.503107947204667
1.3198406961725226
1.1504074820579953
0.8897813205896914
0.7314227685036222
0.6862050075769822
0.6118170957664393
0.5693174069270719
0.5570164984275197
0.5246425091457348
0.47326507587831296
0.4580488271462429
0.42405350843356765
0.3819733242798887
0.3537728251116844
0.33967513012671297
0.3203883005699295
0.3081550399654481
0.302353794404592
0.29579524158456066
0.2787261836040909
0.27209502732246377
0.26171045267859255
0.24698679961241482
0.23577889583395317
0.23062147345470124
0.22270692278601253
0.21652512230701076
0.21362250449213882
0.2109223881401558
0.20483866710671725
0.19962155714018676
0.19725645303825146
0.19077900500529657
0.18560819326327968
0.18263105109913372
0.17836466662899125
0.17710912729974038
0.17593507169316724
0.17491855916057597
0.17426059775810113
0.16862041421387539
0.16791818346935852
0.16683172140062014
0.1647542556788558
0.16176358824589104
0.16378796723324168
0.16187948312519418
0.16042498849794046
0.16057010844222522
0.16193717163528176
0.15958845492696594
0.16107504219544566
0.1630370279129622
0.1639004724964447
0.16280213051958922
0.16680225510586694
0.1669100239989754
0.16633624128160618
0.16774953044646612
0.17212469057698512
0.17172853602106541
0.17588302158274155
0.18251933817742563
0.18802102441236768
0.18930616352658716
0.1981197197160879
0.20289737695910967
0.2042712848935239
0.20816844047908734
0.2196865058150352
0.22729333172885102
0.23581726404485778
0.25689669633211537
0.2828013495674729
0.2917935570206603
0.31630163556839425
0.344685348425795
0.35845725338166656
0.380405946919239
0.4354432305602526
0.4831343261052971
0.5622804706290335
0.7467660364795141
1.1506298827828363
1.4832964999774967
3.4256047176223876
-4.0326033892693385
-1.8476624999109148
-1.7764111539415433
-1.1432253994507893
-0.7274786140310991
-0.641426373596394
-0.4693078984035277
-0.3652290691500341
-0.31564324200416244
-0.28610041679209514
-0.25053177203244104
-0.23686100202542248
-0.23288117193109478
-0.21253513754789966
-0.19008097017723039
-0.18960673197851124
-0.16309861311716037
-0.1488606378363716
-0.14130962813688244
-0.13289314056590726
-0.1298573554415589
-0.12698604358185517
-0.12436642647975671
-0.12246802365805175
-0.11182559084858243
-0.10828562769164361
-0.10253655162426108
-0.09575443402251148
-0.09468366408843638
-0.09218676326883522
-0.09041151629245076
-0.09105056238187491
-0.09073563078800685
-0.08762757346354136
-0.08820168499891717
-0.08597622186984452
-0.08291061182593415
-0.08181153113189954
-0.08447839176583889
-0.08092408575657271
-0.08365446186939109
-0.08697573674605562
-0.08756981720434459
-0.08472757727781699
-0.09311012218892802
-0.09103448700643685
-0.08947417486272714
-0.09511038078206742
-0.1083314279152471
-0.09871590317617877
-0.11829631330885114
-0.14054381802520682
-0.14575746446442822
-0.13925103394308394
-0.23174412838667294
-0.19741149278598216
-0.2250883852775182
-0.3813105901932541
1.0677227018547881
-0.03596469562869785
0.21042323942825603
0.16857063059121427
0.13803055970250305
0.11980294035821769
0.09626252237356599
0.08786792869317832
0.07973999711145781
0.06757252696180546
0.02653598064099843
0.05045541322314966
0.037183603980785074
0.027932649533356994
0.029441511404660337
0.034294787036544636
0.02115686459376117
0.023971594084889997
0.024807004853409205
0.021627378086258718
0.014681431801769347
0.01967211358910731
0.015204170749506146
0.011574597513539916
0.011552030905415293
0.014285165697298508
0.008808635061015705
0.010581135517658342
0.011832998916673153
0.010634918972016195
0.007078395412189411
0.010261448474472754
0.007741466662162809
0.00549928765503051
0.005599274365803329
0.007689953911693433
0.004019765164447063
0.00567740100085532
0.006860158880853587
0.006248219698019414
0.003507745139324495
0.006429199468958658
0.004347790124105665
0.0025695336817938195
0.002906478779832222
0.004822940505249847
0.0016893936723523966
0.003250614781212749
0.00461986756469258
0.004289641485590896
0.0017172167301274966
0.0045612986380262135
0.0026681097648486476
0.0009680259034957925
0.0014996589614172102
0.003246621896398067
0.0006158762664969273
0.002079877684505389
0.003333209645684436
0.002823674051722324
0.0008434106246787571
0.003362553881947696
0.0017556776371541942
0.00038441012389021223
0.0007182090922471897
0.002505334800134425
-0.0002945822937911776
0.0014074093608732385
0.0025171731729226087
0.0020918321065240097
0.00020427160852063802
0.0028697289291515038
0.001166640714338947
-0.0001376005463226811
0.00023623459670789259
0.002005746436507712
-0.0005251387816529112
0.0009491630710320263
0.0021012522385087024
0.001705404480229782
-0.00010755605800315684
0.002296180307276371
0.0007050520134031142
-0.00040879669242944045
-0.00018404860069437122
0.0017640158453824798
-0.001035187218231321
0.0006656946832264832
0.001790726641458908
0.0014088644077226732
-0.00043547573396660207
0.002219898395919903
0.0005098593439359318
-0.0006235802811839188
-0.00033632913798783075
0.0015225869655601221
-0.0010333549872225776
0.00045980488229634733
0.0016545625591076044
0.0011298904501784001
-0.0007190335185243141
0.0018768472983695878
0.0003854490075793302
-0.0008308969145162704
-0.0005049767503338574
0.0013660332373582346
-0.0011179402769748324
0.0004279377561088376
0.0014749683416426136
0.001058598079177198
-0.0007292444309299886
0.0017238211773906499
0.00016937930391005215
-0.0008733665823622355
-0.0005465203952078828
0.001235509097911016
-0.0012860855057634278
0.0002668131597951771
0.0013882166265097881
0.0009882495331086786
-0.0009390375867040206
0.0016489475201000206
0.0001786398681119701
-0.0010123185870951723
-0.0005852533458059532
0.0012681108745519493
-0.0012738588735505916
0.0002752235834326255
0.0013566160017964147
0.000930319081050386
-0.0009490917143710328
0.0016972821195367555
0.00012298280017592711
-0.0011769930983397856
-0.000613735843758146
0.0011952560731075205
-0.001367820842183348
0.00021243801629284835
0.0013186633368623072
0.000830788619178243
-0.001074601323642902
0.0017895005735525736
0.000012876415415115786
-0.0011670189412438534
-0.0006619397831914879
0.0011795369410701171
-0.0014214879673603545
0.0001554216475858961
0.0013256017123884477
0.000866211627977809
-0.001021788640583396
0.001591838417685213
1.0727498688834123e-6
-0.0011595313522210799
-0.0007250376769473056
0.0011909904681219735
-0.0014244276277908423
0.00017740509947103923
0.0013386654467844223
0.000869884690416909
-0.0010560609582363847
0.0015106018718058947
-0.00002714421934363559
-0.0012899393626508388
-0.0007184539426798733
0.0011764780610044648
-0.001465159644086803
0.00010408666999714008
0.0012980290060788033
0.0008278843226219875
-0.001058693801358135
0.0015644451647388714
-2.5528669028512378e-6
-0.0011342560446947337
-0.0007434969947884226
0.0011877912846489443
-0.0014932709650010412
0.000052579964467535485
0.0014366253030726939
0.0008667260282044838
-0.0009720609464484517
0.0015703039531825645
5.566566586606489e-7
-0.0011501233908015455
-0.0006701325413331785
0.0010573675221463212
-0.0013721521322593991
0.00005530392967410771
0.0013430686247817838
0.0007530290929639181
-0.0010313894760763617
0.0015309792096740095
0.00005573502721076545
-0.0013228529460022934
-0.0007207071282152716
0.0011070042556804189
-0.001519468636321432
0.00012916005794736708
0.0012700639712172265
0.0007236771704748886
-0.0011812051701797634
0.0016017651965606749
0.000029666021458666523
-0.00120685852402818
-0.0008373684767392498
0.00117322637666104
-0.0013912881233067258
0.0001675706595259875
0.001302418068015793
0.0007693894639961806
-0.0011010535799230916
0.0015384662980196134
-0.00003698438531829791
-0.0012519138686071195
-0.0007762091663799621
0.0011777384164510813
-0.0014973176937443002
0.00012714758879972586
0.001201593795741645
0.0008002982992267184
-0.0009391328263875511
0.0014752515863961039
0.000027517344699307598
-0.0011270481588606528
-0.0007539976478980197
0.0010986079488945204
-0.0015552715555768803
0.00009317114505345499
0.0014081874970188423
0.0008273700885115651
-0.001178623487777818
0.001379023320816671
0.0000396613586820846
-0.001201506384012595
-0.0007624315185985909
0.0011887559754071321
-0.0014930951438365382
0.00014615986610036009
0.0013690091853538946
0.000739164084426734
-0.0012539421654084518
0.0014648455807985646
-0.0000834586148979001
-0.001287862467377576
-0.0007173447998141078
0.001163492905146564
-0.0015180615972355
0.00015939931506141458
0.0011968508540027936
0.0007222715108638388
-0.0011076817051315425
0.0016073126221586205
-0.00010037984982521498
-0.0012273828000840146
-0.0007357691233828285
0.0011450215105682344
-0.001517540754530475
0.00012204255229085915
0.0012762470724024936
0.0007586883235192172
-0.0012437693401188383
0.001604262425741304
-0.00016861078336405513
-0.001274707032629133
-0.0007078897636582991
0.001153059707670113
-0.001571248090416939
0.00016234228927643722
0.0013589548207269373
0.0007731701647959673
-0.0012051964376814026
0.001617524164253422
-0.00010594726625764017
-0.001397851795461669
-0.0007247231425163111
0.0012247146707958206
-0.0015049284934538362
0.00011509487381502037
0.001319302943861213
0.0007703574045890101
-0.0011063498825032375
0.0015839315426082715
-0.00012098766295938076
-0.0013841488827857516
-0.0006938090053596836
0.001180576838299233
-0.0015496870766873892
0.00017318020404237522
0.0013339787498115332
0.0007122335476164502
-0.0011983885854142998
0.0015980777713817645
-0.00015139469465429983
-0.0013065416782889593
-0.000756383008863731
0.0012805689046298165
-0.0015836862116718464
0.00011863903796710845
0.001352215214501951
0.0007462888151316751
-0.0012349175493502748
0.0015672395752615743
-0.00012731541369617744
-0.0013275186451797657
-0.0007187312870605409
0.0012957653265662531
-0.0014713140752306234
0.00017184950298713037
0.0013445486977567058
0.0007359549059357317
-0.00127305751697145
0.0015849777988664537
-0.00017916330532533354
-0.0013576933156467452
-0.0007363612951607432
0.0012519522446075707
-0.0015689135297615245
0.00015726318114938153
0.0013167964522176805
0.0007665149338914844
-0.0012373812878009366
0.0015699929936619753
-0.0001145263299903748
-0.001389172038754912
-0.0007520463539495264
0.0011622463506907113
-0.0015618349890428927
0.00016180545593173545
0.0013561540453806292
0.000747193032296906
-0.0011717085474237117
0.0015820238045585267
-0.0001200029503197049
-0.0013096919738061884
-0.0007357369494549623
0.0013072993252960954
-0.0015609471661919517
0.00012827113014697502
0.0013691306670404729
0.0007159716285691633
-0.0012674740620352853
0.0016259279553432894
-0.00012446876674146524
-0.0013410360652351524
-0.0007453390975560797
0.0012340435557069715
-0.0015911901688176412
0.00014815303809640834
0.0013337469655827566
0.0006909773844080479
-0.001300687361357853
0.0015657828246579259
-0.00013208953780667574
-0.0012977727482085446
-0.0007284593885857259
0.0013083390546216511
-0.001543717525180051
0.00016926042122691938
0.0013661454248669034
0.0007331207407490737
-0.001297004165860864
0.0016066697547084566
-0.0001724528612589625
-0.001358414761092796
-0.0007234337702256532
0.0012284433104941845
-0.0015553881563871669
0.00016352356517941317
0.001300651486390341
0.0007234329708493054
-0.0012205723206256231
0.0015191343801698946
-0.00017489540306281964
-0.0012633331681350766
-0.0007401425189115143
0.0012574767594332634
-0.0015758452636648113
0.00015762681394140558
0.0013067299274330646
0.0007439177217617634
-0.0012683428594278266
0.0015249309420538584
-0.00016241326897565631
-0.001284337367318497
-0.0006821436075214698
0.0012281249390240577
-0.001684368989019505
0.00014555532115350758
0.0014892173101690742
0.0007480528285771153
-0.0012694607001269456
0.0015851037896862424
-0.0001679638086156693
-0.0013420146439907844
-0.0007703094066853699
0.001361590704348765
-0.0016531213488213028
0.00015468157953705357
0.0012982072669690957
0.0007457100565324223
-0.0011552258391155856
0.0014363429944607808
-0.0001559243296133716
-0.0011841363634077686
-0.0007113889276833594
0.0011619573082649966
-0.0015652172023179396
0.00012356145222673374
0.0013340955486963516
0.0007096013707104471
-0.0014466210533428138
0.0015505044007945656
-0.00007787695925687043