-1.2360322420352538e-18
-4.406091189631451e-17
-5.316530509569224e-16
-2.8386493529749757e-15
-9.958509592160773e-15
-2.7156072555333514e-14
-6.2620030247217e-14
-1.2812367393254994e-13
-2.396869660493626e-13
-4.182519028862425e-13
-6.90354673073492e-13
-1.0888199134354546e-12
-1.6534433251583338e-12
-2.4317218127385357e-12
-3.4795456683848e-12
-4.861953567165294e-12
-6.653857084487465e-12
-8.940821928877524e-12
-1.181982545388335e-11
-1.540006922185687e-11
-1.980377537825676e-11
-2.516704068004713e-11
-3.164066585711953e-11
-3.9391062734075623e-11
-4.860112698875949e-11
-5.947118966605717e-11
-7.221996479438928e-11
-8.708553520408302e-11
-1.0432634984634487e-10
-1.2422231459775686e-10
-1.470758195543304e-10
-1.7321291620241044e-10
-2.0298441323956163e-10
-2.367670982248949e-10
-2.7496500129885357e-10
-3.1801063172664185e-10
-3.663663397101037e-10
-4.205256770566266e-10
-4.810148278265059e-10
-5.483940802646235e-10
-6.232594243275021e-10
-7.062440524388944e-10
-7.980200955209347e-10
-8.993003345972887e-10
-1.010839998755059e-9
-1.1334386093666141e-9
-1.2679419527617336e-9
-1.4152440869589451e-9
-1.5762894797286871e-9
-1.7520751534496713e-9
-1.943653033746696e-9
-2.1521322982686258e-9
-2.3786818691806257e-9
-2.62453303498081e-9
-2.8909820919274337e-9
-3.1793932707760724e-9
-3.4912015913822705e-9
-3.827915993507387e-9
-4.191122563232519e-9
-4.582487836342944e-9
-5.003762357959066e-9
-5.456784378285669e-9
-5.943483602067767e-9
-6.4658852892940326e-9
-7.026114412696774e-9
-7.626400045725325e-9
-8.269080000935007e-9
-8.956605567012612e-9
-9.691546641308924e-9
-1.047659694237826e-8
-1.1314579534470306e-8
-1.2208452687904908e-8
-1.3161315886525055e-8
-1.4176416230847153e-8
-1.5257155074408663e-8
-1.6407095045382774e-8
-1.7629967452923667e-8
-1.8929679908991913e-8
-2.0310324426606323e-8
-2.1776185990989193e-8
-2.3331751481699435e-8
-2.4981718820741658e-8
-2.6731007355708378e-8
-2.8584767585220724e-8
-3.054839241662473e-8
-3.262752859820673e-8
-3.482808867542719e-8
-3.7156263695858444e-8
-3.961853658526061e-8
-4.222169615567681e-8
-4.4972851963569815e-8
-4.7879449847806264e-8
-5.094928838221832e-8
-5.419053608324224e-8
-5.7611749919340096e-8
-6.122189444103259e-8
-6.503036185763951e-8
-6.904699410735318e-8
-7.32821050371479e-8
-7.774650402375644e-8
-8.245152218490645e-8
-8.740903856460032e-8
-9.263150799751453e-8
-9.813199187213093e-8
-1.0392418856326621e-7
-1.1002246816321738e-7
-1.1644190800801128e-7
-1.231983278338139e-7
-1.3030833265075555e-7
-1.3778935246874385e-7
-1.4565968944599454e-7
-1.5393856246828988e-7
-1.626461600496855e-7
-1.7180369121981255e-7
-1.814334451081754e-7
-1.9155884972588705e-7
-2.022045343907708e-7
-2.1339640268745198e-7
-2.251616999729207e-7
-2.3752909452555274e-7
-2.5052875479010057e-7
-2.641924447410045e-7
-2.785536103244671e-7
-2.936474839895307e-7
-3.0951118480246274e-7
-3.261838406085398e-7
-3.437067024931905e-7
-3.6212327721240684e-7
-3.8147946811634424e-7
-4.0182372128645953e-7
-4.232071752855636e-7
-4.456838543005112e-7
-4.6931082740713014e-7
-4.941484134190232e-7
-5.20260399904384e-7
-5.477142420063861e-7
-5.765813431269984e-7
-6.069372780939531e-7
-6.388620917167013e-7
-6.724406084625475e-7
-7.077627263696914e-7
-7.449238106296831e-7
-7.840250455876949e-7
-8.251738333463777e-7
-8.684842292980927e-7
-9.140774578919794e-7
-9.620824321888342e-7
-1.0126362332652235e-6
-1.0658847714763427e-6
-1.1219834829865554e-6
-1.1810979236644588e-6
-1.243404696006269e-6
-1.3090921399710204e-6
-1.3783613183226506e-6
-1.4514269935334272e-6
-1.5285188032446233e-6
-1.6098823795095375e-6
-1.6957805840819737e-6
-1.7864949103896086e-6
-1.8823270959183585e-6
-1.983601115131042e-6
-2.0906643593755644e-6
-2.2038901212226306e-6
-2.3236804546705226e-6
-2.4504664918643037e-6
-2.5847149509875674e-6
-2.7269261013069734e-6
-2.877642965212027e-6
-3.037449304752719e-6
-3.206975969254726e-6
-3.386909645095702e-6
-3.577990104215592e-6
-3.7810193948701893e-6
-3.996868460470304e-6
-4.2264913793417256e-6
-4.47091171146857e-6
-4.731259012669667e-6
-5.008753684292164e-6
-5.304734129223979e-6
-5.62066517962369e-6
-5.958147587357569e-6
-6.318930759515926e-6
-6.7049520443499596e-6
-7.118308672434661e-6
-7.561367589679812e-6
-8.036696960388197e-6
-8.547110325731554e-6
-9.095766810266717e-6
-9.68622580664671e-6
-0.00001032222411955256
-0.000011008170798131916
-0.000011748864244014302
-0.000012549669648466742
-0.00001341641495262356
-0.000014356170404549606
-0.000015376329088886868
-0.00001648532770216462
-0.000017692708494906497
-0.000019009936705291075
-0.00002044914086020289
-0.000022024250656599268
-0.0000237506393743203
-0.00002565114794406854
-0.00002773677454278447
-0.000030041378157589175
-0.000032595408093011365
-0.00003541985964296922
-0.00003856185898296523
-0.00004206396093204909
-0.0000459787391376886
-0.000050391620409484175
-0.00005535386613502747
-0.00006096203428365213
-0.0000674108972063525
-0.0000748463988853321
-0.00008348719493344688
-0.00009373356141351249
-0.00010636992066142273
-0.00012183511755610319
-0.00014304630537549326
-0.00017166505046221152
-0.00020960718469514473
-0.00025162415037780834
-0.00032161164061782514
-0.00035043692895411955
-0.00024003428125720925
0.00016189533637338534
0.001470175812365543
0.0034207914618456336
0.004095470755446563
-0.004317215077482432
-0.028080181383912505
-0.03489578752627507
0.030162054343935474
0.108883930738318
0.009558352161388723
-0.11702298692535276
-0.051498330885188244
0.0435427573777264
0.039146983927840454
0.006476934475151216
-0.008301480267338863
-0.007021582809467879
-0.003258222110785043
-0.0010462836668023705
-0.0002566297138259327
-0.00010631359057151156
-0.00012888077475757165
-0.00017525392637367118
-0.00020465619885952886
-0.00021588877889474353
-0.00021504631877578597
-0.00020672586747419382
-0.00019326805720502063
-0.0001815100840443752
-0.0001688659556213224
-0.00015755415125405956
-0.00014729448438067377
-0.0001379203767143499
-0.00012938398144432273
-0.00012178858470246725
-0.00011487274885884735
-0.00010862875190301055
-0.0001029385764442311
-0.00009776789533406405
-0.00009303828671843388
-0.00008871245619398303
-0.00008472652987098162
-0.00008106507915252413
-0.00007767429486414276
-0.00007454120882788421
-0.00007163127700594072
-0.00006893301314951976
-0.0000664153512388648
-0.00006406780927439897
-0.00006187299490772126
-0.000059819910079246634
-0.00005789344750570474
-0.00005608509923803482
-0.000054383875825228935
-0.00005278270736386365
-0.00005127240501946789
-0.00004984662499156441
-0.00004849944309986265
-0.00004722388847801626
-0.0000460156639891205
-0.000044869975378246067
-0.00004378204260073693
-0.000042748339319514406
-0.00004176519941168938
-0.000040828926574421
-0.00003993682865193895
-0.000039086016704644813
-0.00003827386294584378
-0.000037498104178317915
-0.00003675641547509896
-0.000036046866408372144
-0.0000353675588369227
-0.000034716718153214825
-0.00003409275474451993
-0.000033494190693464235
-0.000032919605826772796
-0.000032367681730886136
-0.00003183726309243451
-0.0000313271872237603
-0.000030836413548147144
-0.000030363975589759982
-0.000029908906244557254
-0.000029470368424735243
-0.000029047560636787555
-0.000028639716169608315
-0.000028246116570970955
-0.000027866111489167315
-0.000027499048481431952
-0.00002714434795544485
-0.00002680144416506448
-0.000026469816440202202
-0.000026148972441900978
-0.00002583843654916157
-0.000025537764312897663
-0.000025246542095939777
-0.000024964370700219412
-0.000024690875266736217
-0.000024425703239538855
-0.000024168513228768342
-0.000023918989051820587
-0.000023676826691148803
-0.000023441739665520806
-0.000023213449973603655
-0.00002299170086902903
-0.00002277624465151859
-0.00002256684803391425
-0.000022363282424678675
-0.000022165336055319794
-0.000021972806666263564
-0.00002178549819564914
-0.000021603226678268237
-0.000021425813979741214
-0.000021253091786071756
-0.00002108489858324731
-0.000020921080644735117
-0.00002076148924010564
-0.00002060598359885721
-0.00002045442934252605
-0.000020306696275264924
-0.000020162660359378363
-0.000020022202583904776
-0.000019885209728670463
-0.00001975157232778033
-0.000019621185200727747
-0.000019493947570576608
-0.00001936976334025148
-0.00001924853949860293
-0.000019130186553688474
-0.00001901461904640811
-0.000018901754407203676
-0.000018791513515639672
-0.000018683819692678744
-0.000018578600032619336
-0.000018475783271184334
-0.000018375301501719745
-0.000018277089345433824
-0.000018181082850852126
-0.00001808722183772681
-0.000017995447074269993
-0.00001790570195302173
-0.000017817931588473273
-0.00001773208346849191
-0.000017648106236561955
-0.000017565950810514674
-0.000017485569756779163
-0.000017406916865045785
-0.000017329947715243687
-0.000017254619561360736
-0.000017180890707778267
-0.000017108720956488316
-0.00001703807160164801
-0.000016968904947347134
-0.00001690118450269471
-0.00001683487513114887
-0.000016769942721454084
-0.000016706354114911123
-0.000016644077305329268
-0.000016583081310822452
-0.000016523335940139297
-0.000016464812157115093
-0.00001640748149448588
-0.00001635131673483788
-0.00001629629109198941
-0.000016242378779763836
-0.00001618955480620758
-0.000016137794743174308
-0.000016087075040272224
-0.00001603737273419541
-0.00001598866550223164
-0.000015940931757336658
-0.00001589415042713169
-0.00001584830111223499
-0.00001580336390718123
-0.00001575931951133179
-0.00001571614911145831
-0.00001567383450099289
-0.000015632357861204688
-0.000015591701925403262
-0.00001555184987081802
-0.00001551278528346313
-0.000015474492289471003
-0.0000154369553592971
-0.000015400159368398623
-0.000015364089608590585
-0.00001532873176528153
-0.000015294071865082908
-0.00001526009631516998
-0.000015226791843557142
-0.000015194145545163235
-0.000015162144844541399
-0.000015130777427882305
-0.00001510003136555393
-0.000015069894950132098
-0.000015040356809846914
-0.00001501140584289764
-0.000014983031200119576
-0.000014955222315874363
-0.000014927968869975271
-0.000014901260787243874
-0.000014875088231951494
-0.000014849441621915143
-0.00001482431158144243
-0.000014799688941522043
-0.0000147755647814131
-0.000014751930358753346
-0.000014728777154918224
-0.000014706096812188397
-0.000014683881210739954
-0.000014662122378474975
-0.00001464081253624201
-0.000014619944078865146
-0.000014599509574897429
-0.000014579501757260426
-0.000014559913499582453
-0.000014540737877834034
-0.000014521968063029904
-0.000014503597425557182
-0.000014485619447549722
-0.00001446802776040245
-0.000014450816134931186
-0.000014433978473798578
-0.000014417508809861415
-0.000014401401301805884
-0.000014385650219783102
-0.00001437024997971779
-0.000014355195090367232
-0.000014340480181226456
-0.00001432609999865228
-0.000014312049386520131
-0.000014298323308705863
-0.000014284916812776971
-0.000014271825061346286
-0.000014259043308899107
-0.000014246566902737126
-0.00001423439129084685
-0.000014222512003224926
-0.00001421092466061544
-0.000014199624975840666
-0.000014188608735434544
-0.000014177871817773474
-0.000014167410172258929
-0.000014157219834231328
-0.000014147296914629602
-0.000014137637595009513
-0.000014128238128838143
-0.00001411909484410394
-0.000014110204142376227
-0.000014101562479938323
-0.000014093166394021341
-0.00001408501247765178
-0.000014077097386516783
-0.000014069417844926594
-0.000014061970631731055
-0.000014054752586080778
-0.000014047760607810758
-0.000014040991645806915
-0.000014034442713189755
-0.000014028110871982304
-0.00001402199323488145
-0.000014016086970759725
-0.000014010389297298768
-0.00001400489748136825
-0.000013999608835458665
-0.000013994520723437734
-0.000013989630554792231
-0.000013984935780430931
-0.000013980433898926993
-0.000013976122452046837
-0.000013971999020694833
-0.000013968061231596729
-0.000013964306749126771
-0.000013960733278722363
-0.000013957338563232358
-0.000013954120384113811