-1.2140801757040076e-19
-1.217473081742713e-19
-5.666189532948598e-20
-4.583619799750729e-19
4.5848425154122045e-20
-1.4847365113074573e-20
-1.0889414354570567e-19
1.9333059832425814e-19
-7.780817686158435e-20
3.2070065165718245e-19
-5.95304783488089e-20
2.1054305995397001e-19
3.6967795472631705e-20
-2.158184945897595e-19
2.8573319118513254e-20
3.835285262776951e-19
-2.0963331005098542e-19
-1.0048507945905873e-19
1.3933446996202031e-19
1.4046885638943157e-19
3.5713637504830287e-19
-9.690944406275472e-20
1.0716287458942406e-19
2.3393825437390243e-19
-1.1590334939945773e-19
-1.137978617736542e-19
1.6658642478341263e-19
1.3687524407624898e-19
-2.5366367811269235e-20
-1.4778082248478956e-19
-3.600945042507378e-19
1.1874818776154445e-19
7.050871276768257e-20
-1.0111926462320335e-19
-1.7951418420687797e-19
4.514054315061101e-20
-1.076794883446657e-19
-1.7130309927372803e-19
8.552952224181224e-20
3.4620183952217235e-19
2.946156582942697e-19
-2.838794339102258e-19
4.974304695401882e-21
1.5099699399447743e-19
-7.526996979547332e-20
-1.223791316987702e-19
-3.0644775794383616e-19
-3.064356771518889e-19
-2.904431153722997e-19
-6.974980845982824e-19
-1.9925348580918635e-19
1.531088676141094e-19
2.172459596209092e-19
-7.736551788819593e-20
-2.9764586540290614e-20
1.2863308158509987e-19
-1.0312431213866352e-19
-2.3609278801947225e-19
-2.872757253592491e-19
1.618850481203619e-20
-3.7921095598184474e-19
-3.745874472451844e-20
-1.4027089866481781e-6
-6.989625490123795e-6
-6.3176618181228866e-6
-0.000014759093173065977
-8.125902732205934e-6
-0.00036414848323855584
-0.00019270993528275435
3.4140493951313142e-6
-3.347655447709184e-6
5.211234114073204e-6
-0.00001072229937580544
-6.35937395644043e-6
3.7667143120582103e-6
2.1044300167927256e-6
4.268779631583191e-6
0.00001756142250240308
0.0001449890107723221
-3.067220199508288e-6
2.2629933267292203e-6
-5.544597684286249e-6
0.000011037431076793859
8.635287239564292e-6
9.07690791457455e-6
4.4753287385923784e-6
-5.1614310173860145e-6
5.825703388970511e-6
-0.000016402046111865855
0.000012075721153860519
7.539844096480621e-6
8.812585448205622e-6
9.841283251077368e-6
8.945129382871124e-6
2.8233011141982004e-6
9.317676359827424e-6
1.8630960559919867e-6
-7.892429154385948e-6
-0.000123148242442253
0.000010249027970719251
-0.00020597532655065723
0.0001733504383736806
0.00003609199250968231
7.777522909254397e-6
0.000016204490321870172
-4.9184474861147025e-6
0.000010245248938243323
0.000018777374366801563
-0.000010423241751421118
0.00003564009899750604
0.0001318848655919899
0.00002759021717137344
0.000020312834718911607
0.000020400456818539726
0.000026927491285599372
-7.795588513814452e-6
0.000015665935801046276
0.00004669247033034307
0.000027007107281683236
0.000012334041295340776
-0.00001436689944618565
0.000014783364114645165
0.000013179043813981576
2.881350019487172e-6
5.251166281486944e-6
0.000016293902544205484
0.000013102548747191515
0.00001525467476886972
0.000022520467171743965
0.000015482578689674317
4.891538140822058e-6
0.000014717688994246877
0.000022537734603290227
0.0000456637141368917
0.000016609080692814345
-0.000010395215350330438
0.000019535427892080324
0.000026618807379129327
-0.00011655943811432286
-0.00004196891877718405
-0.0001870249156201705
0.00001639965621117725
4.760217232981966e-6
-9.338117379795572e-7
0.000016004142294485322
-0.00015825324009941088
0.000389210099930866
4.038882722941919e-6
0.00009940496648447136
0.0001895777990129587
0.000010556184846220516
-0.00016352004405826388
-0.00019743064755856025
-0.00006651375861109852
0.00001592756639752893
0.000044927223084332676
0.00005012006003651615
-0.00022646691975376058
0.000039515127807741966
-0.00009194105334377535
0.00005164452804868952
0.0006024273513760769
0.000038118982908712554
0.0005570879301002021
0.00003794387142929955
0.00006215956121443464
-0.00012210518298299492
0.000040842905935295924
-0.00016419345266777144
0.000015913125273379345
0.00005459596063288935
-0.000017943421908557462
0.00007243053233001387
0.00009145303525751753
-0.00031126831601509963
-0.00023491441611428983
-0.00021148915139141168
-0.00008303474219015117
0.0005639120857777962
-0.0002644059936418838
-0.00024143839613974887
-0.00023809558132033008
0.000011805721379109355
0.00005322972047566819
0.0000689467911712248
0.00004323040867254398
0.00007602140630976888
0.00025154902427907544
0.0002445264687864215
0.0004738810493094762
-0.00005058668440570294
0.000055637270488423925
0.00005269779929871991
0.0004052689631296438
0.00035204849899672826
0.00041506574072639276
0.00023844767910086986
0.00032586612171068506
0.00029631281664435107
0.00029551683305100265
0.00035945734213305765
0.000352458938795096
0.00017517206031353224
0.00032880185045482135
0.00031463322787677684
0.00025257000765907853
0.0003011569912800182
0.0002937625361210639
0.0002889601673942097
0.0002810550843107603
0.00029648562315215686
0.0002415094002029451
0.00037473108894957937
0.0004877262469464065
0.00027041520338876577
0.00026093432864801385
0.0002877607913723343
0.0002331534205913166
0.00021295667344310904
0.00048151159945041775
0.00019592890888107733
0.00025106440478031415
0.00047944270871729346
0.0002742715097136295
0.00030868913484521297
0.00004192553241749014
0.0001867675971456601
0.0002929592624522056
0.0007590574142338416
0.00024960959047932855
0.00037922905830734655
0.0002209304404440998
0.00021061210809434396
0.00022149077586357344
0.000293409304764895
0.00017843041901506818
0.00019348076233821528
0.00018303727087358188
0.0002592762214348356
0.00013887992105896755
0.00010357858633132718
0.00016941156553952627
0.00012116488155515226
0.00033868367333094715
-0.00015831561737607823
0.0000959676957461068
0.0002653725188263305
0.0004486717578810357
0.0002504919626152574
0.00009639484503258046
0.00017241016436138213
0.0008082379490042471
0.00013343899440623026
0.0001476082272109699
0.00020494877384959748
0.0002258158115566013
0.00007217073049125964
0.00028718215455254993
0.0002835155886497739
-0.0001481725596941969
0.0002174776339602843
0.00028493771330842527
0.0005901041422435918
0.00044389115504615514
0.000263872488191443
0.00013606001125693402
0.00012384273167490684
0.00008285077725920842
0.00015976401802892957
0.00012540023741582396
0.00015748650804673153
0.00002468004117996955
0.0000904007697516376
0.00017050187400774634
0.0001528301070864175
0.00013964164773961366
0.00020461306783675748
0.0001638384553095333
0.0001724374085019852
0.00017512866573804733
0.0001485486750765089
0.00021732583802497364
0.00022991324885749428
0.00015563136703319603
0.0001517829777339941
0.00013196610747875513
0.0001834175505589475
0.0001551994348838917
0.00014319536582362412
0.00016031779171885236
0.00014173819284352593
0.00014028750721000773
0.0001406187678193094
0.0001601094919775947
0.00012803476009343832
0.00015015244840543802
0.00014107952000979164
0.00013171812641146635
0.00014357276111809367
0.00013262370682197398
0.00019987400923147407
0.0001528712795581123
0.00017306439285303646
0.00017137081012361604
0.00015017847657170736
0.00020391427615875214
0.00018069696630127044
0.00012903228319987214
0.00008496123136271234
0.00016280839405135022
0.00024223951466023486
0.0002100491622458844
-0.00009526902425462386
-0.0002603615654405639
-0.00011321466283471412
-0.0001368498409379265
-0.00016153420508330463
-0.00022059867904275789
-0.00021509330519713067
-0.00021363581784694904
-0.00022223626556192334
-0.00024259648082584776
-0.0002286985125117404
-0.0002368189304819146
-0.00022028828614989725
-0.00021004153577118098
-0.00021817361341312848
-0.00021350393406704849
-0.0002526134139059022
-0.00021801847278398462
-0.0002297477766114353
-0.00022392842435792808
-0.000216949193019844
-0.00023021343888934373
-0.00021456822731978194
-0.00021951296999414503
-0.00022517611731339484
-0.00020960468271011024
0.00011774069313823426
-0.00014725436382331326
0.000012779725721617918
0.0004939796656829802
-0.00004067188021252207
-0.0001234858463509652
-0.00015666425567823186
-0.000152814124771097
-0.0003548636118166604
0.00007629964750750251
0.00007687570573843443
-0.00022177146463706824
-0.00015784283415835133
-0.00013995594864142256
-0.00011992854807876798
-0.00019415687766666175
-0.00014114047958599008
-0.0001009671811891348
0.00009238754914397993
-0.00008428771570457239
-0.00008155273453452543
-0.0001026901436587562
-0.00012523788235586583
-0.00010906042124385593
-0.00009665109005801369
-0.000028358551269869758
-0.00006570988233863963
-0.00004129992037335436
-0.00006220875829198038
-0.00004463561180222433
-0.000050456058827542304
-0.00003203711301408465
-0.0000303213564165202
-0.000024937702417339342
-0.000013583064279700988
-0.000015026408315583959
-2.7409694499413307e-6
3.993571325938894e-6
7.459766131640633e-6
0.00001629921643776736
0.000025272504012653324
0.00003546894468784283
0.00004037693685438017
0.000046113615267761487
0.000044906162235517114
6.46595288308607e-6
0.000048217138824118165
0.00004965895607887385
0.000058936283620619143
-5.502282509844648e-6
-0.0002642646845661745
0.00008335741091500254
0.00002690852598070178
0.00009062885545605413
0.00012824950768152026
0.000125007522713628
0.00010637815718592888
0.00015309969077087666
0.00022182049439550613
-0.0004455701271457326
-0.00013023288375814163
0.000058627097087404596
0.00018804891369682072
0.00003931578690662526
0.00014152822713707226
0.00014275374028231857
0.00018793412496207818
0.0001575059967732494
0.0002460738485721078
0.00014946909923019047
0.0001732006094139993
-0.0004571452845043065
0.00024397600999354893
0.00018342112240275334
0.0002450460484708099
0.000281977786993802
-0.000055931531249276995
0.00010687889076396702
0.00020187877532475563
-0.000399384131114075
-0.00003247267632058286
0.00023009273298853106
0.0001499454574132403
0.0005208122930087759
0.00025586190647846165
0.00029964361193612546
0.0001573397529227425
0.000126160055277787
0.00020391760074337588
0.00005587328335521474
-0.00041622063756818463
0.00027020935274082314
0.00007448813234363197
0.00021786600463659532
0.00016094708686519802
0.00013403073382838116
0.000261410820712458
0.00013482593075357497
0.00016224185281280337
-0.00023244782200768603
-0.0004834231946403177
-0.00016204536115347167
-0.00020161982699338365
-0.0000800273948498074
-0.00012425754920877542
-0.0001359697160594968
-0.0001561306266128501
-0.0001331072447932044
-0.0000886020178989449
-0.00016401689471535108
-0.00012207602628355925
-0.00010189333479894075
-0.00007666941906311131
-0.00008254376153213553
-0.00007009760848454868
-0.00007173143981143854
-0.000024511326189893746
-0.00004738176418636233
-0.000025144825132847362
-0.000012027205778472345
-0.000014019514406470373
-0.000010708104349154688
0.000016012502995425146
0.000014406069571443332
0.000026833013096166667
0.000029916855006883974
0.00004187991681119948
0.00004547564278425481
0.00005886840405241913
0.00006404521015253746
0.000055636928546849525
0.00006627255479843518
0.00006543678692125693
0.0000827120274008011
0.00009528286050892693
0.00009586978422942623
0.00009916599819224286
0.00011698052445476692
0.00019188585298444177
0.00009977245205502416
0.00015804276099394584
0.00010897265440198731
0.00008943874828789789
0.0001325931018708046
0.0001427785549280409
0.00012051388662054764
0.00013799588039882952
0.00022623992323707998
0.0001693607592800725
0.0002157004979600285
0.00018427938408129756
0.00010493812318292362
0.00011719974851767423
0.00011305322343820854
0.00011651841773810935
0.00011749218744037472
0.00012330670729092857
0.00012618576342983894
0.0001242885900808545
0.0000818231677650875
0.0001267468234933982
0.00012065379698981788