0.14285763652322678
0.14285792354755564
0.14285797225768568
0.14285783736385887
0.14285787447735665
0.14285815937073626
0.14285823070657686
0.14285834823007945
0.14285831157463244
0.14285839035421685
0.14285875926049274
0.14285890646473975
0.14285913662918528
0.14286012848763344
0.14285944314997007
0.14285969646153826
0.14285998668201405
0.14286024305824893
0.1428605891896653
0.14286072839323416
0.14286118886836274
0.14286145464378971
0.14286178719517995
0.14286116547645333
0.1428626659923081
0.14286301033802015
0.14286217176831412
0.14286381556209335
0.1428637494069392
0.1428641446350591
0.14286609061940028
0.14286545076666882
0.14286759561697737
0.1428671868317233
0.14286776203295698
0.1428682890088397
0.14287022176119632
0.14287000169587225
0.14287056812610707
0.14286803956978034
0.14286977785320504
0.14287131960886526
0.1428729941755721
0.14287275118474013
0.14287330049263258
0.14287732297474226
0.14287443386451432
0.1428762705284072
0.14287744504083122
0.14289590179942382
0.14287796311624737
0.1428327526505775
0.14287987222444198
0.1428817245599486
0.14288347370978574
0.14288235859853746
0.14288573698998955
0.1428871815641182
0.14288878051261594
0.14288938878977267
0.1428932606274554
0.14289380064569038
0.1428793212595136
0.14288050269931382
0.14288167391673715
0.1428768860847547
0.14288399947898525
0.14273410835585404
0.142822339064716
0.14289173010280837
0.14288631436626034
0.14288496380720883
0.14288978482382608
0.1428916226154097
0.14289875679091005
0.1429017682001437
0.14290302058170526
0.14289890862551893
0.14290998095098015
0.1428990079925038
0.14290173041134444
0.14289957457352154
0.14290256223420664
0.14291343458610276
0.1429150753824594
0.14290961029598295
0.14292514280427604
0.14292350578561425
0.14292308370114207
0.14292840490434558
0.142930729352374
0.14293416046009058
0.14292063122434986
0.14293761958321693
0.14292868408401382
0.14293870479643472
0.14293560528953414
0.14294599869415303
0.14301554409874379
0.14293244767483013
0.14306096444322924
0.14282031650056176
0.14290697248370746
0.14294677549912554
0.14294920973366504
0.14295949592706475
0.1429628828768839
0.1429660797259964
0.1429788292279704
0.14290250143424574
0.14278929320141967
0.14294624500012362
0.1429682185494793
0.14297447127547785
0.1429680446085123
0.1429824838652336
0.14298069989525158
0.14296276368231353
0.1429744322633091
0.14298328632613633
0.14298636229212505
0.1429984838447764
0.14300527353983358
0.14298906347049822
0.14302032952673094
0.143008816735844
0.14300530571811967
0.1430085571306235
0.14300088685879195
0.14300641953570598
0.14301935480668834
0.1430185931529039
0.14310259953258705
0.14313307365620162
0.14302088442380473
0.14299355536826358
0.14303108906050976
0.14302307813549017
0.1428022908707607
0.14295967082622985
0.14272697697858847
0.1430385700886903
0.14300861878870524
0.14301875035009387
0.1430387280351634
0.1427911083515225
0.1434571958793702
0.14306446683635438
0.14308924914951357
0.14321925378538353
0.14306608277338748
0.14292151050223673
0.14291098524824394
0.14301070039690186
0.1430737509648682
0.14308624928224398
0.14308131724013928
0.14296358107698753
0.14310110763240752
0.14305124873998679
0.14310062964350992
0.14319106820016908
0.14308574434802138
0.14320036666057545
0.1431024392563923
0.14309814182605476
0.14309865693464066
0.14311385428732978
0.1431193305496666
0.14309600273103207
0.14309284546707382
0.14314850452688718
0.14311465919136457
0.1431237130978143
0.1432627895021429
0.14325673265814476
0.14326188044968724
0.1432033231510755
0.14280621541662197
0.1433604810231545
0.14336675255555079
0.14339092852239718
0.14317460878311894
0.14313404380902195
0.14310090108105394
0.14311676740186877
0.14312263207593526
0.14320791486839185
0.14321677105371025
0.1430176530783023
0.14352515302504573
0.14342393359298933
0.1434386055073831
0.1430480846250562
0.14310363432495204
0.1430034402622155
0.14327175852542348
0.14312243057027232
0.1431847358571671
0.143173800608798
0.14300636065082678
0.14299840328249674
0.1435445232324345
0.1430385945221305
0.14302908226559305
0.1434076059924335
0.1430344774911229
0.14316801462289594
0.14284295552485274
0.1429335253335627
0.1431496922772948
0.14282220867791504
0.14362173313430465
0.14399800546217648
0.14307505324555
0.14305617663362472
0.14319197684728024
0.14302280400191453
0.14299093323034825
0.14346504641261326
0.1429870094792881
0.14312435372879853
0.14354337886675578
0.14316449226376757
0.14316018040361908
0.14287456644958837
0.14304511041666063
0.14314958693044924
0.14359801662344981
0.14313194251662092
0.14325074106925842
0.14311218694003033
0.14311121287123033
0.14314708899238934
0.14313747967250118
0.14308307826884856
0.1430975958913757
0.14309453518771836
0.14312637628508826
0.1430890808824749
0.14307902237837733
0.14310833083548288
0.14309582940734844
0.14316875760054398
0.1430217440937927
0.1431084585414469
0.1431320901508854
0.14315809077147806
0.14314070696352257
0.14313122965475583
0.1431320787593831
0.14307964955985353
0.14314001235056975
0.14314329403663256
0.1431431234803501
0.14313110711443686
0.14317669551911383
0.14311136034933739
0.14311718891600095
0.14328317205428714
0.14312473371121134
0.14311749183971673
0.1429068914798352
0.14300850009252575
0.1431122466169272
0.1432013864065062
0.1431944618834039
0.1432300590380521
0.14316848760891282
0.1432030208356404
0.1431677188906808
0.14337261904494145
0.1432575775467853
0.14315040848478874
0.14317831717349397
0.14320757899535944
0.14307967723764758
0.14315502996672874
0.1431544387370426
0.14308576372675305
0.14315607460463822
0.14300339407946155
0.1428827165558336
0.14315602188964574
0.14316394497923066
0.14314047508488648
0.14298788165428739
0.14311811965809182
0.14321194489832226
0.14313040048119985
0.14328052309500844
0.14325631770510538
0.1432220042807378
0.14317506908289468
0.14297049321791605
0.14330608637488512
0.14323870596573818
0.14319870854822417
0.14325067239521738
0.14320562828128824
0.14342844203939392
0.14327413355954516
0.1433279913126204
0.14332204550801084
0.14326946139302196
0.14337520931012265
0.14331823879652283
0.1432262205705178
0.14315632802723413
0.14328665708677696
0.14339905256306712
0.14333859497106305
0.1432435253863944
0.14313116195634767
0.1432516872109792
0.14327298679008313
0.14326726039698467
0.14321107669363464
0.14322902441752677
0.14324175330260872
0.14325020695769514
0.14325949269675453
0.1432771701090837
0.1432876790022265
0.14330530036507474
0.14332168098612127
0.14333074719758435
0.1433430105638437
0.14334949213148904
0.14336746634526606
0.14337846914084068
0.1433907579392117
0.14340239873852537
0.14341486042102983
0.1434266118140318
0.14343915415690084
0.14345126925366591
0.14346333423383836
0.14346233247151724
0.14347229437248799
0.14342711115752635
0.14333083369563962
0.14353770050475498
0.143504100542644
0.14353617473891384
0.14354523352484988
0.1436394750249462
0.14342194844146952
0.14346399737140456
0.1436448429339688
0.14361414188250982
0.14360462068451152
0.1436107956104272
0.1436846835987708
0.1436567682646841
0.14362417678361752
0.14354017149368198
0.14363203154999785
0.14364087917876167
0.1436921104369045
0.14373874913357104
0.14373319754715963
0.1437391865821781
0.14361828477973732
0.1437148907366195
0.143688652000723
0.14375755709228175
0.1437297687748936
0.14379242569339387
0.14374340504292588
0.1437709357827875
0.14378466225431236
0.14381392093015752
0.14380717335222723
0.1438134323508642
0.14381569830617433
0.14373899844427387
0.1438319386731743
0.14383868931105634
0.143849759121347
0.14384489109683174
0.14384499031898684
0.14380398437664565
0.14368368167647952
0.14379333071191638
0.14379184078244503
0.14380220284132922
0.14364003022655625
0.1431796788344181
0.1438235506610141
0.14367414260028008
0.1438237467196217
0.1438749810892251
0.14385988171634773
0.14383632446606173
0.1438859939906384
0.14404964954758792
0.1433221126996011
0.14356447976716646
0.14378473673530623
0.14387631009290242
0.14377793476427542
0.1438457798840502
0.14384449380509018
0.14386260093241576
0.14384422526008997
0.14388403713214182
0.14383005692733916
0.14384569393454938
0.1436420377823008
0.1438619897876102
0.14384297760027798
0.143853217751774
0.14384763625976602
0.14379629424870932
0.14386211790385095
0.14382711304785298
0.14381011619510464
0.14380057226524126
0.14381125798448044
0.14382648078098448
0.1437854586338434
0.14380036014664602
0.143780801045286
0.14382104952686708
0.14383383026224839
0.1437916660785708
0.14386408907706702
0.14408855950405283
0.1437299425737882
0.14382653496003786
0.143757889432005
0.14379186169954505
0.14381688869228443
0.14369077040915507
0.14380642088261988
0.14376271505936017
0.14413013796615223
0.14445366020657166
0.14409926438153584
0.1441643008101092
0.14403249034132493
0.14410716586210962
0.14414421832861707
0.1442000110388656
0.14420267703049555
0.1441490400643422
0.1443023001380932
0.1442485738541621
0.14425532202923327
0.1442049725247515
0.14428603205617954
0.14425515143758244
0.14431727441192624
0.14410146285577996
0.14429212318012988
0.14422390511605476
0.1444026775695851
0.14420571520081113
0.14415763782356947
0.144317745787357
0.14430841384187681
0.14431934117327405
0.1442925179508277
0.14430839478279556
0.14430022505916093
0.14431563654508253
0.14431523436714877
0.14428186198234524
0.14429598529705362
0.14428397538068247
0.14430830314331422
0.14431666012413152
0.144311227370722
0.14431064654016132
0.1443263054685643
0.14440231307144086
0.1442981229913902
0.14434890047546284
0.14430659749963387
0.14428257748848755
0.14431253145343695
0.14432302279597323
0.1443052512419029
0.1443124399782915
0.1443691233970066
0.14433326747556546
0.14435307772136716
0.1443367726949472
0.14430134546695375
0.14430578984357204
0.1443070637513204
0.14430816091763843
0.14431108862758354
0.14431406105139985
0.1443149518535299
0.144316621898173
0.14431510946457005
0.14431956557744222
0.14432121831712943