0.14285714466363614
0.14285715911573194
0.14285718802041877
0.1428572313786872
0.14285728919202362
0.14285736146241157
0.14285744819233212
0.14285754938476544
0.14285766504319244
0.14285779517159677
0.1428579397744669
0.14285809885679798
0.14285827242409532
0.14285846048237705
0.14285866303817701
0.1428588800985489
0.1428591116710695
0.14285935776384345
0.14285961838550681
0.14285989354523249
0.14286018325273503
0.14286048751827576
0.14286080635266857
0.14286113976728593
0.14286148777406527
0.14286185038551508
0.14286222761472261
0.1428626194753608
0.1428630259816957
0.14286344714859522
0.14286388299153682
0.14286433352661687
0.14286479877055955
0.14286527874072613
0.1428657734551258
0.1428662829324254
0.14286680719196074
0.14286734625374756
0.14286790013849351
0.14286846886761023
0.14286905246322654
0.14286965094820092
0.14287026434613623
0.14287089268139294
0.14287153597910512
0.14287219426519476
0.14287286756638856
0.1428735559102342
0.1428742593251176
0.14287497784028094
0.14287571148584094
0.14287646029280843
0.14287722429310817
0.14287800351959937
0.14287879800609732
0.14287960778739606
0.1428804328992906
0.14288127337860146
0.14288212926319951
0.14288300059203143
0.14288388740514651
0.14288478974372457
0.14288570765010414
0.14288664116781274
0.14288759034159787
0.14288855521745839
0.14288953584267833
0.14289053226586115
0.14289154453696543
0.1428925727073425
0.14289361682977422
0.14289467695851324
0.14289575314932512
0.1428968454595304
0.14289795394804986
0.14289907867545137
0.14290021970399738
0.1429013770976955
0.14290255092235035
0.1429037412456181
0.14290494813706225
0.1429061716682121
0.14290741191262418
0.1429086689459448
0.1429099428459754
0.1429112336927428
0.14291254156856792
0.14291386655814176
0.14291520874860156
0.14291656822961155
0.14291794509344574
0.14291933943507656
0.1429207513522637
0.14292218094565068
0.14292362831886155
0.14292509357860536
0.14292657683478152
0.14292807820059408
0.1429295977926669
0.14293113573116453
0.1429326921399224
0.14293426714657745
0.14293586088270682
0.14293747348397526
0.14293910509028213
0.14294075584592678
0.1429424258997685
0.1429441154054032
0.14294582452134322
0.14294755341120724
0.1429493022439261
0.14295107119393957
0.1429528604414267
0.14295467017252528
0.1429565005795832
0.14295835186139824
0.14296022422349364
0.14296211787839144
0.14296403304590552
0.14296596995344776
0.14296792883634632
0.14296990993819866
0.142971913511213
0.1429739398165912
0.14297598912492077
0.14297806171660107
0.14298015788227042
0.14298227792327672
0.14298442215214943
0.14298659089315172
0.14298878448278013
0.142991003270359
0.14299324761865895
0.14299551790452222
0.14299781451955768
0.14300013787080793
0.143002488381589
0.14300486649224273
0.14300727266099356
0.1430097073648779
0.14301217110067235
0.14301466438596108
0.14301718776021963
0.1430197417858167
0.14302232704946735
0.14302494416338804
0.14302759376676588
0.14303027652718378
0.14303299314211865
0.14303574434093144
0.14303853088619
0.14304135357607428
0.14304421324605981
0.14304711077127114
0.14305004706880434
0.14305302310038334
0.1430560398748403
0.14305909845112869
0.1430621999412999
0.1430653455140152
0.14306853639821832
0.14307177388645967
0.1430750593399298
0.14307839419244403
0.14308177995431604
0.1430852182214332
0.14308871067376727
0.14309225909021964
0.14309586534812868
0.14309953143276846
0.1431032594491102
0.1431070516236087
0.14311091031485415
0.14311483803031483
0.14311883743076703
0.1431229113387198
0.1431270627676416
0.14313129491195925
0.14313561118376325
0.14314001521836858
0.14314451090113775
0.1431491023739664
0.14315379408080947
0.1431585907560071
0.14316349751271948
0.14316851980103046
0.143173663479939
0.14317893486195993
0.14318434074376726
0.1431898884072681
0.14319558581872058
0.14320144142363525
0.14320746446694552
0.14321366498271001
0.14322005372683505
0.14322664242536187
0.14323344398764223
0.14324047223311182
0.14324774242844324
0.14325527108692707
0.14326307627861082
0.14327117817736715
0.14327959734324394
0.14328836030563163
0.1432974918835264
0.14330701917635189
0.14331698055446515
0.1433274061860012
0.14333834680062857
0.14334983960398798
0.14336192313499288
0.14337470189960344
0.14338821771701699
0.1434025729046358
0.14341774369744117
0.14343412558198906
0.14345147510332948
0.14347048459470396
0.14348944443359457
0.1435107476180644
0.1435303300142337
0.1435433725147507
0.1435388221367445
0.14349556477169992
0.14337976550658135
0.14317262435543962
0.14285821987755398
0.14276102955772718
0.1445322176623179
0.15030031254837442
0.1593408803034252
0.15412804545073425
0.10820479482836877
0.06795238831420773
0.1554422367998606
0.2693599284241068
0.17723019670058676
0.059283182534658134
0.08592905568727026
0.1545670074773166
0.16531679258025433
0.15196861588312605
0.1437749154172739
0.1409112449299522
0.14128035990419727
0.14197124612086753
0.14244219994863166
0.1426455250749346
0.14276555408252534
0.14281504491361752
0.14283996839139082
0.14285279322177322
0.14286313908431336
0.14287505913923218
0.14288652786974484
0.14289912810817346
0.14291176176506296
0.142924043446316
0.14293631265670398
0.14294850789825747
0.14296007159383736
0.14297134079191673
0.14298220629108985
0.14299274117335198
0.14300293505835313
0.14301279629565355
0.1430223243228489
0.143031541596185
0.14304049169763458
0.14304916788183691
0.14305760595263095
0.14306581156789366
0.14307380879382942
0.14308160123733887
0.143089208676577
0.14309664117602752
0.14310391121419364
0.14311102751393107
0.1431180020134908
0.1431248418926819
0.14313155683627865
0.14313815370975794
0.14314464044436043
0.1431510235756883
0.14315730913728084
0.14316350320859983
0.1431696111774462
0.14317563822158813
0.14318158899950043
0.1431874680045542
0.14319327936901433
0.1431990270677833
0.14320471470505325
0.14321034572858665
0.1432159233695364
0.14322145066661235
0.14322693047141719
0.14323236546124482
0.14323775818629939
0.14324311102377477
0.14324842622180478
0.14325370591686076
0.14325895212309028
0.14326416673659276
0.14326935156563336
0.14327450830807215
0.14327963858286447
0.14328474392226512
0.14328982578704388
0.14329488555362926
0.14329992453440674
0.14330494397986554
0.14330994507168024
0.14331492894631595
0.14331989667438108
0.14332484928625727
0.14332978775465693
0.14333471301266495
0.1433396259522158
0.1433445274225117
0.143349418234752
0.14335429916609888
0.14335917095842096
0.14336403431972092
0.14336888993190144
0.14337373844531456
0.143378580483436
0.14338341664332058
0.1433882474996442
0.1433930736012762
0.14339789547551748
0.14340271362777993
0.14340752854751015
0.1434123407008645
0.14341715053630288
0.14342195848720896
0.14342676496855009
0.14343157038095827
0.14343637510910426
0.14344117952382893
0.1434459839822898
0.14345078882918566
0.14345559439607591
0.14346040100248175
0.14346520895768608
0.1434700185593356
0.14347483009512169
0.14347964384239117
0.14348446006887844
0.14348927903418138
0.14349410098845858
0.1434989261734253
0.14350375482314198
0.143508587164081
0.14351342341490808
0.14351826378772695
0.14352310848744776
0.14352795771286062
0.14353281165594528
0.14353767050351685
0.14354253443593332
0.1435474036280097
0.14355227825001055
0.14355715846585587
0.1435620444355466
0.14356693631378692
0.14357183425103848
0.14357673839284932
0.14358164888122735
0.14358656585356164
0.14359148944332722
0.14359641978053614
0.14360135699130447
0.1436063011980401
0.14361125252010884
0.14361621107336364
0.14362117697046387
0.14362615032106008
0.14363113123194302
0.14363611980683524
0.1436411161467537
0.1436461203502118
0.14365113251292547
0.14365615272817384
0.143661181086914
0.14366621767758972
0.14367126258663912
0.14367631589798766
0.14368137769372571
0.14368644805379285
0.14369152705601937
0.14369661477656426
0.14370171128949616
0.14370681666720883
0.14371193098031537
0.14371705429771842
0.143722186686705
0.14372732821292056
0.1437324789405214
0.14373763893215694
0.1437428082490165
0.1437479869508179
0.14375317509602348
0.14375837274168057
0.14376357994358696
0.14376879675631382
0.14377402323313251
0.14377925942617792
0.14378450538646587
0.14378976116388775
0.1437950268072082
0.14380030236419017
0.1438055878815419
0.14381088340500828
0.1438161889793401
0.14382150464832627
0.1438268304549235
0.1438321664410913
0.14383751264802513
0.14384286911600047
0.14384823588451406
0.14385361299226068
0.14385900047714695
0.1438643983763277
0.1438698067262273
0.14387522556255586
0.14388065492029747
0.1438860948337822
0.14389154533668752
0.1438970064620152
0.1439024782421589
0.1439079607088831
0.1439134538933852
0.14391895782623726
0.14392447253747923
0.14392999805657514
0.14393553441246495
0.14394108163354766
0.14394663974771169
0.14395220878236703
0.14395778876438217
0.14396337972021422
0.14396898167579694
0.14397459465664136
0.14398021868781777
0.14398585379394382
0.14399149999923028
0.1439971573274641
0.1440028258020346
0.14400850544595079
0.14401419628180281
0.14401989833184028
0.14402561161793162
0.14403133616158473
0.1440370719839656
0.14404281910588146
0.14404857754782938
0.14405434732996236
0.144060128472117
0.14406592099382592
0.14407172491430284
0.14407754025247266
0.14408336702697142
0.14408920525613744
0.14409505495804334
0.14410091615047954
0.14410678885097905
0.1441126730768011
0.14411856884495775
0.14412447617221036
0.14413039507507658
0.1441363255698335
0.1441422676725164
0.14414822139895164
0.14415418676471872
0.14416016378518967
0.14416615247552414
0.14417215285065943
0.1441781649253378
0.14418418871409566
0.14419022423126954
0.14419627149101152
0.14420233050727246
0.14420840129382428
0.14421448386425864
0.14422057823198495
0.1442266844102385
0.14423280241208644
0.14423893225042914
0.14424507393799885
0.14425122748736763
0.1442573929109555
0.14426357022102237
0.1442697594296777
0.14427596054888758
0.14428217359046427
0.14428839856608539
0.14429463548728388
0.1443008843654589
0.1443071452118743