3.4191707514250234e-19
1.3538116728874182e-18
-4.2481882883975744e-18
-0.0006426838860287488
0.00005181891361389124
0.00008208232353341573
0.00004469625281781309
-0.00012991295097537344
0.0004832739290766306
-0.00004906713280323306
-0.00014022219591861693
-0.000025733989542099244
0.00030907095861726466
-0.0003021839739032635
0.00012587814206998127
0.0002412289309949356
0.00005244223600650875
-0.00032471508511734123
0.0002171087278457642
-0.00024269061922155196
-0.0005645112498323809
-0.00010451674718493313
0.0007070577863761774
-0.000629783201343542
0.0003236748106948264
0.0006906050918170885
0.00012693564396821654
-0.0009257827673494071
0.0008189997669123163
-0.00043592643744262493
-0.0009398466735033043
-0.0001716027380903865
0.0011835142414617398
-0.0009597644815063281
0.0005090773204174749
0.001113296744750982
0.0002061761351461832
-0.0013872685903789283
0.001210179373626957
-0.0005778857593807307
-0.0013194126076955701
-0.00024845297077696915
0.0015190800294015874
-0.0013068156215710694
0.0006989200229341325
0.00146465270843771
0.00029455522507384867
-0.0018570144953269166
0.0014837270440872148
-0.0007351717884132348
-0.001682526750580669
-0.00030179934127721325
0.002055561225689579
-0.0018056817614023834
0.0008558938485432817
0.002020404341556566
0.00036688125848192954
-0.00239290156409255
0.001990651256862367
-0.000944310672715533
-0.0020984820666244235
-0.0004560089923840438
0.0026895663288474788
-0.0022693343789685844
0.0010526989009827657
0.0024767343560333274
0.0005124887853727711
-0.002927989753366187
0.0024565154798139445
-0.0012102163645686995
-0.0026912578148039976
-0.0005344057422545752
0.003276423340581205
-0.002916162098327719
0.0013132323032144717
0.0029852247508367576
0.0006280491280199904
-0.003800157730714125
0.0031327729358802646
-0.001442679028049811
-0.0033277430148470487
-0.0007231721340626525
0.004103251726367147
-0.0034476987166520315
0.001551838311184424
0.0034644206619617595
0.0008420140084941138
-0.004420080258770169
0.0038099534568775324
-0.0017697920048885434
-0.0041123887191257405
-0.0009659126323177109
0.004834795453140787
-0.0042087280073658685
0.002051298864877017
0.0046345110682195646
0.0010412086386178063
-0.00555674787788499
0.0048817302702098
-0.0021820216725894482
-0.005067485177132195
-0.0012538351814728587
0.006154057266461282
-0.005314864964547885
0.0022990111161556516
0.005799553535471591
0.001351694131271026
-0.00696786045091132
0.006194252154284183
-0.002749602685921119
-0.006215403493539111
-0.0015145421538543908
0.007595494649768185
-0.0067299098076587065
0.0028960279624561645
0.00707087558442291
0.0018328058980241217
-0.008697424443916526
0.007834589516750203
-0.003370780854376888
-0.008130040164638233
-0.001977965556808328
0.009453314322392239
-0.008691826248943182
0.003753799312027799
0.009536772547955626
0.0025229368373672553
-0.011268186525078666
0.010497401824580794
-0.004279779758502387
-0.010705717199239378
-0.0030290013998974033
0.012426918261886065
-0.012004787573502079
0.004616210224658994
0.012425421298156901
0.003653281139501416
-0.01477060583505246
0.014872132953311199
-0.005627665954608446
-0.014429871526107916
-0.004098690823803823
0.01648106881782589
-0.016640918929454015
0.00611154514363359
0.017275110240175303
0.005243168342702904
-0.020385663008472655
0.0217797925527418
-0.007548704355221637
-0.020871849482676
-0.006070135373169978
0.022520456131754827
-0.025214064250056428
0.00843716064139863
0.02550595420959781
0.008596078208961919
-0.030279358783142012
0.03612154589699315
-0.011683084101659698
-0.0322360956547405
-0.009601761647806536
0.03170072183225104
-0.0408563155015796
0.011865437443805233
0.04125983563747652
0.016309381843491573
-0.047447699752431016
0.08234077812902314
-0.02512783977662838
-0.05502774726585688
-0.013053929239933173
0.035648478795104035
-0.055950636356669664
0.011139540649378601
0.042548542935509436
0.0561524965221426
0.05283833277715314
0.03174093454135519
-0.011183707928547754
-0.10693276886758554
-0.18075030088679134
0.4264258167612085
-0.17753337233322164
0.07403485776076005
0.2170278518157887
0.07448721223689143
-0.24278843561848465
0.2516205647173114
-0.06434560437425686
-0.4568948730075005
-0.44245139706741476
1.36684711049831
-1.2217224383635448
0.5787455550029624
1.8669681820719937
0.7586884026701274
-2.4816670831187992
5.400703679527761
-1.7802301373725473
-35.29519771445031
-4.598884049220951
4.888399590316406
-3.562346204055652
0.36860439355082103
1.739315193673433
0.9318672855922143
-1.313603686834478
0.8840580975852247
-0.09766301487323262
-0.48092536834123056
-0.16364331278478325
0.29266214138297253
-0.27746688812169157
0.03579277081935241
0.20309896892372264
0.10615549166810925
-0.1708934721599993
0.1652958434124985
-0.014110497383710997
-0.11435184927824286
-0.05190578966072838
0.08647165079156997
-0.09398564089756545
0.0070574041389545135
0.07014803534455089
0.03993100984480434
-0.05746882837821849
0.06797185022671184
-0.003375495453998992
-0.04823993428055773
-0.022629680633481305
0.03597933742770497
-0.04567411316895979
0.0027585359489708155
0.03480493982256496
0.022075279715777458
-0.028902835865363023
0.03557315146532528
0.001222894626624111
-0.025893761782535017
-0.013709905903852604
0.020651428203721033
-0.026130085722598808
-0.0002933681986356521
0.019756920149691447
0.013818622400716053
-0.013630136958027986
0.021783498461060518
0.0013579378168408194
-0.01318660123542466
-0.008554556022407685
0.012028143388904886
-0.015876964257277346
-0.0007494369289887899
0.012598192778824218
0.009619265780795236
-0.009105718195144857
0.014439912018102465
0.0018880232806895213
-0.009577853637505448
-0.005748488075507676
0.00790438672305436
-0.011874146070645315
-0.0006928195203822384
0.00857931143741573
0.007104094424760298
-0.004533244667982247
0.010127800088583366
0.0024794341517251277
-0.005887791683910361
-0.005042415659157509
0.005017993707807089
-0.00883719207217938
-0.0006540299375415772
0.006103880981746952
0.005650224112412937
-0.002156074908787183
0.007860152196587148
0.0022621049826300637
-0.003417498546015116
-0.003218668029309244
0.003418302345039315
-0.0055714261885088075
-0.0005048535311569503
0.00418469852894785
0.004401372839512793
-0.0013348168564486943
0.005904797382877505
0.0017790201346676484
-0.002729231621465404
-0.0028799107091480197
0.002239589920549717
-0.004445010502146627
-0.0006298758013766859
0.0032448763822102845
0.003468339922755338
-0.0008267870912499306
0.0045196631268929754
0.0016842578415650735
-0.002354140998964785
-0.002232114259173123
0.0015756831846019347
-0.003727787796423429
-0.0008815124038627006
0.0023485904890341333
0.0028329129701625934
-0.00039107899710651964
0.003474475310839851
0.001523754740069918
-0.001533047726253155
-0.0017428703259443142
0.0009252153102448977
-0.002895812062393996
-0.0006701997496610641
0.0016468993945490367
0.002223618668675473
-0.0002528151973554947
0.002648942237501459
0.0013321554071686515
-0.001200393098923506
-0.001385974214585933
0.00044869217362384717
-0.0023480085453714684
-0.000615651896214452
0.0010289037508047314
0.0016125269872582398
-0.00009116720861987322
0.0018816355831400874
0.0013373179959216923
-0.0010604741923212046
-0.0008946112497834983
0.00013131296203651582
-0.0022115488595076467
-0.0003327398583126476
0.00026288465738906556
0.000490455599837917
0.0005138813323247367
0.00041130287577299807
0.0002230100759284071
-0.00017394883599138828
-0.0010789437732289483
-0.0023675232769121662
-0.0003778665798264834
-0.000621689145560283
0.00026436732099427846
0.0006540275825802081
0.0002951087716443497
0.0003231930357400239
0.00038014102587820536
0.00011580021781900325
-0.00033674740103297986
-0.0006658422615323128
0.00008647136582111973
-0.00037431521283540496
-0.00043567790374669676
0.00004465603978035377
0.0004569941932961733
-0.0005445577647605332
0.00011428340280335517
0.0004219914850598093
0.00023749664603456508
-0.0009337606475170654
0.0006380564737360897
-0.00024227387524285203
-0.0011515580634805617
-0.0008151648562930493
0.00045281517223186594
-0.0015986688744791728
-0.00044783835096478376
0.0006513691549511462
0.0006800483761920053
-0.0013052216230674126
0.001289977037039151
0.000011792785093295218
-0.0020056330562266515
-0.001964711946883062
0.00012824935960205775
-0.0028943580421377786
-0.0010863390544977515
0.0010357005711986338
0.0012878009278183414
-0.001994612953497452
0.002140235423418358
0.00007970544093173829
-0.003271596334082185
-0.0034514900626387473
-0.0001224213804066664
-0.004782292832477756
-0.0023700037705006558
0.0009965030601380293
0.0021653876752848627
-0.002138912720023411
0.003365627900195956
0.00019422362873275213
-0.004627111810704236
-0.005773970506653149
-0.0010505878242513878
-0.007745253503914393
-0.003992652558448247
0.0015988267952234448
0.0026723035582059767
-0.004460970334703403
0.004576454538267578
0.0008111745845983531
-0.007572885488855373
-0.010242196005423563
-0.0017402316069356405
-0.012066822040528205
-0.006876665949557434
0.0015689355837477576
0.004552252795505391
-0.006554017697844254
0.007271141944672394
0.00031819884047462317
-0.013121349411864644
-0.017295748664664424
-0.005279713355884139
-0.022394102444108797
-0.012833641565219354
0.001657615349351951
0.006608991006844133
-0.012833468767526
0.012637088416196691
0.0006442700623424386
-0.02504626663910089
-0.0332789320761736
-0.01084905554767378
-0.04528198605514508
-0.0253633444733061
-0.0003841303999371405
0.012421866267505162
-0.031332260352974164
0.02512808739223136
0.005300136117931157
-0.06984516623701076
-0.0983119593247591
-0.035361615136179025
-0.13772849083848362
-0.08847570801351842
-0.0052175269221265905
0.045623462233725744
-0.15000707070795216
0.09234882231648649
-0.008043814430471535
-0.5315632316380339
-0.6774854427380727
-0.3666637404165801
-1.9128604898480335
-1.8811421100880672
-0.37902255965381765
59.17838794589159
-2.951279100065343
2.390586340334726
-0.15300769860520705
-0.7285578571358343
-0.773783968626122
-0.31669534327980176
-0.36934000011432905
-0.21180429892550892
-0.04512365651218272
-0.0051888591062450055
-0.07092537132312844
0.019043694661304098
-0.020343997664634475
-0.059162288102926175
-0.07145014220180915
-0.03510962836379223
-0.04045143578036474
-0.03306609546657807
-0.013211605581010831
-0.005441975097399545
-0.017058137323750902
-0.003734184316196037
-0.008145234217504616
-0.014530275477470316
-0.017726458269750774
-0.012546410809248933
-0.009276154393968793
-0.01230505122678085
-0.007837053614791553
-0.005291385048492648
-0.006082517444521037
-0.005573112420411498
-0.004354223586212313
-0.004175014123971593
-0.004969692967740066
-0.006452815108367932
-0.0016405347427479809
-0.0037375700235150137
-0.0054236349379791875
-0.004237698145306824
-0.000873316325581137
-0.005849540977738337
-0.003389266727317354
-0.0003425379024547871
-0.000985599533300774
-0.003954662941406329
0.002260342974585777
-0.0012474636067251648
-0.004232955257448385
-0.004014298884790478
-0.00020304300429203447
-0.0055348918537513345
-0.0021919068647057055
0.0014666856828104552
0.0006845069148176634
-0.0028300072116132307
0.0031920819584726873
-0.00028264011010154986
-0.0035362975242248067
-0.003527121281040897
0.00046555490556797057
-0.004924875765741955
-0.0018635276992470938
0.002426277033722299
0.0015742349325501006
-0.0019301439468565682
0.0044182637209632235
0.0002351084901386494
-0.002957864495660138
-0.003328594828972613
0.0014901342924497527
-0.005746970799576209
-0.0019687248329916464
0.0031889727899492293
0.0015167361309434684
-0.0010673042632188458
0.004264877951315393
0.00026240761276084183
-0.0012507456791886105
-0.0018475904950569985
-0.0018437023316456417
-0.0014291729367599314
-0.0004523903996297879
0.001570149101258887
0.005516904275761173
-0.009337866934083788
0.002827368561459488
0.0012017772966180034
-0.0031431084888232787
-0.002879027629151772
0.0005099404540165591
-0.0035544950462404676
-0.0013562941236551758
0.001669304564673722
0.002882871071369092
-0.0013722801267430397
0.0028745346037637866
0.001075301909878846
-0.002570207106957685
-0.0032846160738394235
-0.000014994956449269248
-0.0037124014500226937
-0.001791327658589303
0.0011686892561823922
0.002350904810757367
-0.0009808924545407424
0.00251897637629055
0.0010426621166783813
-0.002179992148491763
-0.0030189027711248
-0.00036551334968528126
-0.0034538464501119573
-0.0018554869864651124
0.0010217858567355977
0.002397039113302816
-0.0002823334247602302
0.002495959823374228
0.0013291682152443798
-0.0019002957474326169
-0.0030712932495275103
-0.0006268335664447064
-0.0033307128714366416
-0.002009694214193742
0.0008548947067997672
0.0023336974474524592
-0.00006575653306771445
0.0023792233496185682
0.0013786472529850697
-0.0017050294195947295
-0.0030672980937474716
-0.0007372130179399949
-0.003180152195747025
-0.0020643843587375673
0.000718822068705922
0.00229082859497657
0.00004894499441500302
0.0023346824935371636
0.0013911489095589245
-0.001513838334602184
-0.002946275336870951
-0.001009171458085311
-0.003025955741794944
-0.002045727954176692
0.0006863502522393395
0.0021316115184407593
-0.000035325475809834266
0.002078753024752239
0.0013970347829656462
-0.0014684749714391043
-0.0028611373612196403
-0.001134274694618022
-0.0028802796579436934
-0.0020148447014215927
0.000443897022291209
0.0019727714004909506
0.0001285374028180594
0.0019826908615686433
0.0013768345471018525
-0.0013672655491377972
-0.0028571934863350907
-0.0010862275402767929
-0.002779030952215604
-0.002167229786567077
0.000454458749868354
0.001848833907012495
0.0003625236482112221
0.0018303345490640695
0.001290758283180864
-0.0011317149326772614
-0.002741266483216025
-0.0010442584365689509
-0.002725761751205843
-0.00212845757738866
0.00025303620085968576
0.001966642310163989
0.00029939109787049885
0.001804574835097204
0.0013469745746805617
-0.001096824505796169
-0.0027508974701846594
-0.0011584299599592728
-0.0025071149307156516
-0.0021329818394351927
0.00030783289773186824
0.0018280803151482516
0.00040985211523095357
0.00163481031088086
0.001403731517923837
-0.0010477487807868365
-0.0023510630122209773
-0.001169491552480984
-0.0024228548246661434
-0.0020620831295407958
0.00028331193352272636
0.001809024994320198
0.00038496254003915275
0.0016926896157145007
0.0013975861393844726
-0.0008968379853951165
-0.0027363234133041424
-0.0012304517566468747
-0.002224265318723304
-0.0019034898642810983
0.0003004393148479803
0.0019867332264383443
0.0006488118717835036
0.00192483722753396
0.0016142344469031239
-0.0008981756015025356
-0.0025658731677108454
-0.0010751600324264616
-0.002211521081034111
-0.0018978222053007044
0.00033725487177381416
0.002034976860302882
0.0008809491415654853
0.0017584295404184122
0.001560797625615046
-0.0007643269748509083
-0.002569997554142773
-0.0015063317561864206
-0.0022814382934125137
-0.0019531107433008663
0.00025494666278851557
0.002070914956555238
0.0010983010663258008
0.0020893732959291205
0.00175453601276919
-0.00048442279054175476
-0.0026354552186514447
-0.0012512378874365887
-0.0021859382785199945
-0.0022090042430192545
0.0006053998678419955
0.002513805155088731
0.0015693880824312594
0.0018365234208801223
0.0021770775284057488
-0.0005558772344328763
-0.0027728972183610873
-0.0011895399785081424
-0.001972063871251125
-0.0021688714462333994
0.00022310547713033565
0.002339807688803853
0.001109335811488092
0.0012217305725487175
0.001829004520891616
-0.0005293792316304473
-0.002468018941587748
-0.001399594125080982
-0.0019282490765730167
-0.0020735109055154237
0.00015550221326972189
0.002190061348198193
0.001122594504516969
0.001619329970598344
0.0015082184688045674
-0.0005532642886747433
-0.002250761741831757
-0.0014400305393560099
-0.0018612017748139435
-0.0020027114772624872
0.00019927890512171588
0.0022419642103425454
0.0010629607892114516
0.0017296894676490638
0.001745238169724784
-0.0003701058081384566
-0.0024077136534635182
-0.0014187009051701582
-0.0019708831252557182
-0.0019667150557803065
0.00004740324856949565
0.0023352656727496915
0.0015394756564580325
0.001821473026628569
0.002159942646410494
-0.0003058685651122535
-0.002256205054273067
-0.001404731917906482
-0.001805233882808034
-0.002012998750827518
0.00016654186652311208
0.001986317345468848
0.0011375866716285415
0.001996489114702958
0.0020725050985194488
-0.0005849722433513058
-0.002234309213837389
-0.0013968752212666742
-0.0021915855997886985
-0.0019406528142977084
0.0003679950893200707
0.0020316502374380374
0.0011208636300798715
0.0019546284788351945
0.0018831179851938064
-0.0005852261881936986
-0.002340311411877926
-0.0010082706567500436
-0.0017626358217899423
-0.0017410401885711625
0.0004063239423840659
0.0022212982340113962
0.0009514187250131711
0.001877579866481053
0.002068357719953111
-0.0005239749502194339
-0.002469113926506578
-0.0012079771383487667
-0.0018116258917180053
-0.0018963440743182168
0.00040342963791200817
0.0021098324179577113
0.0009394598956142998
0.0018931935889022762
0.0016060259444136717
-0.0005778194455124036
-0.0022901986197915447
-0.0011993430481251123
-0.002045963151457709
-0.0020200115671063206
0.0004785528537709172
0.0021702840669948304
0.0011278406637726887
0.001791385566487456
0.0015867484005656432
-0.0004597882819225331
-0.0023452197517970378
-0.0012255336812806103
-0.0019855551764921
-0.0018621652711326693
0.0003930963569871705
0.0022461436766213184
0.0012666411001483334
0.00190554689005994
0.0017816260506508144
-0.00047261499463851033
-0.0020435852424075017
-0.0014059255141590436
-0.0018799715244320273
-0.002052132936085173
0.00032793230290548706
0.002054812493132111
0.0010916397393655065
0.0017015135444727945
0.0019266315395584047
-0.0004901995104573138
-0.0021601161261199046
-0.001113347063486688
-0.001977706518605216
-0.0018229044538907628
0.0002605078714213808
0.002011340071598096
0.0014541690433256943
0.0017353328992984825
0.0018702354002725031
-0.00038892986218480965
-0.0020677622455330317
-0.0011157057966796572
-0.0018475120673263556
-0.001907185956282909
0.00020813209032244452
0.001979703769021891
0.0010621497906076946
0.0016159966397109023
0.0017868520943337028
-0.00017336300043300297
-0.0021127311606986233
-0.0011105875194136483
-0.001543510173435648
-0.0018110878923710003
0.0003514593203114087
0.0018818813677351338
0.0010899664280235976
0.0016548017846813468
0.0017039650515072073
-0.0002866395647971899
-0.0021619002008478588
-0.0013165364290730643
-0.0014200492647737414
-0.00175790320655071
0.00015178826408474423
0.0019363545637120043
0.0012604854861593697
0.001609089818382054
0.0015833619784081127
-0.00029179554296812003
-0.0019709837471153947
-0.001403328546460855
-0.001475423964157128
-0.0017746872654462679
0.00009635259466724463
0.0019598479769315958
0.0009238479378572709
0.0014370503788518343
0.001843479994591187
-0.0003581394160646523
-0.001958959052086452
-0.0010612729967790905
-0.0014797260375259847
-0.0018904300173129545
0.00028563580682783296
0.0021593176997039974
0.0008794049575689619
0.0015483019294985608
0.0017240878454335118
-0.0003685006404755431
-0.0019386513231234876
-0.0011603068236817492
-0.0018351848549436084
-0.0017852340340840415
0.00025708952661073045
0.0017556797630711488
0.0011573367926443817
0.001310717851877719
0.001580632525146786
-0.0003399855801445416
-0.001764040650118053
-0.0012392644799998573
-0.0015985069514901126
-0.0016026409272643877
0.00023426389665750857
0.0019648989019828873
0.0010138498613188854
0.0014177127403294531
0.0014766218688522222
-0.0003887518948974262
-0.0019656506484574715
-0.0011127923547527843
-0.001558193613720538
-0.0016872640046440705
0.00019616559397498797
0.001727423398865806
0.0011466672657290896
0.0014890444079273635
0.001577016007059263
-0.00025004291927375354
-0.0019982810621517267
-0.0011325579312677987
-0.0016148383292523957
-0.0016091908885255478
0.00020814597562666913
0.001829909029997787
0.0010308837275748918
0.0013978089236963305
0.001445787239948423
-0.0003230853021381744
-0.0020434015927306365
-0.00121427752618689
-0.0015833734824234101
-0.0017308265863848942
0.00018398487719894997
0.001688943056037635
0.0010060136733547399
0.0014834296245113264
0.0015226096827547584
-0.00039249602200590826
-0.0020756297346603268
-0.0012579390245153785
-0.0016287517216014482
-0.0015082461866408963
0.00019526091564071022
0.0018619191105870285
0.0011177839659031413
0.001435858777776435
0.0015416077611335286
-0.00029403721314967736
-0.002069381064163385
-0.0012452843129876288
-0.0015385258748384168
-0.001585841124710084
0.00024290404979595724
0.0016618255496094337
0.0010472330145475776
0.0015180445453422922
0.0016365535545961472
-0.0002674945748345954
-0.0019994933998957356
-0.001175353219062533
-0.001686140775439299
-0.0016874927721040767
0.00020009943773363756
0.0018427460436149156
0.000997249526014122
0.001519399220480446
0.001609712817675843
-0.0002546774273795754
-0.001894355298801504
-0.001217839927009806
-0.0016118163081722818
-0.0016977632993397656
0.0002338491162618757
0.0016318531200178097
0.0011664124415267695
0.001479891606801298
0.0016815361822092312
-0.0002644680813280874
-0.002066782758592751
-0.0015565149391135345
-0.0015483706527734467
-0.001679767993464882
0.00016905818616290316
0.0017204499757197751
0.001121867730500761
0.0013600986353493568
0.0016297643200673681
-0.0002758894150988717
-0.0018957112941325413
-0.001148611081657346
-0.0016657060729481966
-0.0017952806925161228
0.00014612999578347062
0.0017960356681195934
0.0011258235415869272
0.0014483006401486153
0.0016416513344423708
-0.0002144079665176759
-0.001960259538252917
-0.0012888234042553687
-0.0015804391298945165
-0.001582876967347569
0.0001567302539502871
0.0018627710193468434
0.0011609157154877424
0.0014421753500961558
0.0016886936817644678
-0.00021258850331436774
-0.0019085382767764475
-0.001053436031733116
-0.0017485802656008354
-0.0018691766166240447
0.00016391867237465697
0.001663160123593664
0.001132550287783242
0.0012811007650788098
0.0015454766817537802
-0.0002334624271611176
-0.002094163666556696
-0.0011967243846513858
-0.0015306571462682225
-0.0018276075411531706
0.00015464940567628345
0.0019783275636016213
0.001071915896614638
0.001376088860418441
0.0017837519329484783