-3.669862069497328e-15
-6.602719212260324e-10
-2.3273564476781648e-8
-3.2389449417641877e-7
-6.793455983953633e-6
-0.00003807967639472731
-6.7508921904870455e-6
-4.110502921997298e-6
-3.361726773707103e-6
-3.090163811345216e-6
-3.0047991693080293e-6
-3.0106331695725345e-6
-3.067952531128273e-6
-3.157337822119685e-6
-3.2682021233310942e-6
-3.3942943083078443e-6
-3.5316920637280097e-6
-3.67781464711352e-6
-3.830898792579027e-6
-3.9897028457621985e-6
-4.15333105675865e-6
-4.321124699185883e-6
-4.492592113452582e-6
-4.667362336675121e-6
-4.845153522938974e-6
-5.025750919725857e-6
-5.208991183801333e-6
-5.394751002421333e-6
-5.582938700426384e-6
-5.77348795769997e-6
-5.966353043857813e-6
-6.161505160949599e-6
-6.358929606921884e-6
-6.5586235550629136e-6
-6.760594301434295e-6
-6.964857871878472e-6
-7.171437908192771e-6
-7.380364773293533e-6
-7.591674829696076e-6
-7.805409856503571e-6
-8.021616577964934e-6
-8.240346282734115e-6
-8.461654517451458e-6
-8.685600841723598e-6
-8.91224863429084e-6
-9.14166494218158e-6
-9.373920366320565e-6
-9.609088978304944e-6
-9.847248264093942e-6
-0.000010088479091163187
-0.00001033286569630903
-0.000010580495691851877
-0.00001083146008838029
-0.000011085853332555094
-0.000011343773358783789
-0.000011605321653810037
-0.000011870603333470262
-0.000012139727231056358
-0.0000124128059968533
-0.00001268995620856449
-0.000012971298492445408
-0.000013256957655058784
-0.000013547062825667536
-0.000013841747609352467
-0.000014141150251022938
-0.00001444541381055206
-0.000014754686349340754
-0.000015069121128680158
-0.000015388876820335674
-0.00001571411772984918
-0.000016045014033106904
-0.000016381742026801807
-0.000016724484393451664
-0.00001707343048174355
-0.0000174287766029977
-0.000017790726344669358
-0.000018159490901819906
-0.000018535289427637325
-0.000018918349404121004
-0.00001930890703415683
-0.000019707207656310766
-0.000020113506183772952
-0.000020528067568982406
-0.000020951167295607675
-0.000021383091899681934
-0.000021824139521814844
-0.000022274620492594602
-0.000022734857953434367
-0.000023205188515295536
-0.00002368596295794569
-0.00002417754697259651
-0.000024680321951010394
-0.00002519468582442788
-0.000025721053955932905
-0.00002625986009018898
-0.0000268115573648062
-0.000027376619387957732
-0.000027955541387283324
-0.000028548841435530883
-0.00002915706175887757
-0.000029780770134411988
-0.000030420561383809827
-0.00003107705897090813
-0.000031750916711556646
-0.0000324428206049209
-0.000033153490796258614
-0.000033883683682142753
-0.00003463419417014109
-0.00003540585810614684
-0.00003619955488380407
-0.00003701621025193049
-0.0000378567993374224
-0.00003872234990285804
-0.00003961394586004202
-0.000040532731062855046
-0.00004147991340528206
-0.00004245676925319079
-0.0000434646482414978
-0.00004450497847181455
-0.00004557927214950334
-0.000046689131703387284
-0.00004783625643627929
-0.00004902244975994129
-0.000050249627074318035
-0.00005151982435789339
-0.00005283520754396119
-0.00005419808276661006
-0.00005561090757045347
-0.00005707630318979039
-0.000058597068016144225
-0.000060176192388310904
-0.00006181687485636624
-0.00006352254009099645
-0.00006529685863232868
-0.00006714376869872874
-0.00006906750030634457
-0.0000710726019851623
-0.00007316397041794636
-0.00007534688337543836
-0.00007762703637601149
-0.00008001058356177971
-0.0000825041833578354
-0.00008511504956873968
-0.00008785100866919776
-0.00009072056416692455
-0.00009373296905881373
-0.00009689830757099589
-0.00010022758757491696
-0.00010373284531165892
-0.00010742726434407313
-0.0001113253110008603
-0.00011544288899185414
-0.00011979751637519695
-0.00012440852866545796
-0.00012929731261242345
-0.00013448757608577834
-0.00014000566061269425
-0.0001458809044861534
-0.00015214606605996975
-0.0001588378189600934
-0.00016599733358567246
-0.00017367096259785086
-0.00018191105229762704
-0.00019077690713909483
-0.00020033594146224933
-0.0002106650613327394
-0.0002218523307853752
-0.00023399899165942178
-0.0002472219257945837
-0.0002616566743060937
-0.00027746116333469614
-0.00029482033241775966
-0.00031395192524835496
-0.00033511379003564487
-0.00035861315816210996
-0.0003848185405312033
-0.00041417512379819817
-0.00044722489859513154
-0.0004846332633400497
-0.000527224606379049
-0.0005760305148280703
-0.0006323560187933968
-0.0006978720383735058
-0.0007747466189063778
-0.0008658347863880668
-0.000974959059414642
-0.0011073338244516231
-0.0012702247422064225
-0.0014740050218629847
-0.0017339077109368953
-0.0020730534405165027
-0.0025279391388107275
-0.0031589762167822688
-0.004072192788520537
-0.005468022009638048
-0.007764128701771711
-0.01195566810188484
-0.020932064562263254
-0.046332566565971206
-0.18178586692069984
-5571.881759227625
-0.17852376538761303
-0.04370730666180461
-0.01905881464008216
-0.010518127279092043
-0.006601763782139593
-0.004493572302740941
-0.0032337408372632593
-0.0024233227244335946
-0.0018726323054558199
-0.0014822257556898648
-0.0011959410929919259
-0.0009801427931189278
-0.0008137058309199637
-0.0006828305727605699
-0.0005781995498356612
-0.0004933416337328426
-0.00042365170689062843
-0.0003657822001262413
-0.0003172537495155977
-0.00027619930893343106
-0.00024119194460424137
-0.00021112647378958836
-0.00018513655703860572
-0.00016253562373548189
-0.0001427741223845962
-0.00012540814458110585
-0.00011007609725566291
-0.0000964811517052912
-0.00008437789365356853
-0.00007356206554705528
-0.00006386261054746357
-0.00005513544767159311
-0.00004725856161170117
-0.00004012810001193638
-0.000033655249317632005
-0.000027763717096302675
-0.000022387690298333053
-0.000017470169643910956
-0.000012961603224278015
-8.81875962132323e-6
-5.003793893928936e-6
-1.4834697362023358e-6
1.7714912332349491e-6
4.7869561687718625e-6
7.585842187340249e-6
0.000010188506941174853
0.000012613080617349784
0.000014875749151248027
0.000016990996644150192
0.000018971813536597983
0.000020829875932339092
0.000022575700532841818
0.000024218778883901885
0.00002576769401762715
0.00002723022206734292
0.000028613421017461578
0.000029923708407897984
0.00003116692952911616
0.000032348417408656714
0.00003347304569392952
0.00003454527537223116
0.000035569196131606356
0.00003654856305074132
0.00003748682920861225
0.000038387174722387055
0.000039252532652150295
0.00004008561215173377
0.000040888919194347725
0.00004166477515845057
0.00004241533352236024
0.000043142594884243944
0.000043848420496893406
0.000044534544483061805
0.0000452025848768366
0.00004585405361885115
0.000046490365617895535
0.000047112846978197246
0.00004772274248004978
0.00004832122239141381
0.00004890938867929049
0.000049488280681934405
0.00005005888029623847
0.000050622116728660426
0.00005117887085286092
0.00005172997921258336
0.00005227623770431073
0.00005281840497056867
0.00005335720553166571
0.000053893332680771854
0.000054427451164800905
0.00005496019967133828
0.00005549219313987715
0.000056024024913913066
0.00005655626874885364
0.000057089480689351315
0.000057624200828402007
0.00005816095495947562
0.00005870025613194184
0.00005924260611918585
0.00005978849680802723
0.00006033841151734138
0.00006089282625317836
0.0000614522109070963
0.000062017030403949
0.00006258774580489798
0.00006316481537106547
0.00006374869559285748
0.00006433984218970816
0.00006493871108471172
0.00006554575935837084
0.00006616144618550894
0.00006678623375918377
0.00006742058820531613
0.000068064980491626
0.00006871988733435091
0.00006938579210615698
0.00007006318574860561
0.00007075256769248101
0.000071454446789299
0.00007216934225729207
0.0000728977846452186
0.00007364031681736381
0.0000743974949631836
0.00007516988963510783
0.0000759580868181325
0.00007676268903494724
0.00007758431649050017
0.00007842360826004586
0.00007928122352493436
0.00008015784286060172
0.00008105416958146195
0.00008197093114766779
0.00008290888063901198
0.00008386879830155873
0.00008485149317295573
0.00008585780479280454
0.0000868886050048577
0.00008794479985832281
0.00008902733161617082
0.00009013718087866495
0.00009127536883132306
0.00009244295962696844
0.00009364106291236628
0.00009487083651084039
0.00009613348927311689
0.00009743028410972534
0.00009876254121935872
0.00010013164152886246
0.00010153903036185773
0.00010298622135449724
0.00010447480063851081
0.00010600643131349658
0.00010758285823240208
0.00010920591312638391
0.00011087752009762682
0.00011259970151144581
0.00011437458432194901
0.00011620440686887202
0.00011809152618686324
0.00012003842587257466
0.00012204772455946513
0.00012412218505526072
0.00012626472420265264
0.0001284784235300948
0.0001307665407665729
0.00013313252230206987
0.00013558001668423423
0.00013811288925161044
0.00014073523801484683
0.00014345141090974634
0.00014626602456000563
0.0001491839847032888
0.00015221050845209483
0.0001553511485810422
0.00015861182005500162
0.00016199882903842537
0.0001655189046556112
0.0001691792338051356
0.00017298749936986045
0.00017695192220748012
0.00018108130735647896
0.00018538509494948693
0.00018987341639169588
0.00019455715643748852
0.0001994480218855462
0.00020455861771326251
0.00020990253158780604
0.000215494427826308
0.00022135015203484363
0.00022748684783910776
0.00023392308733378832
0.00024067901712845752
0.00024777652216234766
0.00025523940980724287
0.00026309361718726597
0.00027136744512931514
0.00028009182273380616
0.00028930060724149476
0.0002990309246918812
0.0003093235578515762
0.0003202233890731995
0.0003317799071724756
0.0003440477891401999
0.0003570875696083256
0.00037096641355663834
0.0003857590108935915
0.0004015486154196628
0.0004184282554733647
0.00043650214951360036
0.0004558873673249992
0.0004767157868601741
0.0004991364084995236
0.0005233181034365353
0.0005494528919443149
0.0005777598717345677
0.000608489948222522
0.0006419315596274592
0.0006784176437188872
0.0007183341641622487
0.0007621306091146476
0.0008103330018431722
0.0008635601353372386
0.0009225439783966577
0.000988155526088515
0.001061437822039083
0.0011436485224999905
0.0012363152916444776
0.0013413086514731329
0.0014609388732201467
0.0015980864333706459
0.001756380024097328
0.0019404430309781589
0.002156240342755902
0.0024115750771206545
0.0027168141956873722
0.0030859720904110096
0.0035383693376183486
0.004101244236023892
0.004813998550609282
0.005735360815955014
0.006956007206350334
0.008621969547766983
0.010980822362512509
0.014480031820099517
0.019997565438984333
0.02945546622230285
0.047763239642247664
0.09080112007070694
0.2366800415156932
1.615230211342735
4.136668352981814
0.31847427514027626
0.1068258247010213
0.05276366790783143
0.03128718471539832
0.02064507738162896
0.014613908123467328
0.010871763687855472
0.008393001360181177
0.006667839161509586
0.005419729360560172
0.004488150433914432
0.003774763503999112
0.0032166096536694806
0.0027718740706307353
0.0024119089475888077
0.0021165576565530565
0.001871306670509636
0.0016654922675324035
0.0014911382122020228
0.0013421829486409717
0.0012139540131309511
0.0011028032778370915
0.0010058491645829398
0.00092079143711794
0.0008457761342537579
0.0007792957165285146
0.0007201143171739696
0.0006672111386777192
0.0006197371326504587
0.0005769815183236664
0.0005383456679425376
0.0005033225643130451
0.00047148051288284186
0.00044245013101650124
0.0004159138825220855
0.0003915976043037252
0.00036926360359403146
0.00034870500192975637
0.00032974107522162427
0.0003122133945357877
0.00029598261426095625
0.00028092578657203907
0.0002669341059827768
0.0002539110071097224
0.00024177055388104903
0.00023043607030650954
0.00021983897232208388
0.00020991776769450636
0.00020061719694187033
0.00019188749302203635
0.00018368374140994347
0.00017596532532116027
0.00016869544339208028
0.0001618406892139406
0.00015537068383051348
0.00014925775372012036
0.00014347664794917415
0.0001380042891523916
0.00013281955380075268
0.0001279030778914589
0.00012323708475831785
0.0001188052321751272
0.0001145924763244271
0.00011058495054193477
0.0001067698570335167
0.00010313537000511473
0.00009967054885361041
0.00009636526024398038
0.000093210108049964
0.00009019637026587356
0.00008731594210938138
0.00008456128463185794
0.00008192537823644492
0.00007940168057647993
0.00007698408836969335
0.0000746669027182492
0.00007244479757229029
0.000070312791016174
0.0000682662190929245
0.00006630071191420874
0.00006441217183108424
0.00006259675346527271
0.000060850845422307554
0.00005917105352698441
0.00005755418543828662
0.000055997236515886906
0.00005449737682347989
0.000053051939165866404
0.000051658408067116263
0.00005031440960634218
0.00004901770203585632
0.000047766167113802034
0.00004655780208990832
0.00004539071228886573
0.000044263104241062654
0.000043173279315120696
0.00004211962781088427
0.000041100623475298525
0.00004011481840702964
0.00003916083831873037
0.00003823737812863542
0.0000373431978556526
0.000036477118794372224
0.00003563801994845733
0.00003482483470271666
0.000034036547715831976
0.00003327219201722985
0.00003253084629295682
0.00003181163234667229
0.000031113712723001
0.000030436288481529532
0.000029778597110661787
0.000029139910571418573
0.00002851953346203894
0.000027916801294961514
0.000027331078878419194
0.00002676175879547069
0.000026208259973849025
0.00002567002634050166
0.000025146525555158173
0.000024637247817686
0.000024141704744375367
0.000023659428308657636
0.000023189969842082363
0.00002273289909168227
0.000022287803330131764
0.000021854286515357946
0.000021431968496501362
0.00002102048426333917
0.00002061948323648082
0.000020228628595839077
0.00001984759664504012
0.00001947607620960302
0.000019113768066861168
0.00001876038440573333
0.000018415648314580032
0.000018079293295494934
0.000017751062803490042
0.000017430709809133207
0.000017117996383289453
0.000016812693302704188
0.000016514579675246553
0.000016223442583704983
0.000015939076747098834
0.000015661284198530955
0.000015389873978670218
0.00001512466184400639
0.000014865469989072709
0.000014612126781881219
0.000014364466511860461
0.000014122329149627982
0.000013885560117969694
0.000013654010073435638
0.00001342753469799594
0.000013205994500233292
0.000012989254625578604
0.00001277718467512598
0.000012569658532587232
0.00001236655419897385
0.000012167753634616371
0.000011973142608152899
0.000011782610552139652
0.000011596050424954941
0.000011413358578687683
0.000011234434632716009
0.000011059181352700483
0.000010887504534728486
0.000010719312894363216
0.000010554517960362044
0.00001039303397284234
0.00001023477778568439
0.000010079668772972444
9.927628739284954e-6
9.778581833655012e-6
9.632454467031367e-6
9.489175233079478e-6
9.348674832169079e-6
9.210885998404329e-6
9.075743429558113e-6
8.943183719780722e-6
8.8131452949579e-6
8.685568350601363e-6
8.560394792158796e-6
8.437568177637413e-6
8.317033662439755e-6
8.198737946315039e-6
8.082629222334682e-6
7.968657127804444e-6
7.856772697030782e-6
7.746928315861254e-6
7.639077677925005e-6
7.533175742500064e-6
7.4291786939405145e-6
7.327043902597296e-6
7.226729887170862e-6
7.128196278436858e-6
7.031403784287198e-6
6.936314156033918e-6
6.842890155923361e-6
6.751095525811935e-6
6.6608949569565034e-6
6.572254060874621e-6
6.485139341231793e-6
6.399518166714929e-6
6.31535874485266e-6
6.2326300967455645e-6
6.151302032670407e-6
6.07134512852429e-6
5.992730703075768e-6
5.915430795992216e-6
5.839418146613297e-6
5.764666173441592e-6
5.691148954323647e-6
5.618841207294717e-6
5.547718272062354e-6
5.477756092104558e-6
5.408931197359698e-6
5.341220687485958e-6
5.274602215669306e-6
5.20905397295923e-6
5.144554673113736e-6
5.081083537933753e-6
5.018620283070085e-6
4.957145104285116e-6
4.896638664153172e-6
4.837082079183434e-6
4.7784569073504655e-6
4.720745136017709e-6
4.663929170239883e-6
4.607991821431129e-6
4.552916296385587e-6
4.498686186638369e-6
4.445285458154972e-6
4.392698441337397e-6
4.340909821336468e-6
4.2899046286591946e-6
4.2396682300617195e-6
4.190186319717242e-6
4.141444910650351e-6
4.0934303264280605e-6
4.046129193099277e-6
3.99952843137406e-6
3.95361524903476e-6
3.908377133571273e-6
3.863801845032879e-6
3.819877409089477e-6
3.776592110295359e-6
3.733934485548851e-6
3.691893317741205e-6
3.65045762958894e-6
3.60961667764317e-6
3.569359946470743e-6
3.529677143001019e-6
3.490558191033519e-6
3.4519932259008657e-6
3.413972589282438e-6
3.376486824163521e-6
3.3395266699356733e-6
3.303083057633755e-6
3.267147105305234e-6
3.2317101135077116e-6
3.196763560930622e-6
3.162299100137387e-6
3.128308553423874e-6
3.094783908790175e-6
3.06171731602172e-6
3.0291010828765515e-6
2.9969276713755907e-6
2.965189694192582e-6
2.9338799111409315e-6
2.902991225754224e-6
2.8725166819578116e-6
2.842449460828689e-6
2.812782877441012e-6
2.7835103777945927e-6
2.754625535824119e-6
2.726122050486533e-6
2.697993742924389e-6
2.670234553702791e-6
2.6428385401179853e-6
2.6157998735752686e-6
2.5891128370344384e-6
2.5627718225206283e-6
2.5367713286986647e-6
2.511105958509377e-6
2.485770416865601e-6
2.460759508406623e-6
2.436068135309195e-6
2.4116912951534904e-6
2.387624078842463e-6
2.363861668573248e-6
2.340399335858902e-6
2.317232439599235e-6
2.294356424199304e-6
2.2717668177343126e-6
2.249459230159468e-6
2.2274293515637524e-6
2.2056729504662068e-6
2.184185872153726e-6
2.1629640370590985e-6
2.142003439178274e-6
2.1213001445257292e-6
2.100850289626961e-6
2.0806500800470417e-6
2.060695788954302e-6
2.0409837557181735e-6
2.0215103845403177e-6
2.0022721431180876e-6
1.983265561339492e-6
1.9644872300088757e-6
1.945933799602386e-6
1.9276019790525546e-6
1.909488534561184e-6
1.891590288439743e-6
1.873904117976672e-6
1.8564269543307745e-6
1.839155781450084e-6
1.8220876350155444e-6
1.8052196014088193e-6
1.7885488167036743e-6
1.7720724656802722e-6
1.7557877808617956e-6
1.7396920415728796e-6
1.7237825730192445e-6
1.7080567453880077e-6
1.6925119729681537e-6
1.6771457132906694e-6
1.661955466287803e-6
1.6469387734710585e-6
1.6320932171272824e-6
1.6174164195326477e-6
1.6029060421838494e-6
1.5885597850461938e-6
1.5743753858182034e-6
1.5603506192122095e-6
1.5464832962506774e-6
1.5327712635777682e-6
1.519212402785805e-6
1.505804629756315e-6
1.492545894015242e-6
1.479434178101979e-6
1.4664674969519646e-6
1.4536438972924265e-6
1.4409614570509906e-6
1.428418284776883e-6
1.4160125190743526e-6
1.4037423280480937e-6
1.391605908760322e-6
1.379601486699273e-6
1.367727315258842e-6
1.3559816752290842e-6
1.3443628742973238e-6
1.3328692465596686e-6
1.3214991520426118e-6
1.3102509762345373e-6
1.2991231296268846e-6
1.2881140472647702e-6
1.2772221883067763e-6
1.2664460355938002e-6
1.255784095226661e-6
1.245234896152315e-6
1.234796989758486e-6
1.2244689494764552e-6
1.2142493703919445e-6
1.204136868863758e-6
1.1941300821501366e-6
1.1842276680425893e-6
1.1744283045070165e-6
1.1647306893320307e-6
1.1551335397842284e-6
1.1456355922703333e-6
1.1362356020059883e-6
1.1269323426911276e-6
1.1177246061916768e-6
1.108611202227585e-6
1.0995909580668883e-6
1.090662718225788e-6
1.0818253441745894e-6
1.0730777140493028e-6
1.0644187223689058e-6
1.055847279758023e-6
1.0473623126749728e-6
1.0389627631450542e-6
1.0306475884989555e-6
1.0224157611161643e-6
1.0142662681732864e-6
1.0061981113971687e-6
9.982103068227063e-7
9.903018845552472e-7
9.82471888537496e-7
9.747193763208092e-7
9.670434188408358e-7
9.594431001972928e-7
9.519175174379734e-7
9.444657803467069e-7
9.370870112353186e-7
9.297803447394483e-7
9.225449276181693e-7
9.153799185573091e-7
9.082844879764135e-7
9.012578178392605e-7
8.942991014678684e-7
8.874075433599154e-7
8.805823590095084e-7
8.738227747311928e-7
8.671280274872295e-7
8.604973647179617e-7
8.539300441752759e-7
8.474253337590872e-7
8.40982511356756e-7
8.346008646854229e-7
8.282796911371613e-7
8.220182976269159e-7
8.158160004431523e-7
8.096721251011812e-7
8.035860061991041e-7
7.975569872762993e-7
7.91584420674438e-7
7.856676674009425e-7
7.798060969948677e-7
7.739990873951425e-7
7.682460248111321e-7
7.625463035954526e-7
7.56899326119036e-7
7.513045026483597e-7
7.457612512248247e-7
7.402689975462194e-7
7.348271748502646e-7
7.294352238001382e-7
7.240925923720096e-7
7.187987357444996e-7
7.135531161900422e-7
7.083552029681039e-7
7.032044722202466e-7
6.981004068669703e-7
6.930424965063298e-7
6.880302373142591e-7
6.830631319465944e-7
6.781406894427692e-7
6.732624251311266e-7
6.68427860535813e-7
6.636365232852881e-7
6.588879470223149e-7
6.541816713154921e-7
6.495172415722692e-7
6.448942089533897e-7
6.403121302887877e-7
6.357705679948611e-7
6.312690899931249e-7
6.268072696302256e-7
6.223846855992469e-7
6.180009218623435e-7
6.136555675746277e-7
6.093482170093173e-7
6.050784694841041e-7
6.008459292887311e-7
5.966502056137509e-7
5.924909124804342e-7
5.883676686718422e-7
5.842800976649893e-7
5.802278275641215e-7
5.762104910350639e-7
5.722277252406431e-7
5.682791717771248e-7
5.643644766116908e-7
5.604832900209032e-7
5.566352665301787e-7
5.528200648541946e-7
5.490373478382758e-7
5.452867824006897e-7
5.41568039475874e-7
5.378807939585578e-7
5.342247246487594e-7
5.305995141976651e-7
5.27004849054349e-7
5.234404194133393e-7
5.199059191629963e-7
5.164010458347087e-7
5.129255005528796e-7
5.094789879856926e-7
5.060612162966386e-7
5.02671897096815e-7
4.993107453979359e-7
4.95977479566091e-7
4.926718212762166e-7
4.893934954672551e-7
4.86142230298026e-7
4.82917757103744e-7
4.797198103532404e-7
4.765481276068124e-7
4.734024494747223e-7
4.7028251957633644e-7
4.6718808449987504e-7
4.6411889376278616e-7
4.610746997727057e-7
4.5805525778901936e-7
4.5506032588500195e-7
4.5208966491052544e-7
4.491430384553257e-7
4.4622021281283024e-7
4.433209569445177e-7
4.4044504244481895e-7
4.375922435065363e-7
4.347623368867802e-7
4.319551018734142e-7
4.2917032025199714e-7
4.264077762732127e-7
4.236672566207894e-7
4.2094855037988676e-7
4.182514490059467e-7
4.1557574629400624e-7
4.129212383484667e-7
4.1028772355329685e-7
4.0767500254267605e-7
4.050828781720663e-7
4.025111554897102e-7
3.999596417085363e-7
3.974281461784737e-7
3.9491648035918213e-7
3.9242445779315475e-7
3.8995189407922787e-7
3.8749860684646064e-7
3.8506441572840806e-7
3.826491423377371e-7
3.8025261024123543e-7
3.7787464493515984e-7
3.7551507382094156e-7
3.731737261812498e-7
3.7085043315637144e-7
3.685450277209561e-7
3.662573446610721e-7
3.639872205515892e-7
3.617344937338955e-7
3.5949900429391196e-7
3.572805940404249e-7
3.550791064837309e-7
3.52894386814563e-7
3.507262818833335e-7
3.4857464017965405e-7
3.4643931181214865e-7
3.443201484885455e-7
3.4221700349604545e-7
3.401297316819661e-7
3.38058189434657e-7
3.3600223466467527e-7
3.3396172678622146e-7
3.3193652669883547e-7
3.299264967693416e-7