0.3333337764661128
0.33334560549614584
0.33339098257676086
0.3338091826311916
0.33351542456650746
0.3335750091141289
0.33356113204822907
0.33369749489430794
0.3335666826584155
0.33402136830160134
0.3343441878885827
0.3346805182970049
0.33499153856696146
0.3352818317671016
0.3355433936024791
0.33557213506126155
0.33560753203933524
0.3360495666392593
0.336425704706691
0.3364960264431239
0.33746014025722526
0.3383707463645709
0.3386649990064112
0.3392949696033766
0.3398449449645688
0.3395992406474158
0.3394688096009431
0.34024935042707266
0.3406278717196286
0.34107859425688797
0.3427257529957378
0.34415358231920107
0.3445494443940574
0.34541913452942374
0.3462989171844451
0.345839072692399
0.3457093225673932
0.3467447326181954
0.3472545366662771
0.3479749373347084
0.35021343489348566
0.3522807443352218
0.35268899354629263
0.35396509622216127
0.3551428253086038
0.3545235677564307
0.3541326876983805
0.35564472456932256
0.35647146528243545
0.3574261028461623
0.36026107339114455
0.3629951417822507
0.36362667754573447
0.3652197637554707
0.3666890524342404
0.3658779782131322
0.3654137175125109
0.3673883425088753
0.3683521379933021
0.3695659330402474
0.37326960893354416
0.3769005883134608
0.37750036946605214
0.3795712307595408
0.3813840749482034
0.38041441926996133
0.3797688313601471
0.38239472625600046
0.38358953047131805
0.3849955564633611
0.3896775231481272
0.3940926044425136
0.39498871235087685
0.39741529010719756
0.3998377073905959
0.39872388240870843
0.39789484529335256
0.401004566809736
0.40259364799131314
0.4044982211859718
0.4102458087921467
0.4156859885269991
0.41691566118200873
0.4200783322120577
0.42283693348495405
0.42155907386409724
0.42053093171048733
0.42462167511307997
0.42650963079567195
0.428803989711493
0.4358653589704546
0.44285868052457733
0.4441973598640084
0.44808922836574644
0.4518927459107059
0.4501634040196333
0.4489634442729381
0.4539644611123538
0.45635931252330075
0.4589781484566549
0.4681651977224209
0.4766973304779429
0.478770724796592
0.4835485220967896
0.48818087184260706
0.4862061275448454
0.48478037641347316
0.4909183238508088
0.49408344836161033
0.49758964607278633
0.5089768403311075
0.5198222343223327
0.5224925491686997
0.5284984057050195
0.5345542897402253
0.5322311045145773
0.5304348235346028
0.5383041013479594
0.5425779296140292
0.5467902424884367
0.5615265382176029
0.5753479739358355
0.5790853295993948
0.5868576975829214
0.5950035555688518
0.5922417130214324
0.589810715131626
0.5999480708926158
0.6059099911478859
0.6114574658785565
0.6306008485535055
0.6493192987081763
0.6545765337909223
0.6647564359833686
0.6757932150859968
0.6724614961162106
0.6690000809042703
0.6827075732537277
0.6911048418839694
0.6982971372430337
0.7246574388619097
0.7499709409205283
0.7580079887908823
0.7722736459971605
0.7876949123891644
0.7837889231388467
0.7793585579600328
0.798045868608386
0.8104897754833479
0.8200818694901564
0.8583368458783395
0.8948662583011974
0.9077849306746663
0.9285986329879061
0.95227116429414
0.9472099481538446
0.9403940731541701
0.9692910290181248
0.9879371918338958
1.0010402657909254
1.0610381408720293
1.1172039981911965
1.1394302153428255
1.1762638286265628
1.2133687579757642
1.2091573286200776
1.196115045830774
1.2470783023141983
1.2781005979616353
1.2857339643274939
1.4076874439731917
1.4925974739925707
1.5362431606570883
1.6575447369058343
1.6810635022996627
1.7118292893507487
1.7441925718175828
1.7764700856307738
1.8634802489164939
1.9263103146480074
2.03946007082849
2.455340229091813
2.332564104553115
2.5113166907100033
2.8207181361586433
2.7407963748835487
2.737913841287056
2.8857663834231477
3.2447521463556597
3.449986193666099
4.0249050125393575
5.408280042522069
5.727718444241825
6.21911625920702
8.618704337279025
7.951239665566103
7.972735366640239
9.128358813192174
13.0322077615263
19.51728390423329
6.144501662781029
-17.658036058377427
-11.140723186088342
-10.460227356139608
-8.011567557715784
-7.77587210237876
-8.4488771481631
-6.903273386814892
-5.507470269504662
-5.259398702581459
-4.215119981416941
-3.4152536196960717
-3.161953379802503
-3.057523626606789
-2.747032671217956
-2.7361875221856953
-2.790707215299847
-2.620118152456794
-2.3861194156213514
-2.3330535221185005
-2.108618577088541
-1.890778222827285
-1.8032601723431174
-1.7754539561273908
-1.6659307242556738
-1.6581378798109112
-1.676298501818679
-1.6211502942565215
-1.5243160667020637
-1.5044156112412133
-1.4111860517666512
-1.3140474238061561
-1.2688286263125823
-1.2579080879922437
-1.204036099001417
-1.1964860997921627
-1.203133622264509
-1.178007181601518
-1.124422354495262
-1.1149343158138916
-1.066861550316342
-1.0125852267166862
-0.9859101276167556
-0.9802909762128832
-0.9455274985717407
-0.9399692550533408
-0.9443014496784307
-0.9303325270797725
-0.8967413362086485
-0.8919472847553941
-0.8631310514410099
-0.829830147215954
-0.8092802926118096
-0.8086838394591135
-0.7855197799255699
-0.7807241782560209
-0.7828697425412922
-0.7748606353815346
-0.7508001062229189
-0.7485284313496079
-0.7297730538827162
-0.7067376565721938
-0.6925003289957689
-0.6922577273215935
-0.6756059763461897
-0.6718199051509838
-0.6731453509355272
-0.6679678037466497
-0.6506974127328584
-0.6490228239273594
-0.6367989304543199
-0.6200075076853873
-0.6094536356688623
-0.6101373765055631
-0.5978336550068059
-0.594293666240078
-0.5952840035301693
-0.5917134571643097
-0.5788833706947095
-0.5781992378993674
-0.5694855634336787
-0.5574998016827934
-0.5493326407740688
-0.5503139461077072
-0.5406534449208303
-0.5374458304297111
-0.5380605208242861
-0.5359218336700489
-0.5256522119619894
-0.5257299228076163
-0.5195743313084615
-0.5100693336272222
-0.5034813347574042
-0.5048703174908933
-0.4972523580750783
-0.4949296603054601
-0.4954111929055268
-0.49429841588439083
-0.4860427953526728
-0.48629013599081844
-0.4817234574291451
-0.47473563492282067
-0.46976846885682555
-0.4706636770003391
-0.4646787452853449
-0.4629420591276846
-0.46336117429092816
-0.4627922376001371
-0.45623061745983323
-0.45668782067128666
-0.45347257672777336
-0.448176855290179
-0.44444596133833997
-0.4454180154729671
-0.44085753601760874
-0.43937899138797887
-0.43976276323694047
-0.43960870616545294
-0.43437429268845185
-0.4350990991281368
-0.4328910918334133
-0.42893100530281114
-0.4263750579987073
-0.4270505222530077
-0.42380303569078315
-0.42274655558468044
-0.4229776773014677
-0.4232462384561376
-0.4190854845354272
-0.42025759341258523
-0.41882227426625696
-0.4160628583375647
-0.4147142153796924
-0.4134396003218725
-0.4128959739277447
-0.4124519260663386
-0.4120728264572316
-0.4117450650135588
-0.4110738607365639
-0.41076100281511324
-0.41041854702284863
-0.409842140186976
-0.4025953089517212
-0.40904786290260725
-0.4080036476000505
-0.4073770318804247
-0.4079318243324831
-0.40838928224874665
-0.4072365432563527
-0.40773755428491143
-0.40806401756275873
-0.40815956502958306
-0.4077034643452631
-0.40865963610626843
-0.40879753385191336
-0.40861506358509786
-0.4088365146479845
-0.4095785727618499
-0.40980662144298535
-0.410409349599004
-0.41157369720584874
-0.4129731126809807
-0.4139680259418776
-0.41438124136237225
-0.41589516243169355
-0.4162825715667034
-0.4163156405555705
-0.41727058061614425
-0.41917705515572623
-0.4198024164599269
-0.42186825993185023
-0.4248288159406617
-0.4274578049876297
-0.42729403939591465
-0.4305620232564422
-0.43167229151200204
-0.43153596710896014
-0.4328273840991236
-0.4368292708897276
-0.43746962662085376
-0.44072668496235606
-0.4458163149264936
-0.4506199300942731
-0.44959602838830837
-0.45520157348770496
-0.45742237294753735
-0.45723416193851013
-0.45867040939160125
-0.4656463826760005
-0.466263033288888
-0.47087436977587205
-0.4788324292173957
-0.48667596650666384
-0.4848089119212384
-0.4938451781898551
-0.49771898662069003
-0.49740415135351296
-0.49918373196609844
-0.5107100457672452
-0.5114550051293489
-0.5187410767057828
-0.5309215277810984
-0.5434087745381102
-0.5399802137686378
-0.5553173702248551
-0.5616103675846152
-0.5614274573537456
-0.5640705270517169
-0.5828045717427851
-0.5834123515780938
-0.5948015524746185
-0.6156181342741854
-0.6372943080807487
-0.6303309675718191
-0.6548708839311905
-0.6669646664699174
-0.6670874599041928
-0.6705023020070239
-0.7040952789278303
-0.7063835827187656
-0.7268602243300935
-0.762886460379577
-0.8011336352033304
-0.7926841877400033
-0.8387657504596512
-0.8616165901703381
-0.8645440271077017
-0.8752415059401449
-0.9384986902622833
-0.9453045731295852
-0.991298635822585
-1.0654143162617358
-1.1608553419572343
-1.1404040550836099
-1.2514950627125923
-1.3168582618006361
-1.3265476407335999
-1.3614209423018429
-1.5409996307623384
-1.5743074611272716
-1.7123071103258376
-2.0041277011139664
-2.3946462160738258
-2.337137210159973
-2.931185738792883
-3.346246192848832
-3.442504175544983
-3.8432484739864865
-5.469791788724084
-6.515581001315432
-11.826644913676509
87.96788400293654
9.487145995237718
10.672297163606853
5.323440886870399
3.982124523932982
3.5804990535140555
3.354183572616224
2.4658565576210347
2.315756248931083
2.0326122716339996
1.7151433910837512
1.4726305866340157
1.453970013193027
1.2786242476832652
1.1776005219298546
1.12535160834841
1.073021820385927
0.9699786814671036
0.9289412505731846
0.8735883387033248
0.8079380608615833
0.7505719592506533
0.7331886957299897
0.687298969756397
0.6528355440341731
0.6293492608049613
0.6064394248304494
0.5730815519156801
0.5537187502570095
0.5305679707761916
0.5072874804405894
0.485134470389818
0.47193784552719614
0.4539809898990444
0.43640432549252456
0.42094855072549325
0.4067342945604608
0.3936740011261842
0.3798476806425394
0.3687195761483043
0.359106705796058
0.34912144638972625
0.33707620687915735
0.32954411407706546
0.3187178803408373
0.30679672256719837
0.29735075680110185
0.2914141151624928
0.28117145837067825
0.27515769132085804
0.2713542818180457
0.2659154311243884
0.25621237301865313
0.2532221739217746
0.2452553586499954
0.23578754021201564
0.22903433129241046
0.22662180871135335
0.21880424426317083
0.2150173104862659
0.21361280586991674
0.21121777512680437
0.2023344440808805
0.20223121287315665
0.19578245065298477
0.18783509046392158
0.18285908176310622
0.18150746887852162
0.17515280797549404
0.17311466126735542
0.17349305374834129
0.17203606376478078
0.16391920012322875
0.16659427408891744
0.1600564061228666
0.15361034324988215
0.1504048964074271
0.1453554821392156
0.14418292626834428
0.1428058704001769
0.14151413430249457
0.14033126884239874
0.13785172068900564
0.13645613809688031
0.13448259987567224
0.1291679063013294
0.11645427765524206
0.126623521643464
0.12064838805387873
0.12001443240803364
0.1219678363253581
0.12208288218807692
0.11604872916697144
0.11673060694550341
0.11444608575016903
0.10920734534232762
0.10404487585589292
0.10810754913123727
0.10305022828732796
0.10191988575134502
0.10398612302554414
0.10475366933907218
0.09906223801418423
0.10029442836197938
0.09855799315125689
0.09405741439189537
0.08987024901255897
0.0933703513943725
0.08888191762152438
0.08777962998614919
0.08982085637952832
0.09107230925283175
0.0854766736754565
0.08725078279477641
0.08599226379929528
0.0819780177377492
0.07771934357690835
0.08175273289184844
0.07745614208703354
0.07628340321855599
0.07820820929826335
0.07989444400939089
0.0743420490498581
0.07638339774919017
0.07561679356515158
0.07202447177041896
0.06786998166858411
0.07203262056547491
0.06786069505830868
0.06675475451136129
0.06869484410068104
0.07066526364649471
0.06519432621907284
0.06752356816508441
0.06694166859416444
0.06355786978576128
0.059844232327291594
0.06390881516171003
0.05988604088844547
0.058956283417989384
0.060786184993327955
0.06263219810248155
0.057589861097879315
0.06000856489764923
0.05972643625389153
0.05646008964646395
0.0529993867927399
0.05697781840865501
0.053215051075110674
0.052258095129459975
0.05413652993267831
0.056328198751586095
0.051243886276786804
0.05370042495295719
0.05337331591360404
0.050597782310046795
0.04708497203996584
0.05117404883034099
0.047714431683498246
0.04658400723613975
0.04843167455055231
0.050605686646952704
0.045803556693570426
0.04818617338734903
0.04802055780213262
0.04548272583610169
0.042037503865192685
0.04598080743098106
0.04273504229852261
0.04159876000198258
0.0435949557616503
0.04578160967035739
0.041042432617436196
0.043454863265141315
0.04358248321670992
0.041104977854429896
0.03798364959797041
0.04189895064598804
0.03856955921906894
0.03763582578527429
0.03931792499307461
0.04154747364141287
0.03712174039065151
0.0393553231688385
0.039410354324230325
0.03722800286986629
0.03407706412758497
0.03811246547428594
0.03503312076066694
0.03387125676429773
0.035645151542274336
0.037853022248357786
0.03338168426156886
0.035781655727589755
0.03613384529508614
0.03383433408274057
0.030871185349773487
0.03471602495699718
0.031871045482201515
0.03061778279767586
0.03239507541673813
0.034892463059652656
0.03005168464272603
0.032638714410630626
0.0332408617081842
0.03103445616815048
0.028036330478847214
0.031959091136183684
0.0289020156194617
0.027962038339765537
0.02957344891391952
0.031852071159125965
0.02759059199626329
0.02996746167795805
0.030535273663634826
0.028541775018803672
0.025254720577817285
0.029238994516133612
0.026276544404075477
0.025316488183293094
0.026909116114272533
0.029592648341122543
0.02489281223557362
0.02742476419896687
0.028126797145250754
0.026184445682546124
0.023141087846236936
0.027386581099623927
0.024059164686605836
0.02303195665269873
0.024458203043146113
0.0271556845371163
0.02274771733801371
0.02555833929193046
0.02617135295880214
0.024054525203707575
0.020797365056729536
0.02514630597362198
0.022160121708490188
0.02073010272223454
0.022514791397447408
0.02560966517415026
0.020716346492571834
0.023346515252394225
0.0242497211599518
0.022219853912294217
0.018836047136162208
0.023291713319714732
0.02053600419134912
0.01914663824595149
0.02083682714367022
0.023385470340406604
0.018702096983873706
0.021499997996469195
0.022662876202605833
0.02057566391757645
0.017469130620538176
0.02154713620116417
0.018996957301555616
0.017588590621230714
0.01916861394559426
0.022034045341530032
0.017304225480661857
0.02007672561150946
0.021077936047478374
0.018988356388019524
0.016189357430445587
0.02026985234892952
0.017432221940628715
0.016057357287078095
0.01761551599533827
0.02027694915074662
0.016164356984662877
0.018641522725293003
0.019692488398180337
0.01785166391703006
0.014439069528083744
0.019213165356770503
0.016190072614438104
0.014664298818747961
0.016525707038091426
0.01923433217620182
0.014858076829732966
0.01753160768754841
0.01851852348840009
0.016438613054899163
0.013436463608799505
0.017824209460351178
0.014701189033582864
0.013507734079824196
0.015432709975189416
0.01821751262109897
0.013516312018347616
0.016391059966972335
0.017072215649820196
0.015357094661027812
0.012360573653528608
0.016540046906112833
0.013709744481705666
0.012894555404921437
0.014287784954316094
0.01703037061760038
0.012760919723955749
0.015271548322024552
0.016198106398742286
0.01409167319323006
0.011278617426234266
0.015477413559784712
0.012581432907550223
0.011459943889317765
0.01339708267234346
0.01625243255968618
0.01191719647803744
0.01437788321318321
0.015208636972663307
0.01327447611022616
0.010293791629506943
0.014561281699926256
0.01178164483705926
0.010821990392797264
0.012491977174462513
0.015211431756666074
0.010820283919332636
0.013495319088774093
0.014373268292645357
0.012480639503517639
0.009644389747549217
0.013877049615958507
0.011114030031019797
0.009884192135489968
0.011507988734739056
0.014294610598590685
0.009947564770770592
0.012758691623756098
0.013408323028871023
0.011812572138230884
0.008514358607452182
0.013095850616533108
0.010199167151944757
0.009342141081664597
0.010866758783925679
0.013818868873110724
0.009176660309964283
0.011931473496305951
0.013043976159102879
0.010960749686483695
0.008106704581160598
0.012307588325133437
0.009460669503113993
0.008490901337830566
0.010268791918928117
0.012728994236550686
0.008497090884901613
0.011289923664689538
0.012420203061161513
0.010369594524277175
0.007367381269933185
0.011853314494375945
0.008961457051115911
0.00811969651850822
0.009507504390312435
0.012173808318084869
0.00799339551225545
0.010427173366768981
0.011367452119453444
0.00975174848080691
0.007247732032428679
0.010864398367111058
0.008484948940581298
0.007426825872413466
0.008880027261902193
0.011396294982324638
0.00763663763416421
0.009863700460188089
0.011082565523099335
0.00947637436738508
0.006819268719435567
0.010563978110247218
0.007809586517837531
0.006926212966297796
0.008307188793975793
0.011048208697574462
0.0071387163063801745
0.009329219880503777
0.010468026624714789
0.008834314422959032
0.006021782156324005
0.010029118140200041
0.007504443089808046
0.0065645516471896405
0.007790167579342439
0.01055608844818266
0.006537348020213005
0.00886573885287116
0.009887533516311825
0.008428142399444526
0.005819385687299894
0.009531344808778975
0.006968697398959097
0.006028941503290915
0.007492923690673587
0.010030373783964404
0.006098184059253724
0.008578494887626254
0.00943857744633505
0.007931383395225543
0.00538697028112065
0.008986931349441457
0.0065422989564959
0.0053394635156755335
0.007010224240793927
0.009556304753236497
0.005358987130314212
0.00814930270993334
0.008858452619158604
0.007302838846083682
0.0049419905885630284
0.008284726021680618
0.00618058072632371
0.005263133961427902
0.006626075227340311
0.008991985142785208
0.005389372590309689
0.00765877557629373
0.00852144332317468
0.007064587798276569
0.00440568554681629
0.008218770638224331
0.005833732628203506
0.004965816279069166
0.006314074537475818
0.008594719869910401
0.00499081544902096
0.007295985723853614
0.008126496905934656
0.006683829530936628
0.003960136636712029
0.007867257161669293
0.005417280613056467
0.0043839330632304795
0.0058840112449351075
0.008396502522325834
0.0045603488210240045
0.006921180329960724
0.007779355060728631
0.006389298395935359
0.0037974366702168407
0.007470299464468479
0.005120619063688356
0.004215151458453193
0.005535074219724936
0.008038395342455191
0.004309397856521535
0.006596157578551204
0.0075141785392200434
0.005950620877104057
0.0035672176043187575
0.007146363857829339
0.00483125587037597
0.003929238176165389
0.005279100718493768
0.007769156798786739
0.004026196747590859
0.0063659241270808825
0.0072006805888604804
0.005761773217279831
0.003167887826873126
0.006921537680650372
0.004517382706730544
0.003491904341211686
0.005005879381695238
0.007456909114147382
0.003777516017750396
0.0060368141270788715
0.006939676088407418
0.0054070196265093235
0.0030583316937025044
0.006682470171452923
0.004238615150419052
0.0033549248334051396
0.004716995330893153
0.007228093658224624
0.0033292658048235777
0.00574276773321908
0.006625492201534126
0.005218063096159844
0.002775405518003568
0.006461336710726444
0.004016803574729796
0.002737676452367901
0.004466115133331386
0.006974814099828064
0.0031114771037943608
0.005540284661105067
0.0064078354951150615
0.004931801299954708
0.0024606549668877314
0.006139916098020096
0.0037652338011310224
0.002907101900209984
0.00419840514236343
0.007041673256916485
0.0029012111487118643
0.005289020002266726
0.006253866243543667
0.004772593716113696
0.002389306816004552
0.0057862047926532665
0.0036193699878125187
0.0027887194005145085
0.0040585764305032255
0.006337021981197454
0.002598907511696769
0.0050915751698354566
0.005895146717374577
0.004620657859143191
0.0021756098440422486
0.0058425229034960394
0.0034651533055535316
0.002526307603921719
0.0038546523613323244
0.006256532244816973
0.0024377310858199395
0.004804912794335882
0.005727417797342207
0.00444614711791904
0.0018323455009171
0.005610459310587761
0.003189162220854458
0.002145505378705941
0.0036402642695298614
0.005906822160778315
0.0020358941443016434
0.004665519767965591
0.005661477431885165
0.004213570808690179
0.001705476390232889
0.005270113217764391
0.0030625662405649634
0.0019329252313500297
0.0033555581253353595
0.005782465686837969
0.0020843336083206823
0.004537683560749827
0.005426929484840476
0.004129257260907369
0.0016017769372742457
0.005388405483156085
0.0028626903079469455