0.33333343916077374
0.33334618145485106
0.3333806794734508
0.33343954454212055
0.3335419056340858
0.3335130954194311
0.33367117092045984
0.33381206419174325
0.3339676681097442
0.334141677930893
0.33433511267959237
0.33454839518556256
0.33478175782151015
0.33503535966502535
0.3353093290724562
0.33560378173577127
0.33591882925834343
0.3362545836038706
0.33661115957952586
0.33698867631405754
0.33738725819215376
0.33780703548100277
0.3382481447762608
0.3387107293391704
0.3391949393668998
0.33970093222163894
0.340228872634438
0.3407789328940883
0.3413512930278617
0.3419461409787411
0.34256367278237654
0.3432040927460883
0.343867613631634
0.3445544568430512
0.34526485262061124
0.3459990402417324
0.3467572682295787
0.3475397945699737
0.34834688693721655
0.3491788229293369
0.35003589031331667
0.35091838728079355
0.3518266227147543
0.3527609164677456
0.35372159965212835
0.3547090149429259
0.35572351689383425
0.356765472266983
0.3578352603770676
0.3589332734504954
0.3600599170002277
0.3612156102170256
0.36240078637785483
0.3636158932722357
0.3648613936473703
0.3661377656729279
0.367445503426413
0.3687851174000962
0.3701571350305408
0.37156210125182026
0.37300057907358114
0.3744731501851754
0.37598041558715745
0.3775229962515158
0.37910153381209144
0.380716691286724
0.3823691538327546
0.38405962953761663
0.38578885024635057
0.3875575724279908
0.38936657808289343
0.39121667569320473
0.39310870121880376
0.3950435191412045
0.3970220235580606
0.39904513933108277
0.4011138232903639
0.4032290654983016
0.40539189057651603
0.4076033590993884
0.40986456905808594
0.4121766573992019
0.41454080164241536
0.4169582215818832
0.41943018107639546
0.42195798993368355
0.424543005894641
0.4271866367236317
0.42989034241149876
0.43265563749836444
0.43548409352382705
0.43837734161272407
0.4413370752052287
0.4443650529407087
0.44746310170548775
0.45063311985541854
0.45387708062502297
0.4571970357358623
0.460595119217795
0.46407355145786733
0.46763464349275224
0.4712808015619479
0.4750145319403475
0.4788384460703242
0.48275526601516755
0.48676783025752585
0.49087909986854317
0.4950921650755753
0.49941025225880153
0.503836731409711
0.5083751240873756
0.5130291119116502
0.5178025456359969
0.5226994548465581
0.5277240583384429
0.532880775224982
0.5381742368410214
0.5436092995072097
0.5491910582287702
0.5549248614094939
0.5608163266697855
0.5668713578665655
0.5730961634228815
0.5794972760862773
0.5860815742475012
0.592856304965173
0.5998291088577654
0.6070080470419443
0.6144016303162015
0.6220188508111303
0.6298692163529825
0.637962787815757
0.6463102197694301
0.6549228047686815
0.6638125216682011
0.6729920883981777
0.6824750196877684
0.6922756902862888
0.7024094043027904
0.7128924713660921
0.7237422904009302
0.7349774419237688
0.746617789886449
0.7586845942401247
0.7712006355594428
0.7841903532617881
0.7976799991838089
0.8116978085433854
0.8262741906272346
0.8414419419113814
0.8572364847548749
0.8736961353197891
0.8908624049793525
0.9087803402014032
0.9274989067616399
0.9470714251818624
0.9675560655419403
0.9890164113301768
1.0115221038374593
1.0351495808453484
1.0599829261080218
1.0861148495122779
1.1136478219855401
1.1426953944256206
1.173383736430576
1.205853438784061
1.2402616339929269
1.2767845023351474
1.3156202477387806
1.3569926495702587
1.4011553246943342
1.4483968712288733
1.4990471143891582
1.553484740109726
1.6121466900232198
1.6755398109035897
1.7442554160249018
1.8189876445290125
1.9005568270572544
1.9899395261080974
2.088307586844715
2.197079517348276
2.3179889921202252
2.453177528055123
2.6053219059045736
2.7778125478117124
2.9750083222445762
3.2026089178756574
3.4682133472248196
3.782182986578524
4.15902224896721
4.619679328690803
5.195571708716369
5.936060284461263
6.923393013943082
8.305567705380383
10.378443454247774
13.831872525195907
20.732860760043643
41.38579123507959
4722.4394254356985
-41.6875385059511
-20.805497381967115
-13.862084879930649
-10.393813399680734
-8.314074524641631
-6.928178939686491
-5.9386101662127215
-5.1966780891444255
-4.619804017959982
-4.158452866525551
-3.7811083289690255
-3.4667627609156866
-3.200874246544176
-2.973056804921669
-2.775694739684841
-2.603076726717568
-2.450835583901179
-2.3155748223541788
-2.1946131516426393
-2.0858056474984417
-1.9874160234109421
-1.8980237430564637
-1.8164553681403874
-1.7417330719087791
-1.673035511236494
-1.609667729512968
-1.5510377486895373
-1.496638177978694
-1.4460316281361298
-1.3988390432476447
-1.3547302911515684
-1.3134165183636073
-1.2746438951742136
-1.2381884646756127
-1.2038518749095963
-1.1714578224007137
-1.1408490724751998
-1.1118849501054908
-1.084439216819215
-1.0583982661052687
-1.033659582934707
-1.010130423373586
-0.987726678455914
-0.9663718930002947
-0.9459964152660753
-0.9265366575372083
-0.9079344511115066
-0.8901364819269622
-0.8730937953048057
-0.8567613601324379
-0.8410976843273469
-0.826064474678519
-0.8116263352038922
-0.7977504990308574
-0.7844065895331457
-0.771566407066971
-0.7592037381626346
-0.7472941844614698
-0.7358150090555009
-0.7247449981995522
-0.7140643366318659
-0.7037544949668866
-0.6937981278189762
-0.6841789814835431
-0.6748818101464449
-0.6658922997173538
-0.6571969984907325
-0.648783253931765
-0.640639154966105
-0.6327534792232535
-0.6251156447454427
-0.6177156657281035
-0.6105441119055925
-0.6035920712376205
-0.5968511155885925
-0.5903132691244949
-0.5839709791805633
-0.5778170893783261
-0.5718448147930197
-0.5660477189923143
-0.5604196927849758
-0.5549549345338584
-0.5496479319016735
-0.5444934449105179
-0.5394864902073926
-0.5346223264379459
-0.5298964406397376
-0.5253045355743475
-0.5208425179249908
-0.5165064872927844
-0.5122927259307533
-0.5081976891599699
-0.5042179964170292
-0.5003504228864233
-0.4965918916753062
-0.49293946649172643
-0.48939034479063287
-0.4859418513549201
-0.48259143228145224
-0.47933664934444686
-0.476175174710829
-0.47310478598419864
-0.47012336155590556
-0.467228876243432
-0.46441939719784037
-0.4616930800634573
-0.4590481653742936
-0.4564829751728905
-0.45399590983839233
-0.4515854451116796
-0.44925012930631353
-0.44698858069494085
-0.4447994850616007
-0.44268159341111546
-0.44063371982745225
-0.4386547394735929
-0.43674358672601893
-0.43489925343752855
-0.43312078732257836
-0.4314072904598724
-0.4297579179073642
-0.42817187642528354
-0.4266484233032068
-0.4251868652875903
-0.42378655760655565
-0.42244690308907146
-0.4211673513760227
-0.41994739822099264
-0.41878658487889553
-0.417684497580918
-0.41664076709453085
-0.41565506836762867
-0.41472712025616304
-0.4138566853349185
-0.4130435697913886
-0.412287623403
-0.4115887395982334
-0.41094685560250865
-0.41036195266999753
-0.4098340564028727
-0.4093632371598146
-0.40894961055596574
-0.408593338056871
-0.4082946276693329
-0.4080537347325134
-0.4078709628130265
-0.4077466647082428
-0.4076812435624799
-0.4076751541012929
-0.4077289039896171
-0.4078430553201097
-0.4080182262386834
-0.40825509271491695
-0.40855439046576497
-0.4089169170418211
-0.40934353408625324
-0.40983516977751233
-0.41039282146794753
-0.41101755853162714
-0.41171052543591374
-0.4124729450527178
-0.41330612222688634
-0.4142114476208288
-0.4151904018563266
-0.4162445599765176
-0.417375596253236
-0.41858528936741546
-0.4198755279929675
-0.4212483168175958
-0.4227057830373938
-0.42425018336579573
-0.4258839116016811
-0.42760950680604076
-0.42942966214185757
-0.4313472344376735
-0.4333652545418264
-0.4354869385416765
-0.43771569993036463
-0.44005516281289714
-0.4425091762537986
-0.4450818298803481
-0.4477774708687469
-0.4506007224556694
-0.4535565041347772
-0.45665005371727135
-0.4598869514577599
-0.4632731464720457
-0.4668149857024362
-0.47051924571937354
-0.4743931676863306
-0.47844449585882537
-0.48268152003902837
-0.48711312246598226
-0.4917488296893444
-0.4965988700533096
-0.5016742375093003
-0.5069867625831327
-0.5125491914480175
-0.5183752742021824
-0.524479863623595
-0.5308790258794498
-0.5375901649112791
-0.5446321625056315
-0.5520255364052646
-0.5597926192287938
-0.5679577614630366
-0.5765475623910592
-0.5855911335440922
-0.5951204001474667
-0.6051704471081962
-0.6157799174139935
-0.6269914724438924
-0.6388523257110299
-0.6514148640752482
-0.6647373736160803
-0.6788848913296528
-0.6939302088492575
-0.70995506081567
-0.727051538778412
-0.7453237821914154
-0.7648900119945674
-0.785884990581142
-0.8084630162262412
-0.8328015925344304
-0.8591059573603921
-0.8876147156001131
-0.9186069030374276
-0.9524109241617729
-0.9894159707873184
-1.0300867637718176
-1.0749828036316007
-1.1247838254030298
-1.1803239229703752
-1.2426379949193391
-1.313026034779261
-1.3931438112042758
-1.4851335041134324
-1.5918164644383705
-1.7169855305138493
-1.8658625395792248
-2.0458412731208946
-2.267747699216499
-2.5480928822211775
-2.9133686082347507
-3.4089311244148117
-4.119428073827897
-5.2231023274213015
-7.170543076872752
-11.526001522608947
-29.94542686415147
47.609943849654385
13.200309488103443
7.614527676212381
5.329352756089932
4.086822880606965
3.306042450648856
2.770035684069893
2.3793562612003973
2.0820015900872253
1.848135052274663
1.659413209808196
1.5039379523562604
1.3736542468396318
1.2629144469996192
1.1676414663476236
1.08481832474976
1.0121646281541998
0.947924709717562
0.8907249156174495
0.8394750658695384
0.793298920149567
0.7514841538824657
0.7134457432616713
0.6786987452186911
0.6468377752882898
0.6175213363186952
0.5904597110301841
0.5654055074118597
0.542146202715072
0.5204982099245943
0.5003021159499056
0.4814188301898762
0.4637264466866208
0.4471176702410341
0.4314976916760257
0.41678242339210914
0.4028970258972587
0.3897746708269108
0.3773554973255318
0.3655857274219861
0.3544169128390583
0.3438052910052418
0.3337112322330838
0.3240987633543002
0.3149351557531694
0.3061905678653788
0.2978377339226361
0.2898516921111085
0.28220954644142743
0.2748902575516867
0.2678744584236626
0.26114429161829417
0.25468326515480705
0.2484761245887924
0.24250873920417104
0.23676800053516325
0.2312417316874828
0.22591860614139544
0.22078807489977445
0.21584030099746676
0.21106610051858304
0.20645688937956758
0.20200463523105686
0.19770181391321295
0.19354136996944668
0.1895166807840351
0.18562152396148782
0.18185004761089227
0.178196743237873
0.17465642098106904
0.17122418695995392
0.16789542252694906
0.16466576523966672
0.1615310913891868
0.15848749993793973
0.15553129773628507
0.15265898590060406
0.14986724724782796
0.14715293469205226
0.14451306051840065
0.1419447864577331
0.13944541449331718
0.13701237833725952
0.1346432355204726
0.132335660045269
0.13008743555446298
0.12789644897511132
0.12576068459887557
0.12367821856441584
0.12164721371033141
0.11966591476994543
0.11773264388174404
0.11584579639155171
0.11400383692456839
0.11220529570725414
0.11044876512071915
0.10873289646880552
0.10705639694542606
0.10541802678697663
0.10381659659679031
0.10225096482962663
0.10072003542515107
0.09922275558021044
0.09775811365050732
0.09632513717299224
0.09492289100095537
0.09355047554439601
0.0922070251088098
0.09089170632603183
0.08960371667124437
0.08834228306068355
0.08710666052497094
0.08589613095335752
0.08471000190450191
0.08354760547970855
0.08240829725483469
0.0812914552673378
0.08019647905517097
0.07912278874446223
0.07806982418311363
0.07703704411764942
0.0760239254108191
0.0750299622976209
0.0740546656775667
0.07309756244114612
0.07215819482858107
0.0712361198190794
0.07033090854891194
0.06944214575673922
0.06856942925471442
0.06771236942397484
0.06687058873322464
0.06604372127918488
0.0652314123477627
0.06443331799486075
0.06364910464580856
0.06287844871246114
0.06212103622706246
0.06137656249202574
0.060644731744830156
0.05992525683727973
0.059217858928412144
0.05852226719038622
0.05783821852671343
0.05716545730223471
0.05650373508427571
0.055852810394446124
0.055212448470576776
0.054582421038314684
0.05396250609192469
0.053352487683866835
0.05275215572274442
0.05216130577923694
0.051579738899653234
0.05100726142675912
0.05044368482755051
0.049888825527661614
0.04934250475211209
0.0488045483721127
0.0482747867576625
0.047753054635685445
0.04723919095346447
0.04673303874714526
0.04623444501509113
0.04574326059588345
0.0452593400507691
0.044782541550368475
0.04431272676546522
0.0438497607617075
0.04339351189805922
0.04294385172884633
0.042500654909251596
0.042063799104116686
0.04163316489991879
0.04120863571979312
0.04079009774147984
0.040377439818079314
0.039970553401503926
0.03956933246852107
0.03917367344928527
0.038783475158263456
0.03839863872745969
0.038019067541851824
0.037644667176954805
0.037275345338429834
0.03691101180366216
0.03655157836523278
0.03619695877621385
0.035847068697218744
0.03550182564514314
0.035161148943533144
0.03482495967452244
0.03449318063227931
0.0341657362779106
0.033842552695768566
0.0335235575511104
0.033208680049063244
0.032897850894846
0.03259100225520579
0.03228806772102452
0.03198898227105545
0.03169368223674978
0.031402105268136
0.03111419030071487
0.030829877523335988
0.030549108347021375
0.030271825374704485
0.029997972371853643
0.029727494237949684
0.02946033697878899
0.029196447679585118
0.028935774478841655
0.02867826654297106
0.028423874041634926
0.028172548123781924
0.027924240894360856
0.0276789053916863
0.027436495565436453
0.02719696625526223
0.026960273169988523
0.026726372867387837
0.026495222734509435
0.026266780968544966
0.026041006558214952
0.025817859265658587
0.025597299608812272
0.025379288844260935
0.02516378895054751
0.024950762611927038
0.024740173202550914
0.024531984771069028
0.02432616202563605
0.024122670319310584
0.023921475635834792
0.023722544575783065
0.02352584434306886
0.02333134273179886
0.02313900811346453
0.022948809424460315
0.022760716153919728
0.02257469833185947
0.022390726517622844
0.022208771788613323
0.022028805729310572
0.021850800420560118
0.0216747284291293
0.0215005627975213
0.021328277034040517
0.02115784510310186
0.020989241415776773
0.020822440820569933
0.020657418594419615
0.02049415043391583
0.020332612446729747
0.02017278114324906
0.02001463342841315
0.019858146593742944
0.019703298309559622
0.01955006661738748
0.019398429922535824
0.019248366986854722
0.019099856921660406
0.018952879180825288
0.018807413554028696
0.0186634401601633
0.01852093944089388
0.018379892154363885
0.018240279369046007
0.018102082457732944
0.017965283091664733
0.01782986323478927
0.017695805138151863
0.01756309133441137
0.017431704632479013
0.01730162811227701
0.01717284511961364
0.017045339261172156
0.016919094399610368
0.016794094648768194
0.016670324368980288
0.016547768162491344
0.016426410868971304
0.016306237561128003
0.01618723354041483
0.01606938433283102
0.015952675684812453
0.015837093559210244
0.015722624131355556
0.015609253785208122
0.015496969109586627
0.015385756894478672
0.01527560412742878
0.015166497990002295
0.015058425854323298
0.014951375279684924
0.014845334009230328
0.014740289966702439
0.014636231253261023
0.014533146144365358
0.014431023086721107
0.014329850695289687
0.01422961775035875
0.014130313194672376
0.014031926130619557
0.013934445817479537
0.013837861668722813
0.01374216324936635
0.01364734027338203
0.013553382601156676
0.01346028023700293
0.013368023326719483
0.01327660215519973
0.013186007144087606
0.013096228849479632
0.013007257959672128
0.012919085292952453
0.012831701795433458
0.012745098538930012
0.01265926671887685
0.012574197652286564
0.012489882775747124
0.012406313643457928
0.012323481925303371
0.01224137940496347
0.01215999797806036
0.012079329650340203
0.011999366535889358
0.011920100855384506
0.011841524934375593
0.01176363120160125
0.011686412187335559
0.011609860521765911
0.01153396893340111
0.011458730247508915
0.011384137384582731
0.011310183358836523
0.011236861276727593
0.0111641643355064
0.011092085821793054
0.011020619110179807
0.010949757661859095
0.010879495023276379
0.010809824824807584
0.01074074077946042
0.01067223668159903
0.010604306405691714
0.010536943905081057
0.010470143210776097
0.010403898430265998
0.010338203746354892
0.01027305341601737
0.010208441769274329
0.010144363208088482
0.01008081220527953
0.010017783303458297
0.009955271113979482
0.009893270315912837
0.009831775655032198
0.009770781942822129
0.00971028405550174
0.009650276933065475
0.009590755578340358
0.009531715056059554
0.009473150491951732
0.009415057071846119
0.009357430040792767
0.009300264702197844
0.009243556416973605
0.009187300602702751
0.009131492732816993
0.009076128335789364
0.009021202994340201
0.0089667123446564
0.00891265207562382
0.008859017928072371
0.008805805694033827
0.008753011216011899
0.00870063038626435
0.008648659146097134
0.00859709348517002
0.008545929440813779
0.008495163097358479
0.008444790585472825
0.008394808081514287
0.00834521180688988
0.00829599802742719
0.008247163052755762
0.00819870323569844
0.00815061497167248
0.008102894698100417
0.008055538893830292
0.008008544078565261
0.007961906812302298
0.00791562369477979
0.007869691364934064
0.007824106500364431
0.007778865816806742
0.007733966067615266
0.007689404043252784
0.007645176570788634
0.007601280513404694
0.007557712769909073
0.007514470274257445
0.007471549995081787
0.007428948935226511
0.007386664131291737
0.00734469265318373
0.007303031603672179
0.007261678117954373
0.007220629363226095
0.007179882538259015
0.00713943487298467
0.00709928362808472
0.007059426094587518
0.007019859593470739
0.006980581475270115
0.006941589119694079
0.006902879935244215
0.006864451358841452
0.0068263008554578725
0.006788425917754086
0.006750824065721964
0.006713492846332822
0.006676429833190735
0.0066396326261911375
0.006603098851184383
0.006566826159644372
0.006530812228342035
0.006495054759023702
0.006459551478094106
0.006424300136304137
0.006389298508443173
0.006354544393035837
0.006320035612043284
0.006285770010568767
0.006251745456567538
0.006217959840560931
0.006184411075354605
0.0061510970957608345
0.006118015858324857
0.006085165341055109
0.006052543543157353
0.006020148484772666
0.005987978206719084
0.005956030770237023
0.005924304256738286
0.005892796767558658
0.005861506423713987
0.005830431365659756
0.005799569753054023
0.005768919764523742
0.005738479597434325
0.005708247467662489
0.0056782216093722755
0.0056484002747941775
0.005618781734007404
0.005589364274725122
0.005560146202082763
0.005531125838429162
0.00550230152312071
0.005473671612318267
0.005445234478786918
0.005416988511698467
0.00538893211643669
0.0053610637144052104
0.005333381742838025
0.005305884654612625
0.005278570918065683
0.0052514390168112175
0.005224487449561249
0.005197714729948879
0.005171119386353794
0.005144699961730081
0.0051184550134364005
0.005092383113068439
0.005066482846293625
0.005040752812688022
0.005015191625575448
0.004989797911868718
0.004964570311913052
0.004939507479331481
0.0049146080808723834
0.00488987079625904
0.004865294318041113
0.004840877351448168
0.004816618614245092
0.004792516836589411
0.004768570760890492
0.004744779141670585
0.004721140745427699
0.004697654350500265
0.004674318746933543
0.004651132736347799
0.00462809513180819
0.004605204757696315
0.004582460449583454
0.004559861054105439
0.00453740542883914
0.004515092442180538
0.00449292097322436
0.004470889911645284
0.004448998157580641
0.0044272446215146265
0.00440562822416399
0.004384147896365197
0.004362802578962982
0.004341591222700372
0.004320512788110059
0.0042995662454071975
0.004278750574383497
0.004258064764302684
0.004237507813797285
0.004217078730766697
0.0041967765322765286
0.004176600244459209
0.004156548902415856
0.004136621550119341
0.004116817240318573
0.004097135034443977
0.004077574002514156
0.004058133223043671
0.004038811782952017
0.004019608777473669
0.004000523310069291
0.003981554492337986
0.003962701443930657
0.003943963292464433
0.003925339173438115
0.003906828230148694
0.003888429613608845
0.0038701424824654734
0.003851966002919216
0.0038338993486449263
0.0038159417007131405
0.00379809224751249
0.0037803501846730243
0.003762714714990499
0.00374518504835155
0.00372776040165977
0.0037104399987626874
0.0036932230703795987
0.0036761088540302883
0.0036590965939645773
0.0036421855410927197
0.0036253749529166442
0.003608664093461992
0.0035920522332109676
0.0035755386490359826
0.0035591226241341034