0.3333334270099487
0.33333344759801986
0.3333332216709065
0.3333335092057763
0.3333335113639677
0.3333335547720709
0.3333336810159201
0.3333336444561513
0.33333381376836974
0.33333388493363114
0.3333338498812566
0.3333339212131365
0.3333341742178886
0.3333342798159359
0.3333343994136525
0.33333454459229883
0.33333468720171294
0.3333345785378347
0.33333471761565764
0.33333515919826295
0.3333353443023754
0.3333353895172641
0.3333353046414898
0.33333547219256293
0.3333361129829031
0.3333363634237493
0.3333361390440431
0.33333635518331056
0.3333365822864841
0.3333368336533495
0.33333706391073764
0.3333373393441601
0.33333759165799104
0.3333378924418429
0.3333381060267341
0.33333846757752245
0.33333881095884943
0.3333394474214106
0.3333398136124711
0.3333401285097967
0.3333401125104772
0.33334057920708615
0.3333409865423497
0.3333429775379505
0.3333420189525851
0.33334244684120173
0.33334436309338766
0.33334331163986336
0.3333437806960262
0.3333443787184302
0.33334678138163976
0.3333476396499945
0.33334596197552074
0.3333465329669761
0.3333474795957955
0.3333478830863572
0.333348203172736
0.3333498646375662
0.3333531023876782
0.33335034726825447
0.3333505388938128
0.3333561019408868
0.3333459466797266
0.3333478302488652
0.3333485304888925
0.33334936992876835
0.33334965074906725
0.3333478262080128
0.33335122818612
0.33335186665713407
0.33335246830446075
0.3333510476075823
0.33335211809035653
0.3333594438280344
0.33335357086678946
0.333356072704594
0.333358686530361
0.3333523868151147
0.33335232785363683
0.3333633286179935
0.3333639761243852
0.3333641136508703
0.3333559912957286
0.3333665941156044
0.3333648362701872
0.33336532298737853
0.33335252299970414
0.33336717830641255
0.3333251201024705
0.333351923527518
0.3333426489416132
0.33336317244087604
0.33337207056746926
0.333370837840938
0.33337357280597385
0.33337511924104735
0.333376619861131
0.33337701638996936
0.33336968508410975
0.33337240790240175
0.3333733492850409
0.33337483882737157
0.33338141352635325
0.3333761922858768
0.3333841526813478
0.3334589823620863
0.3334287708153651
0.33338757043862655
0.33338724126674024
0.33333822256876483
0.33339249746130645
0.3335471359384285
0.33339007204035864
0.3333844578657783
0.33339232794402673
0.3333958616321721
0.3331198290709513
0.3332405341642625
0.333400041551677
0.33341983782709694
0.3334844178905725
0.33346819579012066
0.3338489792160475
0.3334040389109901
0.33339994859689664
0.33341459320380024
0.3334168029620485
0.33340718748157705
0.33341011349462285
0.33342061555570085
0.3334222300613859
0.3334246817637221
0.33342311277372144
0.3334251735010363
0.3334289127470646
0.33342881727212387
0.33343448101002954
0.33342022255787424
0.33342455777053776
0.33343627856875624
0.33342177489416513
0.3334267847200904
0.3334368654388612
0.333438235473943
0.33343129836584695
0.33344408674335924
0.3334393662388674
0.333451751791169
0.33305550543968393
0.3334520572394357
0.3334535886605583
0.3334413047751198
0.33317431550869725
0.3334478110124428
0.33349363652045805
0.33345752350437985
0.33344360115774524
0.33345116742972036
0.3334569454201093
0.33346508446464485
0.3334532653020851
0.33347737896199864
0.3334540073806619
0.33347144929261635
0.3334757795833474
0.3334748350478226
0.33345108717594557
0.33344838535707283
0.333398016758631
0.33345835317867695
0.3334858279506234
0.3335121968718285
0.3335660701994349
0.3334565095366554
0.3334513466508152
0.3334631154902942
0.33346048134285494
0.3334646384193761
0.33359602301011315
0.3334455023982622
0.3334513447393065
0.33347458372069294
0.33384627972550024
0.33362597455520915
0.3334900100177036
0.33342584574817896
0.3334962794970882
0.3335300799863853
0.33354189790430705
0.3335069154121996
0.33352135512504194
0.3335260812807705
0.33348676936136495
0.3334250528709889
0.33379257670160306
0.3335055858877763
0.33351684714483243
0.3335151673492649
0.3335266688343619
0.3331999287862514
0.33352502302953424
0.33350415125711097
0.3335415118094065
0.3335309028121091
0.3336032837072684
0.3334767790980586
0.33372273184318263
0.3337981019066833
0.3336909209540861
0.33359837043254287
0.3337121194435401
0.3336697115459028
0.33365798443756534
0.3337862987974493
0.3337401563798279
0.3335416684591172
0.3337295555162162
0.3336629125578677
0.3336822850899422
0.3337131128963941
0.3333834720887305
0.33314610175241377
0.3335259517486544
0.3335383560564745
0.3335343751863455
0.33355760802428613
0.3334593954464816
0.33348358796751776
0.3335188104056386
0.33345976957585705
0.33351618805774763
0.33359602441168296
0.3335549946181164
0.333611157184747
0.3335709604901738
0.3335617179445681
0.33356723581088016
0.33360463294831777
0.33354698975599917
0.33345729516636147
0.3334681402196095
0.3335431920648984
0.33355497287389824
0.33356263033321837
0.33358871695464476
0.3335881382919516
0.3335955236463898
0.33354503542882735
0.33357394279866126
0.3335155005605117
0.3335466828683047
0.3335977754652577
0.3335506498793247
0.3335371031514667
0.3335526755701636
0.333573322944145
0.3336085175304331
0.3335369992108545
0.3335441708321916
0.33351567293539086
0.3336150639319613
0.3337920933152551
0.33353418784932687
0.33357345212823564
0.3334574751208726
0.3336018290346768
0.33342940837716795
0.3336100235795151
0.3334457681753883
0.33352986019490655
0.3335164345258302
0.33351816082900637
0.33352915524155297
0.3336129104909837
0.3336166214410045
0.33357592241507417
0.3335203262639909
0.33351570227006994
0.3335198043966024
0.33353520213026483
0.3335061733892858
0.33353036199825825
0.3335480185119591
0.33353128401111254
0.33350869863954896
0.33354314378072436
0.3335518913307029
0.3335134992322634
0.33352446126091095
0.33354180810934947
0.3335455637481469
0.333515307515073
0.33352472941732464
0.3335767827999904
0.33369026180735295
0.3336440609326985
0.3336583270669068
0.3336551121403953
0.33343080025867805
0.33333828681781313
0.3336608955620821
0.3335523408521976
0.33392549437116004
0.33366420655754503
0.33354262548274827
0.3335369766779498
0.3335402829204642
0.33370572344344307
0.33354134159149196
0.33352662933498484
0.33357862582516246
0.3335088802494534
0.3337822534211315
0.33377905094288673
0.33378463385573776
0.3337884611819138
0.3337604773465162
0.3337911524059338
0.33371812366287096
0.33377150737610917
0.3337847309899357
0.3337682265303047
0.3337687215343245
0.3337719430676158
0.33376945332134816
0.33376458707695356
0.33377528774133797
0.33365190829952496
0.33377264030122944
0.33376786868350544
0.33377000543969604
0.3337673729551776
0.3337570995578511
0.3337451289951782
0.3337561274593352
0.33376383396402143
0.33375573313323886
0.33375699737363934
0.33375128724870556
0.3337575079093054
0.33376032159645436
0.3337536861291349
0.3337481476187262
0.33375440971008696
0.3337522874043629
0.33374404456052215
0.33376580404951384
0.33374926916621706
0.3337557712505422
0.33375171561587813
0.3337500824821889
0.3337435577131917
0.33374637409157293
0.3337540963995595
0.3337632585540168
0.33374504032605773
0.3337721500449392
0.33372161861063304
0.33373264307703426
0.3337277083085616
0.33358040661480104
0.3338408949256297
0.3338209050997636
0.333689697711282
0.3336925258207755
0.3336882429431117
0.33368147829390826
0.33369003358695054
0.33368082910206304
0.3337114600806733
0.3337072867240342
0.33372437510498904
0.3337239921211072
0.333720965711466
0.3336757109333607
0.33366000018868247
0.3338275059825823
0.333704545981254
0.33370521678894
0.3337323906749403
0.33367069547399353
0.3336736545709915
0.3336821838199595
0.3336933013899906
0.333687978250825
0.3336675368658532
0.333704841467036
0.33322857586585025
0.33349382829963015
0.3339369922123787
0.33371471281777443
0.3336924635213305
0.33411406466944604
0.3337236096727679
0.3337511394763543
0.33423022350417453
0.33393104041638105
0.3338827134040151
0.3337578878890985
0.3337864989006587
0.3343563092458588
0.3338870350768034
0.3338490608213308
0.33387673486703245
0.3338530443435449
0.33391977984546684
0.33372895107818396
0.33387538285808377
0.3338734097264899
0.33369020345560524
0.33403353070856656
0.33398274060467203
0.3339397966344157
0.33395378842480744
0.33390370186563445
0.3340231732716458
0.33399713481825827
0.3340219720529452
0.33404844093261843
0.3340547747697918
0.3340431008345016
0.33404061580776184
0.3340512709884609
0.33405033254113065
0.33406762785160493
0.33406882920116926
0.3340876744940262
0.33412977765537566
0.33411577540430576
0.3341013238591974
0.33415067324495007
0.3341490938581703
0.3341630623795286
0.33407923368433645
0.33419036626152043
0.3342140344616181
0.3342375221776205
0.33382330842652025
0.33353529888761657
0.33385723087023966
0.3339877910516598
0.3338973623215065
0.3341228116494214
0.3341585900798673
0.33395456017309416
0.3338126800411741
0.3339526768409145
0.3339504376381244
0.33394585394669085
0.3341447675745385
0.33413477572618894
0.3339793781238837
0.3339909974659544
0.33398323759752807
0.33397034110113666
0.33401616726318356
0.33398829269931585
0.3340057608788597
0.3340264241318094
0.334175358613158
0.33425199873013406
0.3338717946935012
0.3344005165760956
0.3341334932362916
0.33404129081754014
0.33395117394454676
0.3340522830061942
0.33407411929792086
0.3342360907338713
0.3339540189947968
0.3341543447078374
0.3340547271422846
0.33406961229016247
0.3340809496707085
0.3342692630395708
0.3340239752608513
0.3339933990991104
0.334031348415895
0.3341007535187345
0.3340765881320487
0.33416982754670865
0.33413035129307844
0.3341617164148221
0.3341656550784435
0.3341976520818757
0.3341771523140597
0.33420993757771456
0.3341944048045721
0.3342065208817694
0.3342135405607303
0.334229913672027
0.33422959039568506
0.3342346517357912
0.33425048877451813
0.33426580009402473
0.33426468837527096
0.33427293329978014
0.33428324915071256
0.33431050595374967
0.33431735093636766