-8.817460879686143e-19
2.0244207614269873e-19
6.242401700619244e-20
-5.657223435570787e-19
-1.4040911379371437e-19
-2.154020026352269e-19
7.145173276874916e-21
-2.4093087348027825e-19
6.683581402447472e-19
-2.078753101462823e-19
1.358980689074372e-19
3.292613556823489e-19
-2.7067384867123484e-19
7.441114499316541e-20
-1.8205970667926624e-19
2.5170618040310208e-19
-7.7045045611372165e-19
-8.369029661102922e-19
-2.4543156112949513e-20
-2.37517530496439e-19
7.860118532886794e-20
-5.306178733980785e-20
2.2486842014890516e-19
-2.487190930906886e-19
-5.598262699178123e-19
-2.880662825379457e-19
1.8940897647112964e-19
-1.4443218511370571e-19
-2.2835033108157063e-19
-6.595517588413392e-20
9.205189443026819e-19
-1.5779233985520485e-19
5.583402121031085e-19
-2.7718719034723595e-19
-1.9632751999181159e-19
-3.6802736754138366e-19
4.671533853791518e-19
-1.7150677895407217e-19
-8.486027180024144e-19
3.1745388695580277e-19
-8.205730291735278e-19
1.0544011331558477e-19
3.5987618231115257e-20
6.754658828309837e-19
2.2932469916313206e-19
-1.0086570797303052e-19
5.276188680766675e-19
-1.194831104804609e-19
-2.9863299855091395e-19
-4.880376637174392e-19
5.722610336373935e-19
-4.460856977629153e-19
-3.5809282722072604e-20
-3.610217231547908e-19
-7.151371411333121e-19
-5.335421634174162e-19
4.378972172232572e-19
-4.0391513415127863e-19
-9.860867434986221e-19
-5.435050828649002e-19
1.6863143002882715e-18
5.904955656840723e-19
6.871934021061238e-6
4.580269413988463e-6
4.87525935428691e-6
4.6681813368162235e-6
5.741694147638671e-6
4.708123143294246e-6
5.892569325199176e-6
6.088340839803094e-6
6.1660918728587435e-6
3.7269744526748656e-6
0.000010574182211441067
4.043952898511666e-8
4.18515243184564e-6
9.136048959576484e-6
0.000011840491725974226
7.137438888765267e-6
7.554172431627257e-6
9.501116301739965e-7
2.818007806776282e-6
4.0707274213727615e-6
8.679957400811593e-6
5.15661217743999e-6
4.797777067934957e-6
3.6136970348476698e-6
0.0001715570683954141
3.9849867487306106e-6
0.0003065303229170547
0.00004555819546138686
0.000138486297514618
0.000011254504307976561
7.012478285096454e-6
9.233743585809008e-6
7.79818229159562e-6
7.819326515504656e-6
0.000013181815425778501
8.462134638756249e-6
0.00001301614292749185
8.197658684800108e-6
8.59649241405845e-6
8.591671656447007e-6
0.000012649545358508854
0.00001776405749943246
0.00001259644150254384
-0.00008556896921374644
-0.00004354079455706009
0.000014459569076135887
0.00001666416325940023
0.000048122150804187244
0.000020008381658604096
-0.00012172504174095269
0.00001823750951852808
0.000020492889502925943
0.00001983563099857383
0.0000175133760310973
0.00010069423775866742
0.00004914851883070362
0.000020071427393419045
-4.349294282016337e-6
-0.000014594917242952175
-8.01382988545194e-6
-0.000050915364599273756
0.000022304211774253477
0.00002441936034007285
0.000017980744563858434
0.000012575037855862826
9.09375620404615e-7
-8.42885403652838e-6
0.000019373724713933842
0.000019740234983233142
0.000020887271282871863
0.000014105921896671864
0.000014608098785235752
0.000021233581879232167
0.000014898797058908198
0.000013405299094281502
0.000015718098425549572
0.000018453635648484516
0.000013336459927062458
0.000018579976064293974
0.000012584355442638955
0.00001531294064283565
0.00001187688484088139
0.00001878744463293837
0.000026327400426065048
0.000022427851645046925
0.00002069889911750045
-0.00041096280503532346
0.000017905625853304174
0.00001726326834115843
0.000019396731876510617
-0.00038786202184188864
0.000032721382092460645
0.00007840473106463007
0.000020246312986141245
0.000014894690928844537
0.00002794081601538741
0.000025549545136271257
0.00003567424274535939
0.00002355374029769805
0.00004852531998927423
0.00004540199435902491
0.000013220473194039572
0.000028230458898004522
-0.0002042469208879003
0.000027220547049249037
0.000029906094494478792
0.0004223289370202831
0.0000469357324375104
0.00002887139042151184
-0.00019832590595353074
-0.00030843318792595664
0.000030373820348640203
0.00004723996979702757
0.00004031585345573334
5.436201608707125e-6
0.00003943461178087286
-0.00018028264546672427
0.000059961094631944246
0.00003279168805656252
0.00003150698770756783
-0.00034919956327835464
-0.00013071901165265446
-9.559044480987642e-6
0.00005216574997635133
0.00002284820065459731
0.00003484985470186126
0.00007188500561550643
0.00008639599073236106
0.00007125499069838102
0.00006376094883081498
0.0000838903057057579
0.00011509274471897638
-0.00013118624687202395
0.00008431079265672564
0.00008360155891775496
0.00008028229977269736
0.00005395134077053896
0.00022542007632283783
0.00008450602826078814
0.00007672745510411445
0.00006294489861547326
0.00006910112235300055
0.00005365200701930971
0.00006517214342530576
0.000048372371525352546
0.0000580006692734054
0.00008218941526396268
0.00007464064659064445
0.000053690317854082114
0.0000860218443737654
0.00008411389479524658
0.000134179407367812
0.0001323085866429706
0.00006883326771910755
0.00014130682620097223
0.00011849070068451335
0.00013318057607181297
0.00015566059168201234
-0.000047812578721976295
-0.0001866614328966871
0.00007844040248645767
0.000040531405186578803
0.00007007353125988922
0.00005433615016604667
0.000015191905870868698
9.810023041986441e-6
0.00007801345909221532
-0.0000505399259373228
0.00007741027060196855
0.00010557592952988906
0.00005320746506435264
0.00016504123010529384
0.0000558247203845075
0.00009670834716958118
0.00005650408469968086
0.00017469398004905072
0.0000664260149297443
-0.00019273282972083393
-0.000249956521158928
0.0000567206946791829
0.00004265773578270477
0.00005480314854539774
0.00016531968002974511
0.00025050522065080534
0.00005621760480551075
-0.00006548486135262395
0.0000491027316119171
-0.0000622808959236409
-0.000044900770845908196
0.000055408339773720886
0.00012724948146847367
0.0001875513833833933
0.0001353034492643947
0.00005433482245081016
-0.00005703646040388161
0.0001396489803464667
0.0001341016680312462
0.00017992854008084156
0.00004555460517185744
-0.00038807478333498967
0.00013934545644869996
0.00005417851035769501
0.0002591354273592839
0.00008162501362820022
0.00023583118958655033
0.00004536116229451942
0.0001691782114017307
0.00010156005521387022
0.00011277173743392402
0.00012011221820195378
0.00009435681793654707
0.00004121670612081608
0.000055016851195860016
0.00002929294272961492
0.00008816977245884169
0.00008814001096543832
0.00007909088539000115
0.00007481989157334181
0.00008214280829284516
0.00006565431699232957
0.00006323449656267521
0.00006302031469482015
0.00006338921142437303
0.00005747019807786935
0.00004675296115764266
0.00005286974322267579
0.00004397685843414545
0.000039583763928780135
0.00003769814237588787
0.000035437386680732186
0.00003102741265610378
0.000051347838361038314
0.000019896213613301144
0.000039604358936141594
0.00005753804812122441
0.00004614331415541896
-0.000024489221590621126
-0.0000408440786755507
0.00004344479259716655
-0.00002121796920460215
0.00012055154803712281
0.000050197759780901673
-0.000022388426527431026
-0.000029171298302676915
-0.0000275597281327098
0.00006149788690320336
-0.00002379829628459962
-0.00005851222625794629
-0.00002754623501134534
-0.00008373736054505429
0.0000771735740987599
0.0000945704947443207
0.00010379590654341985
0.00011259110339849851
0.00007981978340951292
0.00013740395907120507
0.00010515565959436497
0.00009294308048106437
0.00013975249011364665
0.0001021284172114719
0.00008948607478943153
0.00014096981486464704
0.00011010188557794825
0.00008900032303308019
0.00015859291726502163
-0.00036350470936999326
0.00018673153006571226
0.00021428899068594848
0.0004140479871850084
0.00023563368703863783
0.00026478260503022717
0.00006747714978225429
0.0000679460670022469
0.00009823192255636365
0.00009899254303198787
0.00008480810225413323
0.0000900691094651225
0.00010325474136859925
0.00007826017522006087
0.00008902197271941783
0.00010993080249646118
0.00007874809936323697
0.00009702712999694514
0.0001114970107655268
0.0000649527969124506
0.00008806489439317247
0.00007183869733975097
0.00009007493092726861
0.00008008208050785793
0.00008775876814916223
0.00008232199036493839
0.0000702452146744453
0.0000616331028018134
0.00006828251842713531
0.000048389338718665035
0.00008546374870751472
0.00007996796784957037
0.0000676797748417443
0.00014891318587462334
0.00007460792857988155
0.000055579445607206256
0.00008357165412644083
0.00007468387746138856
0.00006856982745930378
0.00006264085828882567
0.00005589775701089597
0.000037607146726032
0.000035498523181668444
0.00003018528604200668
0.00002522292621699508
0.00001864910088334796
0.00001457367755215123
5.769961849884209e-6
-2.28221298503718e-6
-9.41903775848288e-6
-7.070142359476787e-6
-0.000017108377633592893
-0.000021443157634457643
-0.000039089375764103127
-0.0000496541496208901
-0.000056967727023727996
-0.00006100149279378773
-0.00007354891212282227
-0.00009484351772934308
-0.00008778680449795015
-0.00032314398493563383
-0.00018789601226903844
0.00010266344992650995
-0.00013527673577173738
-0.00015599377389730428
0.00011426270362083816
-0.00014937620055232743
-0.00015638237157453966
0.0002844122669875601
-0.000020913313571631607
-0.00007104997898827573
-0.0002091210460210346
-0.00018839579339121113
0.0005196444283573849
-0.0000819055130154364
-0.00016076168157922162
-0.0001302630786128783
-0.00021129651788121939
-0.00009285292987255108
-0.000530102850253131
-0.0002554930416905439
-0.00025498940718673757
-0.0008319660844390889
0.00006249843363309059
0.00010586180207150635
-0.00026538430760133104
-0.0002455410337280506
-0.0006467877122073883
0.0005956821167987997
-0.00012132637373207466
0.00008775739434871424
0.0001218473520643286
-0.00031645807917975437
-0.0002033096575256655
-0.00012209285505899157
-0.00013647229036776144
-0.00011716342599064757
-0.00012220190914320354
-0.0001092932748564905
-0.0001194924755443693
-0.00018476971414066253
-0.00015599155559136297
-0.0001015353531021722
-0.0001488260864377169
-0.00015578392640844455
-0.00013986720311047877
0.00008365797393868529
-0.00014884192778153558
-0.00014871055986622966
-0.0001609791461447128
0.0002817408993544304
0.0006259178149164895
0.00022096714045657928
0.00010451020925215072
0.00018249840236390778
0.0001901914774507703
4.712726357559882e-6
0.00011418741572709755
0.00018398413950693415
0.00008840311093042595
0.00008992151284816606
0.00007992960704662103
-0.00004256929026999059
0.0000986378185785004
0.00005559397093130902
0.00004511427774878386
0.00004700521371331866
0.00004283408281912525
0.00003105596926597564
0.000015504112372314344
0.00001718080384607799
7.628521241904579e-6
-1.5680893622659836e-6
0.00013779414352248063
-0.000026275355065583297
0.000053422129843493824
-0.00004231853575013807
-0.000028275428992646978
-0.000051578065088169175
-0.000030701480005101296
-0.00003263222338226508
-6.777017554651352e-6
-0.00011720640219007609
-0.00003810784273380946
-0.00007927955291404555
-0.0000763095314094597
-0.00006983172212024622
0.000043259822812591404
-0.000150743869776346
-0.0001927940989194746
-0.00020109108198302663
-0.00010373512126040444
-0.00014344868032159662
-0.00007714258464666986
-0.00011709320154658426
-0.00008922112039370708
-0.00009840994619823298
-0.00006803318016826131
-0.0001222231564151912
-0.00007207822295417839
-0.0001121120028129349
-0.0001068556585565585
-0.00011089540741454649
-0.00009912612857330521
-0.00012919126598117788
-0.00012017730476085407
-0.00012064287659613348
-0.00010044414723836293
-0.0001233916745472381
-0.00015097172875665977
-0.0002779627966595538
-0.0002315712380053764
-0.00005095755990969641