0.33333333439157997
0.3333333428575734
0.3333333597896679
0.3333333851880787
0.3333334190531285
0.3333334613852486
0.3333335121849779
0.33333357145296394
0.333333639189963
0.33333371539684037
0.3333338000745716
0.3333338932242417
0.3333339948470469
0.33333410494429466
0.33333422351740466
0.3333343505679094
0.333334486097455
0.33333463010780223
0.33333478260082744
0.33333494357852367
0.3333351130430014
0.3333352909964901
0.3333354774413392
0.3333356723800194
0.33333587581512436
0.3333360877493715
0.3333363081856045
0.3333365371267935
0.3333367745760382
0.3333370205365687
0.3333372750117475
0.3333375380050716
0.33333780952017456
0.33333808956082833
0.33333837813094513
0.33333867523458044
0.33333898087593533
0.3333392950593579
0.33333961778934706
0.33333994907055453
0.33334028890778755
0.33334063730601243
0.33334099427035635
0.333341359806112
0.33334173391873917
0.33334211661386964
0.33334250789730946
0.33334290777504316
0.33334331625323715
0.3333437333382442
0.33334415903660686
0.3333445933550616
0.33334503630054385
0.33334548788019175
0.33334594810135104
0.3333464169715802
0.33334689449865496
0.3333473806905741
0.33334787555556394
0.3333483791020851
0.333348891338837
0.3333494122747652
0.33334994191906653
0.33335048028119607
0.3333510273708742
0.3333515831980924
0.3333521477731219
0.3333527211065202
0.33335330320913886
0.33335389409213223
0.3333544937669652
0.333355102245422
0.33335571953961535
0.33335634566199596
0.3333569806253615
0.3333576244428678
0.3333582771280384
0.3333589386947758
0.3333596091573727
0.3333602885305242
0.33336097682933874
0.3333616740693527
0.33336238026654147
0.3333630954373352
0.33336381959863143
0.3333645527678108
0.3333652949627526
0.33336604620184995
0.333366806504028
0.33336757588875976
0.3333683543760854
0.3333691419866304
0.33336993874162607
0.33337074466292915
0.33337155977304406
0.3333723840951444
0.333373217653097
0.33337406047148554
0.3333749125756365
0.33337577399164514
0.3333766447464032
0.3333775248676279
0.333378414383892
0.333379313324655
0.33338022172029674
0.33338113960215127
0.3333820670025424
0.333383003954823
0.3333839504934124
0.3333849066538393
0.3333858724727837
0.33338684798812324
0.3333878332389802
0.3333888282657712
0.33338983311025944
0.3333908478156094
0.3333918724264448
0.3333929069889084
0.33339395155072515
0.33339500616126966
0.33339607087163514
0.33339714573470813
0.3333982308052449
0.3333993261399537
0.33340043179758
0.3334015478389971
0.33340267432730175
0.33340381132791364
0.33340495890868227
0.33340611713999774
0.33340728609490977
0.33340846584925116
0.3334096564817704
0.33341085807426996
0.33341207071175444
0.3334132944825854
0.333414529478647
0.3334157757955203
0.33341703353266877
0.3334183027936344
0.33341958368624613
0.3334208763228415
0.3334221808205009
0.3334234973012982
0.33342482589256595
0.33342616672717795
0.3334275199438509
0.3334288856874644
0.3334302641094038
0.333431655367924
0.3334330596285401
0.3334344770644428
0.333435907856943
0.3334373521959488
0.33343881028047334
0.33344028231918216
0.3334417685309776
0.33344326914562605
0.33344478440443315
0.3334463145609678
0.3334478598818409
0.3334494206475441
0.33345099715335336
0.33345258971030267
0.3334541986462348
0.3334558243069371
0.3334574670573674
0.3334591272829823
0.33346080539117495
0.33346250181283377
0.33346421700403306
0.33346595144787083
0.3334677056564651
0.33346948017312855
0.3334712755747353
0.3334730924743046
0.33347493152382024
0.333476793417312
0.33347867889422794
0.3334805887431278
0.33348252380573296
0.33348448498137334
0.33348647323187347
0.3334884895869309
0.33349053515003774
0.3334926111050146
0.33349471872322134
0.3334968593715286
0.33349903452113755
0.33350124575734785
0.33350349479039026
0.3335057834674446
0.3335081137859904
0.33351048790864585
0.33351290817967233
0.33351537714333634
0.33351789756434813
0.3335204724506054
0.33352310507849203
0.3335257990209969
0.33352855817891613
0.333531386815403
0.33353428959409226
0.33353727162097113
0.3335403384900596
0.33354349633276387
0.33354675187048477
0.33355011246956356
0.33355358619693626
0.3335571818737262
0.33356090912230374
0.3335647783997667
0.33356880100688086
0.3335729890556496
0.3335773553697895
0.3335819132789688
0.33358667624735827
0.33359165724632156
0.3335968677345852
0.33360231603914675
0.3336080048250941
0.3336139271869778
0.33362006066917066
0.33362635820969794
0.33363273459990567
0.3336390466186798
0.3336450647520169
0.3336504349352032
0.33365463139294205
0.33365690894812544
0.33365627873436976
0.33365155674201996
0.33364155965013226
0.3336255075273239
0.33360357332581664
0.3335772926792837
0.3335494233004411
0.33352312993915206
0.33350094236506417
0.3334841389477484
0.3334727900338892
0.3334661973323213
0.33346336283623645
0.3334633006263621
0.3334651808175792
0.3334683640918883
0.33347238384817984
0.333476911331865
0.3334817206262497
0.3334866595937607
0.33349162778494107
0.3334965604170524
0.33350141706134007
0.33350617377778674
0.3335108176955658
0.33351534329823657
0.33351974988586
0.33352403984573636
0.33352821747761047
0.3335322881989167
0.3335362580105838
0.33354013314155767
0.3335439198158913
0.33354762410381195
0.3335512518301845
0.33355480852202113
0.333558299382355
0.3335617292817067
0.33356510276107304
0.33356842404224973
0.33357169704260775
0.333574925392348
0.3335781124529034
0.3335812613355935
0.3335843749199511
0.3335874558713503
0.3335905066577231
0.3335935295652393
0.33359652671290735
0.33359950006609473
0.33360245144899114
0.33360538255606736
0.3336082949625828
0.33361119013420754
0.33361406943582145
0.3336169341395595
0.3336197854321569
0.33362262442166357
0.3336254521435732
0.333628269566426
0.33363107759692806
0.3336338770846327
0.3336366688262229
0.3336394535694313
0.33364223201663135
0.3336450048281292
0.33364777262518214
0.3336505359927709
0.3336532954821455
0.3336560516131674
0.33365880487646316
0.33366155573540923
0.3336643046279602
0.33366705196833646
0.3336697981485809
0.33367254353999937
0.33367528849449
0.333678033345776
0.333680778410546
0.3336835239895119
0.3336862703683897
0.33368901781881055
0.3336917665991671
0.3336945169554004
0.3336972691217325
0.3337000233213482
0.33370277976703056
0.3337055386617544
0.3337083001992384
0.3337110645644627
0.3337138319341509
0.33371660247722273
0.3337193763552154
0.3337221537226799
0.33372493472755205
0.3337277195114999
0.3337305082102494
0.333733300953892
0.3337360978671708
0.3337388990697518
0.3337417046764783
0.3337445147976097
0.333747329539047
0.3337501490025451
0.3337529732859129
0.3337558024832024
0.33375863668488537
0.33376147597802347
0.3337643204464253
0.3337671701707973
0.3337700252288856
0.33377288569561037
0.33377575164319206
0.3337786231412725
0.33378150025702874
0.33378438305528124
0.3337872715985955
0.3337901659473798
0.33379306615997745
0.33379597229275415
0.3337988844001816
0.3338018025349153
0.3338047267478715
0.3338076570882965
0.33381059360383714
0.3338135363406028
0.3338164853432294
0.33381944065493613
0.3338224023175827
0.3338253703717223
0.33382834485665197
0.3338313258104616
0.3338343132700798
0.33383730727131855
0.3338403078489147
0.3338433150365711
0.3338463288669949
0.33384934937193295
0.3338523765822091
0.3338554105277569
0.3338584512376513
0.33386149874014037
0.33386455306267426
0.3338676142319337
0.3338706822738569
0.3338737572136659
0.33387683907589083
0.33387992788439413
0.33388302366239336
0.3338861264324834
0.333889236216657
0.33389235303632536
0.3338954769123372
0.3338986078649982
0.33390174591408767
0.3339048910788769
0.333908043378145
0.3339112028301954
0.33391436945287
0.33391754326356565
0.33392072427924646
0.33392391251645887
0.3339271079913438
0.33393031071964985
0.33393352071674504
0.333936737997629
0.3339399625769439
0.3339431944689851
0.33394643368771204
0.33394968024675875
0.3339529341594425
0.33395619543877403
0.33395946409746624
0.3339627401479432
0.33396602360234834
0.33396931447255296
0.33397261277016377
0.3339759185065304
0.33397923169275306
0.33398255233968965
0.3339858804579624
0.33398921605796433
0.3339925591498664
0.3339959097436228
0.33399926784897743
0.33400263347546955
0.3340060066324396
0.33400938732903446
0.3340127755742126
0.3340161713767491
0.3340195747452411
0.3340229856881118
0.3340264042136157
0.3340298303298426
0.33403326404472233
0.33403670536602886
0.33404015430138373
0.33404361085826123
0.3340470750439907
0.33405054686576185
0.3340540263306267
0.33405751344550444
0.3340610082171842
0.3340645106523282
0.33406802075747494
0.3340715385390426
0.334075064003332
0.33407859715652916
0.33408213800470843
0.3340856865538352
0.33408924280976804
0.3340928067782622
0.33409637846497153
0.33409995787545094
0.33410354501515876
0.3341071398894594
0.3341107425036249
0.334114352862838
0.3341179709721932
0.3341215968367001
0.3341252304612842
0.3341288718507891
0.3341325210099792
0.33413617794354067
0.33413984265608343
0.3341435151521431
0.3341471954361824
0.33415088351259326
0.334154579385698
0.33415828305975076
0.33416199453893963
0.33416571382738786
0.33416944092915474
0.334173175848238
0.33417691858857435
0.33418066915404115
0.33418442754845795
0.33418819377558723
0.33419196783913585
0.3341957497427565
0.3341995394900488
0.3342033370845596
0.3342071425297859
0.3342109558291738
0.3342147769861212
0.33421860600397807
0.3342224428860474
0.33422628763558676
0.33423014025580866
0.3342340007498819
0.334237869120932
0.33424174537204276
0.33424562950625647
0.3342495215265749
0.3342534214359609
0.3342573292373379
0.33426124493359183
0.33426516852757115
0.33426910002208793
0.3342730394199188
0.3342769867238051
0.3342809419364541
0.33428490506053926
0.3342888760987012
0.3342928550535484
0.3342968419276576
0.3343008367235742
0.334304839443814
0.33430885009086225
0.3343128686671752