-4.476914172248847e-20
-8.925552869543745e-18
-1.1463726939444438e-16
-6.165134013495377e-16
-2.1665243121648457e-15
-5.911409495972497e-15
-1.3634166304132186e-14
-2.7898827688685207e-14
-5.2194362997988663e-14
-9.108114190455968e-14
-1.5033860417059203e-13
-2.3711341886640304e-13
-3.6007454201644097e-13
-5.29563485481883e-13
-7.577526905062118e-13
-1.0588045411897357e-12
-1.449033694473582e-12
-1.947071972599457e-12
-2.5740399649222484e-12
-3.3537160647503244e-12
-4.312716513153347e-12
-5.480677401640537e-12
-6.8904384827231166e-12
-8.578235574302887e-12
-1.0583896656806841e-11
-1.2951043623226926e-11
-1.5727303527481717e-11
-1.8964517342148253e-11
-2.2718964321744168e-11
-2.7051592093632898e-11
-3.202824478583886e-11
-3.7719912867279745e-11
-4.420298811196911e-11
-5.1559508607020955e-11
-5.987744552922154e-11
-6.925097061503388e-11
-7.978075122356719e-11
-9.157424810944804e-11
-1.0474602058091998e-10
-1.194180618130567e-10
-1.3572012375123687e-10
-1.5379006327199605e-10
-1.737742186495498e-10
-1.9582776415021984e-10
-2.20115115290261e-10
-2.4681033499140703e-10
-2.7609754953217674e-10
-3.081713961596846e-10
-3.432374752185373e-10
-3.815128310736287e-10
-4.232264538358718e-10
-4.686197955556319e-10
-5.179473026923919e-10
-5.714769986414564e-10
-6.294910559949636e-10
-6.922864203650968e-10
-7.601754498798434e-10
-8.33486582714477e-10
-9.125650353729056e-10
-9.977735440853925e-10
-1.08949311584087e-9
-1.1881238333915416e-9
-1.2940856825594784e-9
-1.4078194353215024e-9
-1.5297875621310717e-9
-1.6604751734758566e-9
-1.8003910337993258e-9
-1.9500686046550996e-9
-2.1100671330789434e-9
-2.2809728065894853e-9
-2.463399954006516e-9
-2.657992299927371e-9
-2.8654242984940767e-9
-3.0864024948771406e-9
-3.3216670025422937e-9
-3.571993001292106e-9
-3.838192346862136e-9
-4.1211152528649645e-9
-4.421652034216165e-9
-4.7407349681429204e-9
-5.079340225718927e-9
-5.438489909815963e-9
-5.819254206404241e-9
-6.222753622655768e-9
-6.650161368856664e-9
-7.102705824697971e-9
-7.581673177116298e-9
-8.088410173872099e-9
-8.624327018205428e-9
-9.19090041722327e-9
-9.789676803321585e-9
-1.0422275728635104e-8
-1.1090393427075067e-8
-1.1795806576529676e-8
-1.254037627147052e-8
-1.332605220414252e-8
-1.4154877091138287e-8
-1.5028991321808806e-8
-1.5950637896071015e-8
-1.6922167599719524e-8
-1.7946044520383543e-8
-1.902485184621159e-8
-2.0161297987078026e-8
-2.1358223094909052e-8
-2.2618605905297398e-8
-2.3945571013199335e-8
-2.5342396568804753e-8
-2.6812522460538434e-8
-2.835955888985938e-8
-2.998729558393614e-8
-3.169971147849785e-8
-3.350098502767019e-8
-3.5395505115418475e-8
-3.7387882716382184e-8
-3.948296314196706e-8
-4.168583922155845e-8
-4.4001865173872524e-8
-4.643667146161472e-8
-4.8996180510531965e-8
-5.1686623518431055e-8
-5.451455831731894e-8
-5.7486888421910666e-8
-6.061088330727822e-8
-6.389420008086508e-8
-6.734490657652571e-8
-7.0971506024952e-8
-7.47829633878654e-8
-7.878873356518844e-8
-8.299879142987495e-8
-8.742366414268773e-8
-9.207446555799113e-8
-9.69629332313827e-8
-1.0210146800726446e-7
-1.0750317642692288e-7
-1.1318191638941612e-7
-1.1915234599633466e-7
-1.2542997617018644e-7
-1.320312270968107e-7
-1.3897348908156544e-7
-1.4627518795168227e-7
-1.539558555365524e-7
-1.6203620564906217e-7
-1.70538216071879e-7
-1.7948521698987707e-7
-1.8890198657760128e-7
-1.988148543360653e-7
-2.092518128551435e-7
-2.202426388333749e-7
-2.3181902425088277e-7
-2.4401471858745334e-7
-2.5686568319479863e-7
-2.704102590164919e-7
-2.846893488561281e-7
-2.997466158791298e-7
-3.1562869967520937e-7
-3.3238545194543757e-7
-3.5007019356889e-7
-3.6873999551777455e-7
-3.884559859655331e-7
-4.0928368646301166e-7
-4.312933802539919e-7
-4.5456051629348483e-7
-4.791661528633927e-7
-5.051974453687019e-7
-5.32748182941485e-7
-5.61919380075475e-7
-5.928199289801734e-7
-6.25567320508152e-7
-6.602884412610767e-7
-6.97120456538367e-7
-7.362117893979884e-7
-7.777232080291709e-7
-8.21829034934436e-7
-8.687184936557315e-7
-9.185972109500816e-7
-9.716888948958617e-7
-1.0282372125010198e-6
-1.0885078941634556e-6
-1.1527910960973166e-6
-1.221404057132681e-6
-1.2946940919080093e-6
-1.3730419692185192e-6
-1.4568657323159441e-6
-1.5466250275483399e-6
-1.6428260186548358e-6
-1.7460269780134853e-6
-1.8568446612259224e-6
-1.975961591405285e-6
-2.1041344017249476e-6
-2.2422034128564037e-6
-2.391103654819942e-6
-2.5518775831914245e-6
-2.725689788162706e-6
-2.9138440551962717e-6
-3.117803208131515e-6
-3.339212254459292e-6
-3.5799254639069795e-6
-3.842038145056193e-6
-4.127924053932893e-6
-4.440279577628004e-6
-4.7821760958716e-6
-5.15712225124945e-6
-5.569138269134447e-6
-6.02284498584712e-6
-6.523570901689206e-6
-7.077481405201554e-6
-7.691735379228496e-6
-8.374675750528438e-6
-9.13606227973553e-6
-9.987357105719281e-6
-0.000010942076398107488
-0.000012016225107935549
-0.000013228836424905682
-0.000014602643396512344
-0.00001616491744310483
-0.00001794851738131568
-0.00001999320296642319
-0.000022347278305250605
-0.000025069641017345304
-0.00002823231869419942
-0.000031923566290262484
-0.00003625155900234962
-0.00004134861061862252
-0.00004737561259479699
-0.00005452590701079829
-0.00006302687587050602
-0.00007313583559701016
-0.00008512396593764529
-0.0000992377224714649
-0.00011562221063901624
-0.00013418912183139862
-0.00015442334909786273
-0.0001751653297192381
-0.00019449160099022867
-0.00020990024320275
-0.00021894834539575727
-0.0002201632054976688
-0.00021367269057121573
-0.00020108369529570156
-0.00018473082776816887
-0.0001668537659875657
-0.00014912298741902926
-0.00013255142910744135
-0.00011762190652209619
-0.00010446783346269158
-0.00009302541423479825
-0.00008313699385143035
-0.00007461250012959016
-0.00006726218820382073
-0.000060911991841482006
-0.00005540919681649682
-0.00005062313880247529
-0.00004644359280094923
-0.00004277828200118414
-0.00003955022531204736
-0.00003669525555995024
-0.00003415983742461467
-0.00003189921306417121
-0.000029875856790502
-0.000028058201797242295
-0.000026419597591818534
-0.000024937458875644878
-0.000023592571286195827
-0.00002236852472002244
-0.000021251250022526442
-0.00002022863929829846
-0.000019290233869584855
-0.000018426967025099024
-0.000017630951229636467
-0.000016895301499740938
-0.000016213988282836022
-0.00001558171447638204
-0.000014993812263788945
-0.00001444615627171229
-0.00001393509021500754
-0.000013457364726298952
-0.000013010084490129966
-0.00001259066314579239
-0.00001219678469596243
-0.000011826370381864613
-0.000011477550167194722
-0.0000111486381179996
-0.000010838111087894882
-0.000010544590214125567
-0.00001026682481223721
-0.000010003678322083536
-9.75411601454959e-6
-9.517194211610788e-6
-9.29205081246176e-6
-9.077896948001638e-6
-8.87400961363998e-6
-8.679725152076632e-6
-8.494433475604576e-6
-8.317572934512613e-6
-8.14862575001934e-6
-7.987113942053765e-6
-7.832595692020117e-6
-7.684662087858491e-6
-7.542934206526114e-6
-7.407060494319091e-6
-7.2767144110500495e-6
-7.15159230788781e-6
-7.03141151308301e-6
-6.915908602120238e-6
-6.804837833000303e-6
-6.697969727913218e-6
-6.595089786870836e-6
-6.495997318638988e-6
-6.400504377268152e-6
-6.308434793349521e-6
-6.21962329061163e-6
-6.1339146790146895e-6
-6.0511631172566905e-6
-5.971231437626414e-6
-5.8939905274775596e-6
-5.81931876163871e-6
-5.747101481473536e-6
-5.677230515687313e-6
-5.6096037396073656e-6
-5.544124669147681e-6
-5.480702086320337e-6
-5.4192496937608044e-6
-5.35968579557e-6
-5.301933002101475e-6
-5.245917956832475e-6
-5.191571083432336e-6
-5.138826351155572e-6
-5.087621057221033e-6
-5.037895624800149e-6
-4.9895934151547885e-6
-4.9426605530156105e-6
-4.897045763973552e-6
-4.85270022308319e-6
-4.809577413616065e-6
-4.767632995463251e-6
-4.726824682159914e-6
-4.687112126056512e-6
-4.648456810908492e-6
-4.610821951544286e-6
-4.574172399808722e-6
-4.5384745565136275e-6
-4.5036962889356655e-6
-4.469806853403701e-6
-4.436776822750968e-6
-4.4045780179592575e-6
-4.373183444281116e-6
-4.3425672308643485e-6
-4.312704574201858e-6
-4.283571684791138e-6
-4.255145736877126e-6
-4.227404821224102e-6
-4.2003279005138596e-6
-4.1738947672530944e-6
-4.148086004178243e-6
-4.1228829467231905e-6
-4.098267647654011e-6
-4.074222843671586e-6
-4.050731923744374e-6
-4.027778899256172e-6
-4.00534837565368e-6
-3.983425525665303e-6
-3.961996063995899e-6
-3.941046223164538e-6
-3.920562730794061e-6
-3.900532787936451e-6
-3.880944048602729e-6
-3.861784600204449e-6
-3.843042945174477e-6
-3.824707983305213e-6
-3.8067689950803135e-6
-3.7892156258082866e-6
-3.7720378705109214e-6
-3.7552260595810822e-6
-3.738770845075727e-6
-3.7226631877085057e-6
-3.7068943444342266e-6
-3.6914558566869802e-6
-3.676339539042583e-6
-3.661537468506862e-6
-3.647041974275413e-6
-3.6328456279684e-6
-3.618941234281342e-6
-3.6053218220747953e-6
-3.5919806358607805e-6
-3.5789111276990495e-6
-3.566106949398535e-6
-3.553561945096194e-6
-3.541270144156361e-6
-3.5292257543961006e-6
-3.5174231555294513e-6
-3.5058568930124675e-6
-3.4945216719722885e-6
-3.4834123516634788e-6
-3.472523939843229e-6
-3.461851587633873e-6
-3.45139058442761e-6
-3.4411363531311584e-6
-3.431084445541958e-6
-3.4212305378700744e-6
-3.4115704265110766e-6
-3.402100023986485e-6
-3.3928153549841468e-6
-3.383712552664054e-6
-3.3747878549713503e-6
-3.3660376012024578e-6
-3.3574582286580634e-6
-3.3490462694420217e-6
-3.3407983473808335e-6
-3.3327111750274988e-6
-3.324781550872747e-6
-3.3170063565224736e-6
-3.3093825541249446e-6
-3.301907183765139e-6
-3.2945773610788496e-6
-3.287390274849618e-6
-3.28034318475183e-6
-3.273433419179192e-6
-3.266658373098663e-6
-3.260015506057424e-6
-3.253502340212878e-6
-3.2471164584071022e-6
-3.240855502421118e-6
-3.2347171711397366e-6
-3.228699218903553e-6
-3.222799453853385e-6
-3.217015736358233e-6
-3.2113459774864153e-6
-3.205788137534661e-6
-3.2003402246102363e-6
-3.195000293249261e-6
-3.189766443109191e-6
-3.184636817646155e-6
-3.179609602915327e-6
-3.174683026370739e-6
-3.1698553556909056e-6
-3.1651248976575936e-6
-3.160489997080371e-6
-3.1559490357530477e-6
-3.15150043143803e-6
-3.147142636874589e-6
-3.142874138845055e-6
-3.1386934572435046e-6
-3.1345991442034885e-6
-3.1305897832111476e-6
-3.1266639882873588e-6
-3.122820403181599e-6
-3.119057700593786e-6
-3.115374581389997e-6
-3.1117697738946937e-6
-3.1082420331577794e-6
-3.104790140295005e-6
-3.101412901780969e-6
-3.0981091488244944e-6
-3.094877736728502e-6
-3.0917175442895824e-6
-3.088627473198735e-6
-3.085606447468771e-6
-3.0826534128585705e-6
-3.0797673363764026e-6
-3.076947205708369e-6
-3.074192028724189e-6
-3.0715008330117595e-6
-3.0688726653455134e-6
-3.0663065912487122e-6
-3.063801694546827e-6
-3.0613570769045035e-6
-3.0589718574193784e-6
-3.056645172184262e-6
-3.0543761739099444e-6
-3.0521640315061507e-6
-3.050007929722895e-6
-3.0479070687598337e-6
-3.0458606639141638e-6
-3.043867945236618e-6
-3.041928157173141e-6
-3.0400405582582714e-6
-3.0382044207611183e-6
-3.0364190303997403e-6
-3.0346836860168202e-6
-3.0329976992974553e-6
-3.0313603944594646e-6
-3.0297711079940623e-6
-3.0282291883771428e-6
-3.026733995822139e-6
-3.0252849019635362e-6
-3.023881289693525e-6
-3.0225225528346814e-6
-3.021208095962715e-6
-3.0199373341056523e-6
-3.0187096925859833e-6
-3.017524606741439e-6
-3.0163815217521147e-6
-3.0152798923980543e-6
-3.014219182871767e-6
-3.0131988665806116e-6
-3.0122184259266633e-6
-3.0112773521572664e-6
-3.010375145125074e-6
-3.0095113131657796e-6
-3.0086853728930514e-6