-1.5726685611209324e-18
-2.5328521097556857e-13
-6.447783022855204e-12
-4.5481846969776844e-11
-1.856612415544607e-10
-5.591055310953208e-10
-1.3874492704923874e-9
-3.0122292369931517e-9
-5.931659259320912e-9
-1.0845929877136638e-8
-1.871377199829425e-8
-3.0823850717786576e-8
-4.8885692179953195e-8
-7.514641510574984e-8
-1.1254171724217271e-7
-1.648926170585099e-7
-2.3716376057634443e-7
-3.358052559399156e-7
-4.692088826179934e-7
-6.483225107112198e-7
-8.874858116217733e-7
-1.2055792783445151e-6
-1.6276227781772473e-6
-2.1870285673477023e-6
-2.9288225281150535e-6
-3.914323397209364e-6
-5.2280610036308795e-6
-6.988208870619938e-6
-9.362669646285156e-6
-0.00001259450737808409
-0.000017043326396388954
-0.00002325485045379205
-0.00003208248503852624
-0.00004490947370674015
-0.00006407727514105633
-0.00009376720657955084
-0.00014196783985759978
-0.00022534331608599784
-0.0003830529123609021
-0.0007243268021780578
-0.0016487282108400387
-0.005593847906452396
-0.08496794357900905
-0.024399121325017918
-0.00473293791245527
-0.0020645457161785835
-0.001206954507053587
-0.000820100270118472
-0.0006105017348496881
-0.00048311031057059027
-0.0003993532353294691
-0.00034106433868417367
-0.0002987290458023009
-0.00026694964686067917
-0.0002424669863263278
-0.0002232122045378389
-0.00020781699814824894
-0.00019534485758151821
-0.00018513594691205336
-0.00017671368031126403
-0.00016972636783980889
-0.000163909597585464
-0.00015906130685312201
-0.00015502485525214918
-0.00015167728004128713
-0.00014892098825492774
-0.00014667777710427826
-0.0001448844623092564
-0.0001434896364393901
-0.00014245123414997587
-0.0001417346820769977
-0.00014131147811566693
-0.0001411580900170208
-0.00014125509424123617
-0.00014158649757859662
-0.0001421391992618535
-0.00014290256215708811
-0.0001438680694694778
-0.0001450290491343562
-0.00014638045229799462
-0.00014791867544934536
-0.00014964141814189426
-0.00015154757005246409
-0.00015363712251174232
-0.0001559111007173642
-0.00015837151368407854
-0.00016102131965389267
-0.00016386440522628276
-0.00016690557690681005
-0.00017015056413597097
-0.00017360603316867528
-0.00017727961144278545
-0.0001811799223150154
-0.0001853166302634451
-0.0001897004968672515
-0.00019434344808223896
-0.00019925865354304502
-0.00020446061884544017
-0.00020996529200223554
-0.00021579018552986617
-0.00022195451591890442
-0.00022847936257762726
-0.00023538784872499451
-0.00024270534715816237
-0.00025045971434592445
-0.0002586815569184581
-0.0002674045353581574
-0.00027666571057039766
-0.00028650594005914787
-0.0002969703316897639
-0.0003081087645384661
-0.00031997648816834003
-0.00033263481390989944
-0.0003461519144626628
-0.00036060375149493196
-0.00037607515506487757
-0.0003926610838234755
-0.0004104681013566118
-0.00042961611202819267
-0.00045024040975745927
-0.0004724941059007111
-0.000496551018613854
-0.0005226091268123174
-0.000550894718559221
-0.0005816673983494279
-0.000615226162982582
-0.0006519168152088945
-0.0006921410631995598
-0.0007363677593211582
-0.0007851468738685261
-0.0008391269929388907
-0.0008990773956899983
-0.0009659161359038245
-0.0010407460722810992
-0.0011249015308733203
-0.0012200093480609958
-0.001328069599090375
-0.001451563627191771
-0.0015936004733819945
-0.0017581181601843004
-0.0019501646678224676
-0.0021762968621741215
-0.002445157629207703
-0.0027683284793527103
-0.0031616190060734448
-0.003647069390845775
-0.004256155494296126
-0.005035099706157581
-0.006054032810080744
-0.007423566920292065
-0.009326523242598916
-0.012083018018993426
-0.016296005875507273
-0.023214979645223083
-0.03579124246062854
-0.06247032996426845
-0.136349999121961
-0.505188417404545
-100.38692925470548
-0.6673556369375592
-0.1532478815301486
-0.06587727834666407
-0.036284147976502285
-0.022843267382451647
-0.015636997914111682
-0.011335354272863746
-0.008566401907075907
-0.006681427072836686
-0.005341529243422794
-0.0043557273894748545
-0.0036097855557815327
-0.0030319981102645646
-0.002575527085313933
-0.0022087368127223874
-0.0019096412330027082
-0.0016625796346613315
-0.001456154745879337
-0.0012819138474970079
-0.0011334820737470286
-0.0010059791035543116
-0.0008956181386517437
-0.0007994248918732196
-0.0007150372524816642
-0.0006405602198561016
-0.0005744593535397705
-0.000515481488132459
-0.00046259502669351616
-0.0004149444795160767
-0.00037181549451814665
-0.0003326077019617418
-0.0002968134404170995
-0.0002640009522283162
-0.00023380100646021141
-0.00020589617252916582
-0.00018001216001926217
-0.0001559107810218622
-0.00013338419545188624
-0.00011225017744657252
-0.00009234819935495106
-0.00007353617408875365
-0.000055687730406710426
-0.00003868992169222488
-0.00002244128889502889
-6.850213969901647e-6
8.16648759384735e-6
0.000022684776904358634
0.00003677443857925218
0.00005049999249303837
0.00006392149358526454
0.00007709523909442225
0.00009007439949537782
0.00010290958695033866
0.00011564937311298122
0.0001283407665654996
0.0001410296589453342
0.0001537612478767607
0.00016658044412855156
0.000179532269931683
0.0001926622551020385
0.0002060168374995933
0.00021964377441686117
0.00023359257172703846
0.0002479149380408276
0.000262665271739192
0.0002779011895884123
0.00029368410673674846
0.00031007987928257665
0.0003271595223493109
0.0003450000187738062
0.00036368523621260334
0.00038330697380847443
0.0004039661637027486
0.00042577425782225835
0.0004488548367764776
0.0004733454857141675
0.0004993999920390564
0.0005271909325687401
0.0005569127337915871
0.0005887853093605896
0.0006230584052214664
0.0006600168166447456
0.000699986685411587
0.0007433431429136217
0.0007905196406840116
0.0008420194104616775
0.0008984296305599256
0.0009604390572034965
0.0010288601275294583
0.0011046568825381277
0.0011889805338303298
0.001283215167613242
0.001389037034107606
0.0015084922495486714
0.0016440997587174517
0.001798989412971568
0.0019770895689078926
0.0021833856245573537
0.002424281932423632
0.002708117238742752
0.0030459129484975136
0.003452482796905583
0.003948118347841547
0.004561219358845278
0.005332527341561444
0.006322185899144408
0.007622012608377776
0.00937789637654363
0.011833138888413478
0.015418549844361553
0.020957323673145997
0.030188424418278695
0.04733228686765562
0.08498166832684374
0.19632343289448478
0.8637889059493912
72.73753753019554
0.5816342617478529
0.15785152657538698
0.07181227284050384
0.040721007770186564
0.02610767875127683
0.01810375235305025
0.013255643977887062
0.010101630303860213
0.007937217270629014
0.0063890617612585125
0.005244414883233812
0.004374876028397222
0.003699253406500502
0.0031641850851213886
0.002733439761694821
0.002381723831229752
0.002090949925037747
0.0018479095015924432
0.0016427768514117502
0.0014681217639523519
0.0013182424730720703
0.0011887054789592644
0.0010760220809763147
0.0009774171268456884
0.0008906611303392649
0.0008139466748732614
0.0007457962472726036
0.0006849926950340151
0.0006305261809619958
0.0005815533130789656
0.0005373653604082344
0.0004973633194653845
0.0004610381960200596
0.0004279552928851385
0.00039774160081279205
0.0003700756120796397
0.0003446790395841401
0.00032131004515280635
0.0002997576710522311
0.00027983723671726163
0.00026138651433811936
0.00024426253643617155
0.00022833891896587542
0.00021350360705828128
0.00019965696891154365
0.00018671017777173682
0.00017458383334123192
0.00016320678299565103
0.00015251511040641807
0.00014245126495054442
0.00013296330994978656
0.0001240042715532335
0.00011553157314299563
0.000107506542644511
0.0000998939821743219
0.00009266179114400849
0.00008578063533337843
0.00007922365559814054
0.00007296621083973973
0.000066985650662498
0.00006126111381598083
0.000055773349081134736
0.00005050455573255619
0.00004543824110958203
0.00004055909316569294
0.000035852866154395814
0.00003130627785262037
0.000026906916931354676
0.000022643159260840315
0.000018504092090009312
0.00001447944517003703
0.000010559528003998608
6.735172501155494e-6
2.997680396690363e-6
-6.612251301758178e-7
-4.249444146248548e-6
-7.774541415778523e-6
-0.00001124378502096367
-0.000014664182521213815
-0.000018042514986823406
-0.00002138536921520983
-0.000024699168414263287
-0.000027990201617615427
-0.00003126465208110959
-0.000034528624897174823
-0.00003778817405448904
-0.00004104932916443406
-0.000044318122071794626
-0.00004760061356750465
-0.000050902920422809836
-0.000054231242970092176
-0.00005759189346338668
-0.00006099132546361747
-0.00006443616450812331
-0.00006793324034307403
-0.00007148962102006924
-0.00007511264918604282
-0.0000788099809281411
-0.00008258962757435089
-0.00008646000089613451
-0.00009042996221315335
-0.000094508875963014
-0.00009870666837201524
-0.00010303389194980978
-0.0001075017966311128
-0.0001121224085054865
-0.00011690861721590803
-0.00012187427326899335
-0.00012703429669228057
-0.00013240479870123387
-0.00013800321830657606
-0.00014384847611195257
-0.0001499611479306743
-0.000156363661303477
-0.00016308051854035284
-0.0001701385505611525
-0.00017756720659244527
-0.00018539888572725074
-0.00019366931750352514
-0.00020241800005952245
-0.00021168870613714328
-0.00022153006930998844
-0.00023199626540794938
-0.0002431478073278883
-0.0002550524754233796
-0.0002677864106765469
-0.0002814354041550219
-0.0002960964242223954
-0.00031187943309974903
-0.0003289095573322079
-0.00034732969339426286
-0.00036730365127975845
-0.00038901996712282816
-0.0004126965529660987
-0.0004385864008971737
-0.00046698462436274476
-0.0004982372078396216
-0.0005327519562132805
-0.0005710123002556443
-0.0006135948436506918
-0.000661191858515524
-0.0007146403930873952
-0.0007749603125188089
-0.0008434045528925488
-0.0009215262895531014
-0.0010112698606670645
-0.0011150955669688807
-0.0012361535949826899
-0.0013785304951582015
-0.0015476050220719528
-0.0017505725791491832
-0.0019972362451228715
-0.0023012314383808333
-0.002681979063127303
-0.0031679084410645114
-0.0038019900377057325
-0.004651685092215029
-0.005827858259927665
-0.007523233662523277
-0.010097428746274301
-0.014286327133085648
-0.021797280134056175
-0.037383997647615796
-0.07880057910237247
-0.2645349352493153
-9.682029326740901
-0.5723485742909211
-0.11359082826488581
-0.04679908203164599
-0.025290663185687522
-0.01576668914854275
-0.010737604074504374
-0.007765687267124026
-0.0058662393134886305
-0.0045799794304983805
-0.003669369451262942
-0.003001572351621513
-0.002497608996673971
-0.002108144116056147
-0.0018010795575000539
-0.001554806570134964
-0.0013543490354459714
-0.0011890644523716366
-0.0010512231931422125
-0.0009351026158305071
-0.0008363934075476949
-0.0007518010047448142
-0.0006787721548093156
-0.0006153036684205818
-0.0005598063071471458
-0.0005110063699758467
-0.0004678735073312553
-0.00042956707247197466
-0.00039539576595722136
-0.0003647869401562556
-0.0003372630103494964
-0.0003124231536149858
-0.00028992898385444936
-0.00026949324612316237
-0.0002508708247497315
-0.00023385153981083983
-0.00021825433696875273
-0.0002039225711148281
-0.00019072015476135384
-0.00017852839466276263
-0.00016724337963506576
-0.00015677381245501442
-0.00014703920155348176
-0.00013796834576800603
-0.00012949805900030876
-0.00012157209220505939
-0.0001141402184221129
-0.00010715745309937888
-0.0001005833871270447
-0.00009438161412863016
-0.00008851923685323938
-0.00008296644016797506
-0.00007769612029240373
-0.00007268356165578047
-0.00006790615417260228
-0.00006334314488828395
-0.00005897541889346002
-0.000054785305183800816
-0.000050756403782026064
-0.000046873430966307864
-0.00004312207988301663
-0.00003948889417972936
-0.000035961152585780535
-0.00003252676260618071
-0.000029174161684803698
-0.000025892224343357224
-0.00002267017391618047
-0.00001949749758171135
-0.000016363863441825135
-0.000013259038420236823
-0.000010172805742365593
-7.094880718343143e-6
-4.014823478525427e-6
-9.219472006278718e-7
2.19477978265354e-6
5.346839806537866e-6
8.546281694415079e-6
0.000011805848968490983
0.000015139123253496507
0.000018560686190104424
0.000022086303819694783
0.00002573313820813595
0.00002951999209163328
0.00003346759360474906
0.00003759892976688184
0.00004193963945715771
0.00004651847923037897
0.00005136787869445446
0.000056524606523175864
0.00006203057383743815
0.00006793380910329241
0.00007428964847592521
0.00008116219852762422
0.00008862614574280384
0.00009676901076701672
0.00010569397763913769
0.00011552347272643525
0.00012640373013899183
0.00013851066797254165
0.0001520575248464632
0.00016730488737667283
0.00018457400537027108
0.0002042646886573703
0.00022687968216933597
0.00025305834757784185
0.0002836239495120104
0.0003196512147396334
0.0003625647504807239
0.00041428556190896057
0.0004774545582604827
0.0005557830410336502
0.0006546199097884257
0.0007819035515932973
0.0009498284687917405
0.001177913301681024
0.0014989994538225325
0.0019718799963824307
0.002710483308769386
0.0039600220791055265
0.006331611024456181
0.011725490672486733
0.028802357788599412
0.15513851803746995
1.4078174739666112
0.05617896498898833
0.01722906948541538
0.00821047036419726
0.0047742048329484366
0.003110811723347171
0.0021821842922725133
0.0016120234767340621
0.0012372835354181714
0.0009780409425696774
0.0007913905609990439
0.000652631695297721
0.0005467317311027301
0.00046411849739174646
0.00039846331655939935
0.00034544699754927963
0.0003020405841878023
0.0002660693649269015
0.00023593949678832394
0.00021046146425745163
0.0001887330776252241
0.00017006012733432725
0.00015390145893160644
0.0001398302446876784
0.00012750621670775563
0.00011665545541718514
0.000107055473053586
0.0000985240648625042
0.00009091087886322413
0.00008409097252063903
0.00007795983889076052
0.00007242953155929838
0.00006742561962601853
0.00006288477570860074
0.00005875285101341989
0.000054983328300375185
0.000051536070334295147
0.00004837630108586374
0.000045473771535028116
0.000042802072846140505
0.000040338067919048145
0.00003806141858076233
0.000035954190476653305
0.000034000521417287046
0.00003218634180697726
0.000030499138021925646
0.000028927751367362008
0.000027462206635217013
0.00002609356538998389
0.00002481379999382953
0.00002361568509103273
0.000022492703843654808
0.000021438966673524533
0.000020449140642454284
0.000019518387910564752
0.000018642311965049756
0.000017816910519748896
0.000017038534157727183
0.00001630384993161992
0.00001560980925513645
0.000014953619518185173
0.000014332718941064318
0.000013744754252885605
0.000013187560838152216
0.000012659145045101266
0.000012157668391475922
0.000011681433439182489
0.000011228871139751884
0.000010798529478557086
0.00001038906326801731
9.999224959153917e-6
9.627856357309708e-6
9.273881142028215e-6
8.93629810334756e-6
8.614175017373958e-6
8.306643093196938e-6
8.012891931218328e-6
7.73216493993725e-6
7.463755164299859e-6
7.207001484061085e-6
6.961285145238405e-6
6.726026591834582e-6
6.500682568593611e-6
6.2847434687028475e-6
6.077730903152609e-6
5.879195470910297e-6
5.688714711245055e-6
5.505891221465494e-6
5.33035092503546e-6
5.161741476554894e-6
4.999730791431556e-6
4.844005689284301e-6
4.694270641174899e-6
4.5502466117312315e-6
4.411669988072486e-6
4.278291588219701e-6
4.149875742352388e-6
4.026199440891877e-6
3.9070515439422195e-6
3.7922320471211056e-6
3.6815513992499637e-6
3.5748298677882633e-6
3.471896948251606e-6
3.372590814184378e-6
3.2767578045559733e-6
3.184251945715437e-6
3.0949345052861382e-6
3.0086735755983285e-6
2.9253436844618903e-6
2.8448254312618347e-6
2.7670051465223713e-6
2.6917745732397177e-6
2.619030568417656e-6
2.548674823366381e-6
2.4806136014385938e-6
2.4147574919811172e-6
2.3510211793746726e-6
2.2893232261229206e-6
2.2295858690289957e-6
2.171734827574011e-6
2.1156991236746535e-6
2.0614109120630634e-6
2.0088053205833304e-6
1.9578202997555667e-6
1.908396481001522e-6
1.8604770429734255e-6
1.8140075854643485e-6
1.768936010418521e-6
1.7252124095918582e-6
1.6827889584458574e-6
1.6416198158864533e-6
1.6016610294861982e-6
1.562870445853887e-6
1.5252076258368576e-6
1.4886337642646191e-6
1.4531116139599975e-6
1.4186054137640353e-6
1.3850808203360268e-6
1.352504843507367e-6
1.3208457849807246e-6
1.2900731801812204e-6
1.2601577430771153e-6
1.2310713138005672e-6
1.2027868089087526e-6
1.17527817413637e-6
1.1485203394997531e-6
1.1224891766211438e-6
1.0971614581501897e-6
1.0725148191673671e-6
1.0485277204607213e-6
1.0251794135739147e-6
1.0024499075304781e-6
9.803199371433175e-7
9.58770932825798e-7
9.377849918242213e-7
9.173448507969482e-7
8.974338596695182e-7
8.78035956699406e-7
8.591356446876987e-7
8.407179682787373e-7
8.227684922919159e-7
8.0527328103333e-7
7.88218878537535e-7
7.715922896926777e-7
7.553809622050079e-7
7.395727693606849e-7
7.241559935458781e-7
7.091193104874754e-7
6.944517741795563e-7
6.801428024619004e-7
6.661821632193671e-7
6.52559961171986e-7
6.3926662522773e-7
6.262928963710137e-7
6.136298160617518e-7
6.012687151207448e-7
5.892012030788104e-7
5.774191579679066e-7
5.659147165338759e-7
5.546802648512964e-7
5.437084293220609e-7
5.329920680401434e-7
5.225242625058646e-7
5.122983096740807e-7
5.023077143209909e-7
4.925461817155704e-7
4.83007610581921e-7
4.7368608633978313e-7
4.645758746107748e-7
4.556714149788862e-7
4.469673149940596e-7
4.3845834440825405e-7
4.301394296340464e-7
4.2200564841610684e-7
4.140522247064617e-7
4.0627452373491315e-7
3.986680472662391e-7
3.912284290363932e-7
3.8395143036010033e-7
3.7683293590270257e-7
3.69868949609463e-7
3.6305559078573705e-7
3.5638909032179487e-7
3.498657870563978e-7
3.4348212427340887e-7
3.3723464632604265e-7
3.3111999538356214e-7
3.251349082955122e-7
3.1927621356872334e-7
3.135408284526312e-7
3.0792575612852125e-7
3.024280829986467e-7
2.970449760712537e-7
2.9177368043769896e-7
2.86611516838125e-7
2.8155587931218285e-7
2.766042329315279e-7
2.717541116109195e-7
2.6700311599486796e-7
2.623489114170061e-7
2.5778922592931926e-7
2.5332184839862877e-7
2.489446266677675e-7
2.446554657790076e-7
2.4045232625739143e-7
2.3633322245173682e-7
2.3229622093115177e-7
2.2833943893500927e-7
2.2446104287439966e-7
2.206592468831571e-7
2.1693231141664501e-7
2.132785418965554e-7
2.0969628740005407e-7
2.0618393939163405e-7
2.027399304961705e-7
1.9936273331166293e-7
1.9605085926025575e-7
1.928028574761597e-7
1.8961731372919276e-7
1.8649284938260638e-7
1.8342812038405893e-7
1.8042181628853433e-7
1.7747265931208698e-7
1.7457940341533032e-7
1.7174083341564905e-7
1.6895576412712828e-7
1.662230395272378e-7
1.635415319493481e-7
1.6091014130021933e-7
1.5832779430155223e-7
1.5579344375484627e-7
1.5330606782871286e-7
1.5086466936793617e-7
1.4846827522350565e-7
1.4611593560293625e-7
1.4380672344020454e-7
1.4153973378461577e-7
1.3931408320800001e-7
1.3712890922962277e-7
1.3498336975821201e-7
1.3287664255055398e-7
1.3080792468611056e-7
1.287764320571129e-7
1.2678139887366707e-7
1.2482207718334432e-7
1.228977364048089e-7
1.210076628750282e-7
1.1915115940961232e-7
1.17327544875888e-7
1.1553615377827704e-7
1.1377633585559822e-7
1.1204745568991013e-7
1.1034889232652932e-7
1.0868003890487933e-7
1.0704030229980957e-7
1.0542910277308061e-7
1.0384587363468476e-7
1.0229006091368793e-7
1.0076112303831553e-7
9.925853052497866e-8
9.778176567598226e-8
9.633032228562036e-8
9.490370535444139e-8
9.350143081138812e-8
9.212302524361174e-8
9.076802563369867e-8
8.943597910410151e-8
8.812644266854655e-8
8.683898299021791e-8
8.557317614650822e-8
8.432860740012863e-8
8.310487097641439e-8
8.19015698466212e-8
8.071831551703305e-8
7.955472782372436e-8
7.841043473279733e-8
7.728507214593978e-8
7.617828371114057e-8
7.508972063842113e-8
7.401904152042535e-8
7.296591215774012e-8
7.193000538879356e-8
7.091100092421597e-8
6.990858518551559e-8
6.892245114796282e-8
6.795229818754856e-8
6.699783193191225e-8
6.605876411511371e-8
6.513481243614914e-8
6.422570042110068e-8
6.333115728881821e-8
6.245091782003353e-8
6.158472222980736e-8
6.07323160432228e-8
5.989344997422756e-8
5.9067879807537595e-8
5.825536628352289e-8
5.745567498598416e-8
5.666857623274942e-8
5.589384496900558e-8
5.5131260663291076e-8
5.438060720607937e-8
5.364167281088153e-8
5.291424991779382e-8
5.219813509943345e-8
5.14931289691886e-8
5.0799036091724584e-8
5.011566489568262e-8
4.944282758851792e-8
4.878034007340945e-8
4.8128021868195386e-8
4.7485696026276055e-8
4.685318905942929e-8
4.6230330862494915e-8
4.561695463986809e-8
4.501289683376391e-8
4.4417997054200345e-8
4.383209801065465e-8
4.3255045445354224e-8
4.268668806814955e-8
4.212687749293969e-8
4.157546817559921e-8
4.1032317353373865e-8
4.049728498570581e-8
3.99702336964484e-8
3.9451028717439695e-8
3.8939537833392214e-8
3.8435631328076e-8
3.793918193175007e-8
3.745006476981807e-8
3.696815731267474e-8
3.649333932671197e-8
3.602549282645622e-8
3.5564502027808166e-8
3.511025330235501e-8
3.46626351327343e-8
3.422153806901341e-8
3.3786854686067494e-8
3.3358479541928004e-8
3.293630913707486e-8
3.252024187465423e-8
3.2110178021593085e-8
3.17060196705935e-8
3.130767070298024e-8
3.091503675238519e-8
3.052802516924289e-8
3.014654498608244e-8
2.9770506883593103e-8
2.9399823157444047e-8
2.9034407685842453e-8
2.8674175897811142e-8
2.83190447421663e-8
2.7968932657179567e-8
2.7623759540911858e-8
2.7283446722192983e-8
2.694791693224302e-8
2.6617094276911058e-8
2.6290904209522165e-8
2.5969273504314066e-8
2.5652130230452038e-8
2.533940372660837e-8
2.5031024576089738e-8
2.4726924582504636e-8
2.44270367459522e-8
2.413129523972597e-8
2.3839635387515664e-8
2.3551993641098604e-8
2.3268307558506346e-8
2.298851578265924e-8
2.271255802045287e-8
2.244037502229119e-8
2.217190856205298e-8
2.190710141748031e-8
2.1645897350983035e-8
2.138824109084693e-8
2.1134078312836896e-8
2.0883355622185444e-8
2.063602053595953e-8
2.039202146579512e-8
2.0151307700991833e-8
1.991382939195896e-8
1.9679537534006614e-8
1.9448383951471464e-8
1.9220321282171357e-8
1.8995302962180862e-8
1.8773283210921017e-8
1.8554217016554245e-8
1.833806012168056e-8
1.812476900932604e-8
1.7914300889217366e-8
1.77066136843369e-8
1.75016660177516e-8
1.7299417199708957e-8
1.709982721499529e-8
1.6902856710549933e-8
1.6708466983328287e-8
1.6516619968412235e-8
1.6327278227357504e-8
1.6140404936775523e-8
1.595596387714554e-8
1.5773919421849003e-8
1.559423652642364e-8
1.541688071803194e-8
1.52418180851384e-8
1.506901526739287e-8
1.4898439445713387e-8
1.4730058332566024e-8
1.4563840162435617e-8
1.4399753682485788e-8
1.4237768143401123e-8
1.4077853290410679e-8
1.3919979354485848e-8
1.3764117043712116e-8
1.36102375348278e-8
1.3458312464928372e-8
1.3308313923332604e-8