7.290151235118771e-19
3.5573079626469444e-19
-5.432297579300657e-19
-0.0008272538761239117
0.00008774027891670664
-0.0006725245827543843
-0.000045169113782301256
0.0006985605707631414
-0.0000777862200163266
0.0002878945589633633
0.000571705110703575
0.00004846484497336906
-0.000705200755106492
0.0009832669997857087
-0.0005570030839405058
-0.000812327814023131
-0.0002745094036558896
0.0010026923746818842
-0.0011282461773077818
0.00026134019821051727
0.00111026309135626
0.00046571617947277586
-0.0013016041154648205
0.001485325041343222
-0.0002233098129208706
-0.0014002170084181872
-0.0007343952072465024
0.0014464659829878709
-0.0020837410693379625
6.77010096658988e-6
0.0017670276425663762
0.0013050721109458872
-0.0016299287126685144
0.0035828272297688648
0.0008818931439932735
-0.0027256964275688455
-0.0031889394667597914
0.0009200932317604968
-0.014746341417526801
-0.011473182695839463
0.009395948464377489
0.04010189333021755
0.08046887761745465
0.07840876223279271
0.02697351026909155
-0.009800175370700022
-0.01613268697712593
-0.0013514100554486287
-0.006761274484642397
-0.0018910918249010486
0.0037322989444274935
0.0038691678578618117
-0.0019396967791100535
0.004854733743427378
0.0004343520603412164
-0.0036904086062383595
-0.0027088531642775328
0.003031607010988972
-0.005089334636942774
-0.00009492707995017775
0.0038473015752448396
0.002644501630000713
-0.003272447586560926
0.005371303209365355
-0.0000612454927677403
-0.00447856299560044
-0.002842253473489867
0.003916716672959924
-0.006262173820269692
0.00005241597341691186
0.004912814063272372
0.003245822082020359
-0.004229913116178141
0.006897675385799284
-0.00002636099297714399
-0.0057821250600788915
-0.00372761501131639
0.004693965861333783
-0.00783584501552721
-7.106902756925719e-6
0.006428948679898922
0.004422131255970638
-0.005174111571375217
0.009001616042449829
0.00031561553784353164
-0.007110369500219582
-0.00508312891465228
0.00578815718094202
-0.010801395882691528
-0.0003816685415769032
0.008395822954419143
0.0061888490257688425
-0.006947859821609381
0.012744237056968002
0.0007120490970844654
-0.009941408886636036
-0.007228362053556471
0.007821654723923795
-0.015145051460581491
-0.000998865506947576
0.011678527827229763
0.009067447487606344
-0.009624550827612426
0.018470814301406874
0.0013545998211537578
-0.013824364689775874
-0.010565977515212408
0.010659468658774936
-0.022297102527578046
-0.0016980904475750402
0.016600022261733398
0.01368512475613628
-0.013236784532992383
0.0286623257653436
0.002684380991272503
-0.021036696321382782
-0.016225340683878084
0.01468611895660445
-0.03554581171238123
-0.0034689195493023493
0.026149907777104128
0.022760464176955996
-0.0211002407399277
0.04902211315919016
0.005852322929439995
-0.035949135115571025
-0.026482178534808373
0.02226067845993704
-0.06502343705775737
-0.006607248491820619
0.044345114758842244
0.04367457617172733
-0.03962199988539824
0.1091498253933254
0.016579437965851873
-0.0766075866635114
-0.04178563423678993
0.027493511780285276
-0.1328762735469452
-0.00920555130036238
0.04641891943194543
0.07408057226452647
0.0782294158281501
0.060819982102292475
0.010486602346759586
-0.11923026502448482
-0.5464555695176823
1.6563196931964554
-0.36429652230257564
-0.14723215721258814
0.674387982887849
0.3809272380402402
-0.3245408542581405
1.2403903078873182
0.1843492413723812
-2.0158489989211232
-13.721186007255477
14.284581946483518
-19.611139622787285
-1.4508031898137732
4.6726446866088125
6.089083152957421
-3.533498987873729
1.763216032281634
0.24490426031665788
-0.7323110214084222
-0.4049345982685791
0.2261018564919349
-0.40571288112827564
-0.05260540909019188
0.20743203145034633
0.1863142370166597
-0.12528749509515347
0.18638479434044788
0.027990327580015576
-0.10506052047982564
-0.08297590266663078
0.050932927475676446
-0.09964295831785415
-0.01636015255691422
0.05866313212269211
0.054364237722472654
-0.03275319461084919
0.06487872646633015
0.012431126978956791
-0.037032552532880014
-0.03524261038327853
0.0184760795951603
-0.04263500971364694
-0.0106143148924398
0.025624477833760075
0.026428154214424408
-0.011396701465463024
0.032373322861657304
0.008369526218304658
-0.017558133744748433
-0.019796875420645503
0.006555728138205649
-0.023127633469058186
-0.008622948939330096
0.013418825395473996
0.017236759309405388
-0.0037443809601729943
0.020577428820672553
0.008146294844460002
-0.00963918802487828
-0.015146018289555176
0.0006612677644851368
-0.016712037144026616
-0.008847111386782696
0.007899995008607814
0.014391976537968598
0.0010028739629237167
0.01649662568243102
0.009351351095197975
-0.0054844185330352995
-0.013988923080000134
-0.004546136979633323
-0.01387437941838131
-0.012449420060647564
0.005083625298459852
0.014955751284569854
0.004358156775177378
0.019465229851411317
0.012623635535592806
-0.003079721618091203
-0.014798376247820174
-0.010333726748402761
-0.01357653227778049
-0.020965126711658438
0.004321708341920646
0.016873275706235428
0.005348373219148472
0.06292204333530944
0.014330966822551963
-0.0012840420082318744
-0.008452310956588747
-0.011207806226597644
-0.011331837467690868
-0.008239024107146055
0.0009339689798781457
0.024608842837474235
0.16247487858309922
0.011797015164402128
0.032842568567449534
-0.007798562775520527
-0.054029980540655706
-0.022923932076410112
-0.04653023906818398
-0.03906171575087909
0.0020210402328012444
0.06055530418245738
0.08822288692441582
0.039144502333353835
0.07854551518904215
-0.013689114223124688
-0.11633456827789276
-0.06419032261083338
-0.12374388516598865
-0.10854340309689009
0.008126419474401724
0.16646834876989547
0.24805123217225591
0.13367005846266325
0.28603802690088725
-0.08605037047184452
-0.5196226511139882
-0.27676641284110515
-0.897051474713667
-0.734877093691501
0.009483036354736688
1.7836224901896975
10.512657223989102
2.652654442491667
22.02997798992553
-3.2008072444244036
-11.718194867034406
-22.29563163519008
-1.795591983206203
-2.3422298761750486
0.3222736565705714
0.9979591798439768
0.2830322312389387
0.5082551414890654
0.3234131840322576
-0.053703045643525495
-0.3134774310797256
-0.19897918847548648
-0.1741281128306622
-0.17183897883565372
0.012866432826152407
0.1296248357389789
0.061591809957598345
0.09133118085292163
0.070886352801391
-0.02366541962970252
-0.0820888473112829
-0.04671147990014767
-0.05342361389047357
-0.05396611059018062
0.005395252664631935
0.04511033864492219
0.02176619545529263
0.032781403252632485
0.028548388870894875
-0.008298609248945365
-0.03613885990238007
-0.020168285856410607
-0.02507095073035383
-0.021947328901719715
0.005091174554796374
0.02291030202320166
0.009447511375476588
0.016549386894316575
0.013764173702986578
-0.005720300549522347
-0.019615654964767096
-0.006784359141165651
-0.014827787118312254
-0.013718029899984711
0.0018524109685544613
0.011644212491072167
0.004879655113587212
0.008836976620701287
0.007549923347404299
-0.003244960665710922
-0.010402918626003399
-0.005810077402139755
-0.00939063424118389
-0.00764742706326093
0.0010015847874371986
0.0063549230021984
0.0021996536840361266
0.004904365075959323
0.004495912275122666
-0.0027620388195447668
-0.005741664184376749
-0.002914150793106173
-0.005116389645497324
-0.004021675331013562
0.0006633698273866946
0.0035022810178495494
0.001282716798233666
0.002580071652721761
0.002167969178505308
-0.001596072174900778
-0.0036686491779548023
-0.0015387680158681777
-0.002948804071037635
-0.0017623931007353685
0.0003991403590544347
0.0016933385162696782
0.0005328657683515728
0.0010603022941009217
0.0007604219003768882
-0.0008784724340617567
-0.001654364654440521
-0.0005356565250239326
-0.0012523941197225951
-0.0005498865590286056
0.00021415353907174253
0.0005558589855142655
0.00011413455765520827
0.00019202912474937872
-0.00007030388706022933
-0.0003889730118418004
-0.0002950006961576065
0.00003441208203602892
0.0013420182969086888
0.0003053128342269002
0.000050286701248374506
-0.0000305207318604782
-0.000042787730584778705
-0.0003290636512848466
-0.00017323143560416015
0.0000543144827644591
0.0003992987086243756
0.0013801631692354744
0.0005249374709509607
0.0008210823180033793
-0.00020966331745533677
-0.00077733742314218
0.000011706671170035469
-0.001101429074170169
-0.0005733966379330801
0.00044485645287582585
0.0011156877544505723
0.0006354251646260745
0.001297078749099014
0.0012937601501363143
-0.00009815367884496106
-0.0007133312349945153
0.0005023229074154338
-0.0016293881572174876
-0.00029638537452928804
0.0011942468777948194
0.0019745573405938457
0.00076483237166824
0.002544880864815426
0.001782954831734031
0.00011871478472010568
-0.0006451051682674304
0.0018095586126493399
-0.0032982451550861496
0.0007617248001642645
0.0024276065120011877
0.0026412966082491893
0.0006762192741499552
0.003310370444643725
0.002165307924336983
0.0009162400211766063
0.0018652037464513
0.004533444466628099
-0.008677325680600286
0.0036113060916689943
0.004760190247421938
0.0033062008846941686
0.0007841741308216027
0.005106745058582113
0.003247471478329947
0.0032990736115368277
0.005896756331234951
0.013666246940741787
0.00679983563944616
0.013394280586563688
0.013180495058843566
0.008971107030372346
-0.0017173297756516446
0.01818268168951966
0.00464032951169766
0.014180324746935214
0.04472963817582775
0.0666965176571934
0.04120479698561532
0.06434531546515267
0.08605163803903139
0.04814835141046918
-0.0796153682159218
0.20771422139752457
0.05783982015721573
0.888976972939557
18.56440577845961
11.915617116842126
0.8448506934169109
0.7542435003763476
0.3833952520262809
0.0779069547368033
-0.06581814425844688
0.09283645339316449
0.006876012003342933
0.013005182015453306
0.05067649471961755
0.062067922985826134
-0.011043993128707637
0.03117341675804711
0.0259609388499007
0.006257977392780188
-0.006396277583930369
0.013759409831185659
0.000264504452195445
-0.00008655761814213073
0.009843012923730009
0.014955702653335247
-0.004903364700927327
0.0074703952077310246
0.00970963805949209
0.003971413067106209
-0.0024245279183472395
0.008249082519240171
0.0014473192859531393
-0.0016940028026785493
0.001668258882277074
0.006457228224097812
-0.002999347363108773
0.0024229513174742617
0.00506197310935336
0.003652456769909095
-0.00211114254625462
0.006248152333659416
0.0018445119815313012
-0.001973483082245539
-0.0007921207715984321
0.0027522494969399558
-0.004559891854536487
-0.00022460494248950904
0.003052225712066581
0.0034494736569983925
-0.0012177926469067106
0.005606559585010726
0.0030839173981406045
-0.003153223571375282
-0.0018426940114468883
0.0008534463883526695
-0.0058706812613779314
-0.000708388648568989
0.001066981062540567
0.0017307645602286246
0.0017621104993940913
0.0016703269092863098
0.0008185214489587837
-0.0010353235706683848
-0.005270807420643279
0.002800552218330282
-0.002719592872778747
-0.0027047454261358763
0.0026835929314226533
0.0037682896416361107
0.0006491610502018067
0.00401517178054654
0.0023301094628648137
-0.0011308105952008106
-0.003980666086545369
-0.0009367999469498105
-0.0031136608083636146
-0.0027829896648079422
0.0017311869894905347
0.003902901250021497
0.0012287587498220256
0.003913567630274562
0.002762883381025072
-0.0010757346856566012
-0.0041111750117431385
-0.0016541328839415406
-0.0034928138961185648
-0.0033159428208730927
0.001177677408795716
0.0039490633032759955
0.0014311124592991525
0.0037268094445444384
0.002825948388801264
-0.0013077861698160065
-0.004606429778660846
-0.0023938749291060935
-0.004288441620661861
-0.003970042007184233
0.0005808271856835568
0.00358171496240678
0.0008974516891532318
0.0037527369092920765
0.0023589110544272327
-0.0023137214121304725
-0.005713751355610913
-0.0030992582818918633
-0.005881868836337053
-0.0050913847001628635
-0.00008908055798612862
0.0027480257599711644
-0.0014330874020835338
0.0028228574030623663
0.00005030840186736928
-0.006377539320254885
-0.009553512650638247
-0.004347565364280401
-0.013963530851252008
-0.008991578113498877
-0.0018027989054251008
-0.005509794153878198
-0.024446520959160525
0.006260903200268734
-0.03479305508642784
-0.0758720724040015
-0.07832996590568875
0.01731080377079343
-0.7285375128099676
-1.9019750083654792
0.17621647164994228
-0.07713177580539524
-0.13269608296668492
0.028354302641862984
-0.03110260533683906
-0.03847168304306246
-0.015923009258726934
0.012552113599404419
-0.03423687334990263
0.0022495182729634676
0.009239095054924158
0.0007770019159586531
-0.0035135748467333408
-0.007129811771972776
-0.008018193066722228
-0.0067994815489673946
-0.003462876667863842
0.003067650177313061
-0.0049445673965300505
-0.0013988637142696896
0.0030289581496004948
0.0038087537548106907
-0.004267655758240497
0.0036399858589159927
0.0005753716226894803
-0.0035678790502399363
-0.003949023850782429
0.00028499834469604705
-0.004590186367721547
-0.002225899758284765
0.001316040032968562
0.0025923228952943896
-0.0011357750059899866
0.0029621652276310886
0.0014241975241308879
-0.002189111897119311
-0.0038156964399541967
-0.0008938074243873594
-0.0038573655047331496
-0.002671564893211466
0.0009176614980868564
0.0027828456230442333
0.0002705744024793552
0.0028872038759937637
0.002001034379002202
-0.001585018593461916
-0.003672736462954526
-0.0013628417917198787
-0.003571260264354865
-0.0028076324831337414
0.0007593980980822178
0.0029639546682008974
0.0007893972948021632
0.0028481815828253374
0.0022560337110828603
-0.0012806260616563961
-0.0036771720907452458
-0.0016557497613705
-0.0033890522392887447
-0.0028854025389535368
0.0006591711223168559
0.003173253519946219
0.0011221609869725047
0.0028087175037244286
0.0024890473937631114
-0.001125372993713912
-0.0036520349659507644
-0.0017727035225299738
-0.0032567373414825016
-0.0029682688246394588
0.0005835773909550864
0.0032216891388741086
0.001358309309458652
0.002819711493681522
0.002593668483396025
-0.0009546985533501554
-0.003735077124962634
-0.0019272227883567158
-0.0031837675950143157
-0.003047391741689166
0.000523143275543116
0.00331988458781674
0.0016597819310743016
0.0028564154797394016
0.002741671822375166
-0.0007765568897187061
-0.003629931877827764
-0.001953014821749091
-0.00317435405740424
-0.0031216768487708864
0.00047848747747440055
0.0033679946040506585
0.001877990189116871
0.0028706199815053813
0.0028975401426299414
-0.0007779341748384642
-0.0036634544559874505
-0.0021159488354347074
-0.0030922855392919554
-0.0031880520969105
0.0005163825373813804
0.0034500801643829954
0.0018433743504471113
0.0030214994493181903
0.002995925378536231
-0.0007282377751532392
-0.0036746705692570175
-0.002214385929950635
-0.003084008015103688
-0.0031985423328815938
0.0005503737418053744
0.003547112130495371
0.0018970418258314333
0.0029142727493286845
0.00299860601214368
-0.0007209368491192235
-0.003734744967104307
-0.002312277362244819
-0.0031391165018150465
-0.003315106715150913
0.0004663446025475188
0.0035250147123744675
0.0021045322012489018
0.0030211440933763933
0.0031056771186041034
-0.000603958190335458
-0.003863320742174976
-0.0022192762992573954
-0.0030816225878430893
-0.003285785484867608
0.00043328381596444235
0.0035735727593987046
0.0021409075991877754
0.0029580127548320986
0.0031240798275369366
-0.0005473191491448877
-0.003635918237307453
-0.002232418065633333
-0.0029977539891567224
-0.003303357282667457
0.0005182801502397528
0.0037661018803707654
0.002174945839000517
0.002954069610985911
0.003240591180865227
-0.0004953490295727252
-0.003720271981936454
-0.0022375623672558557
-0.0030171368497963033
-0.0033747331568570746
0.00030191690203913246
0.0038429443431704895
0.0024413670508179443
0.0029321183203406373
0.0033099821596399804
-0.00046671942910838396
-0.0037582060103633183
-0.0025203988283204826
-0.002906323308690073
-0.0033621441195765328
0.00039712350696688474
0.0037013625893893027
0.0022474978958643326
0.002957202108312956
0.0035263266679251316
-0.0003966903174158098
-0.0038304511091777392
-0.002439368329023159
-0.003080791580618053
-0.0034492664989128514
0.0003214982358353522
0.0037307475893814356
0.0024558405575943036
0.00302188774719116
0.0033946674407690303
-0.00044455011387178124
-0.003916425796653329
-0.0024688912357442657
-0.0029091179539602685
-0.0035644700425343004
0.00037724275143601494
0.003832938446083556
0.0022604823597096413
0.0028556480782531866
0.0033817675666484607
-0.00045522298700392176
-0.003938215227241552
-0.002533437242359985
-0.0029253813809494884
-0.003521247092512568
0.00031116874602026614
0.003775625265569077
0.0024135083459315564
0.003070940644689193
0.003517790199752302
-0.0004712520049502045
-0.003936572960186859
-0.0025739193777842297
-0.002927457521371717
-0.0034465618436307936
0.0003913325113164257
0.003921429743177493
0.0024005890540883938
0.002949187874846342
0.0032723818685421314
-0.0003164416821577998
-0.004008804963539683
-0.0027648245923833793
-0.0030762590851160904
-0.003447009985530173
0.00027398897261572317
0.0037977953373796807
0.00250109823912787
0.0030644220856330556
0.0033811536020173726
-0.0003153481348927843
-0.003723168834516159
-0.0025884421196903495
-0.0030469131814804397
-0.0035313685266925004
0.0004553596918446644
0.004096632657581637
0.0027514491488742332
0.0030633972349739975
0.0034625423811112804
-0.00047559753903237724
-0.0038916142087103024
-0.0025187999366897656
-0.003073486261999187
-0.003540045493957357
0.000465317967515226
0.0037660873401767457
0.002452147641486697
0.0031270908310211494
0.003580372928250135
-0.0004027313030339412
-0.003914364219699835
-0.002478616116391394
-0.003212737204289905
-0.0035351268672754576
0.00038824032319860485
0.004029357798016744
0.0025788243753341405
0.0030246504545874066
0.0034943889443926263
-0.0003891338971083518
-0.0039833233762395824
-0.002540149350580494
-0.0029464228636072298
-0.0035684293774905693
0.00037727407188389893
0.003953112574117708
0.0027158095158675345
0.0030416307758245834
0.0036040120817826464
-0.00035740034272289966
-0.003907420584553096
-0.0025666810226357326
-0.0031129086432405504
-0.0035546009201802447
0.00020231081294605212
0.003980431207742301
0.0029034927019696228
0.0030095158001116388
0.0036533496433185267
-0.00022859864605369952
-0.0041047958773025375
-0.0028813114241187927
-0.003116533324077298
-0.003685120833241032
0.0002201899615258451
0.003980517210345575
0.0027640688132274907
0.0028514129791752437
0.003813015788465447
-0.00021078102104808445
-0.003870185045500129
-0.0027817471191842985
-0.0029403051001652687
-0.0037219586644158253
0.00022445721397882252
0.004105541859066577
0.002744129586745354
0.003052764723244763
0.003521894679978436
-0.00024538060581324593
-0.0037579261534503128
-0.0028081284496322247
-0.0030396672673362554
-0.003580703330112983
0.0002503329714642762
0.003992753995611948
0.0027916254836702005
0.003253575223595087
0.003638582641601503
-0.0002739327115880661
-0.0035786930246047653
-0.0027188890846182668
-0.003019964319028437
-0.0036324830982988475
0.0002596501480308387
0.004299258709123382
0.003028350511438623
0.0029631029856551703
0.0037542156424791757
-0.00016604401303581834
-0.004259956365370489
-0.0027288608921991705
-0.003125851798908756
-0.003790438739073687
0.0002498395657111011
0.003740908677290665
0.0027862808287481534
0.0030126354573580534
0.0038304674652799102
-0.00019590599928889308
-0.0040457309570315035
-0.002938006437830712
-0.00304226641147737
-0.003644735944592672
0.00019502366179378092
0.004134004670283646
0.002898281769677351
0.0032092914579076293
0.003905884853095901
-0.00011637091113220335
-0.0038901320400672127
-0.0028724507340593093
-0.0031868193527205962
-0.003978724789745258
0.00014902508146489524
0.0041698392978953384
0.002946176136120147
0.003287506851214874
0.003781723216931437
-0.00022440776735054637
-0.004173803295252718
-0.0027665831625812566
-0.002915085699074549
-0.003639313440690242
0.00015985467079873388
0.004274714809287662
0.0026643328079195136
0.003023635878796603
0.0035882840280710643
-0.0002295477372071236
-0.004052647249294928
-0.0028125453884747195
-0.0030432671591349475
-0.003930728602050153
0.00018316464108800924
0.003977055570154151
0.0029025257600233012
0.003095457593368246
0.0034952100289542547
-0.00020715786078842561
-0.004172836477412553
-0.0028304272518331662
-0.0031676953823253544
-0.0037135287065671076
0.0002162748680902207
0.004134898227774208
0.0027494022375717003
0.0029780622031392724
0.00339767212309353
-0.00026014979054241874
-0.0040140061678703475
-0.0030398674934062416
-0.002925171206889743
-0.003854861442465718
0.0001885756842440558
0.003990259107636894
0.002834220905540296
0.003057348608624424
0.0035455637789407893
-0.00023605364259143981
-0.003771868679645207
-0.002999510108389812
-0.0029082908669723667
-0.003699018888852729
0.00022792872305571317
0.004001302368538747
0.002841349556981906
0.0030007035558564177
0.003688998830047834
-0.00022204690167518522
-0.003931109801695843
-0.0027555262870952
-0.00316841142322511
-0.0036634779416079466
0.0003062850689311306
0.0040735338834319255
0.003042809761462332
0.003031876786349817
0.0037397172515513675
-0.00022589166265367787
-0.004046963111148537
-0.002944397859859751
-0.0030264165244193435
-0.0036748993025936916
0.0002628310485485565
0.004060538040792062
0.0028064308588164524
0.0030150100776435464
0.0036705522221536385
-0.00022524067172491558
-0.004019241055416772
-0.0028504889535297733
-0.0030289846464256966
-0.003732860554690282
0.00019048475658954624
0.004055176442473366
0.0028546483539201336
0.003067628975491581
0.0036902170936265704
-0.00023729327522094005
-0.004094753856138375
-0.0028679245643332524
-0.002988518211912209
-0.0036966178871320077
0.00022738818926506326
0.00396581792088099
0.0028073890122552276
0.003131131115842375
0.003580412449984209
-0.0002298378935684258
-0.004107602491444468
-0.0029000861686656752
-0.003065389035140884
-0.003728033904515268
0.00021089879206675512
0.004140359193445464
0.002944425647471074
0.0030077723840892714
0.0036913406396920046