0.20000012565997297
0.2000160200788719
0.20051432903281619
0.20059466039666296
0.20038073427412642
0.20048479676874834
0.2003418778151401
0.20128247412794323
0.20099669110830604
0.20184141112315207
0.20143907685504164
0.20156515383215337
0.20154101948747996
0.20181736242858336
0.2016086251615512
0.20331387243982169
0.20459246039867296
0.20515048591381962
0.20547904790683166
0.20648434521211093
0.20614044607075888
0.2056225891774256
0.2062214901815959
0.20753518410582147
0.20755566842406287
0.20959037914937784
0.21207548542699173
0.21340790582875174
0.21339325408283685
0.21591829463143333
0.2158558563492126
0.21497220819946933
0.2155293134210399
0.21968914802370443
0.21853076941040464
0.2219484387633152
0.2284961617820257
0.2353704270178352
0.2274070678268433
0.2534566167912082
0.27223348583181767
0.27733243542177727
0.2694495489718676
0.16784382006288198
0.1518078902589899
0.17548062797785907
0.20761874108363462
0.22673005159097487
0.21325679079548535
0.22270166433590058
0.2236974661806826
0.2205732859317261
0.2205697541648047
0.2278814404617307
0.22679427273211736
0.23169195087745656
0.23859404401995848
0.24244857252145724
0.2414569217750233
0.2464992850014721
0.24584882327604282
0.24311346880685106
0.24449856235890138
0.2500252663868868
0.24925977475414124
0.25521559569836233
0.26320455323322073
0.26702638841449156
0.2666271648779194
0.27246993876979586
0.2715416183458241
0.2683828592392643
0.2699987462801759
0.2769438184423463
0.2758971767362075
0.28355711627647096
0.29368786378452844
0.29881366144630933
0.2978839797956312
0.3063782595185943
0.3051299995547431
0.3007739877601093
0.30308290341611094
0.31263301089198603
0.31117150825014644
0.32085658722299193
0.33441698093203637
0.34155556394582215
0.3403994579398525
0.35170372823423907
0.3507253045493817
0.34517103606700467
0.34764357755558883
0.36102990940288815
0.358885223026815
0.3721883955910563
0.39090374819811236
0.40152330097909755
0.3994222299985964
0.4155302137552455
0.4148881165385648
0.40687262341447866
0.41029929455061986
0.4300790851016501
0.4265054944338375
0.4454989331154034
0.47302397262235035
0.48861902857480793
0.48559733616587547
0.5101398880478217
0.5097337719622232
0.49851331634002033
0.5031383623868202
0.5333927983850734
0.5276730226360647
0.556644541292801
0.5985662192955375
0.6234161575441942
0.6204065611939936
0.6587720201954431
0.6602857106019785
0.6431397379172277
0.6505685292332892
0.7021814885922586
0.6899515638576986
0.7403455712983364
0.811279454865006
0.8535193635452468
0.8553923453918684
0.9219999052914557
0.9291899522479588
0.9000108172493512
0.9146939905607205
1.0247430075927304
0.9699081449757422
1.0945117294024478
1.2286669464072835
1.3029577405748511
1.4378755384915534
1.4775879551415574
1.5208874443597162
1.5653532778615433
1.6108614676010478
1.7254936931714822
1.8055365131427703
1.9278777423247317
2.3060205497892854
2.5539897971530117
2.639750076774505
3.65457186400458
3.5131023046013294
3.3154267380017726
3.4938647151090634
4.81935739420765
5.353122230681881
6.979251148767053
10.837024668797632
-12.04419908074915
0.11256302053966215
-12.594209507755352
-9.547083082601501
-12.346501115647897
-11.717297028995395
-5.887718378514679
-6.265203865937272
-4.661695464833055
-3.403708857558913
-2.87120003595178
-3.0299614293574417
-2.5721311347561415
-2.5004239431857385
-2.6030022534209425
-2.5340702250609946
-2.1613520913392215
-2.168837798007801
-1.98130484656049
-1.7537345579469454
-1.626276055614786
-1.6655596575863616
-1.5358764393815036
-1.5138806342728204
-1.5427131895235073
-1.523913875792763
-1.4058868800550803
-1.4089329971723439
-1.3458605977128482
-1.2594150795279335
-1.2031592205517
-1.2248910394967734
-1.1659892452875926
-1.1544753884871095
-1.168796061057567
-1.1647387230268202
-1.1066700618858403
-1.1124956981951606
-1.0855126275257265
-1.042823304643978
-1.010777103379019
-1.0290772831913122
-0.9956004450692857
-0.9894455154655241
-0.9997064242529483
-1.0028804247863046
-0.9671040760296161
-0.9773472135588179
-0.9669505165163277
-0.9429091709624168
-0.9211682825313937
-0.9428294142300149
-0.9206079165185099
-0.9154028249221435
-0.9276953885735073
-0.937874697970302
-0.9106616239784694
-0.9262911426397484
-0.9261608844267905
-0.912888654798933
-0.8964971755135367
-0.9246860887742625
-0.9070615007728118
-0.9026862178236549
-0.9205268563235129
-0.9381102843059428
-0.9120445034746132
-0.9390458488865483
-0.9470802149150019
-0.9424152100086773
-0.9266276284268931
-0.9688264379547604
-0.9524229200096765
-0.9456432042874373
-0.9765481652639829
-1.0000803254400625
-0.9932540151544796
-1.024716962286532
-1.0335666693447076
-1.0409531643815668
-1.0480946047595374
-1.0628997607449466
-1.0717594926377614
-1.0820672342312216
-1.0952517018499872
-1.099048344153773
-1.14218463070382
-1.1929994210811878
-1.2694184010538534
-1.2407614203294512
-1.2218367280220535
-1.3473847419565106
-1.3234712559159447
-1.3415422901681269
-1.4060651299186782
-1.5869448873206407
-1.4771942507858504
-1.6144811908821362
-1.762488995774349
-1.7375810785459593
-1.6902218258815638
-2.0078600076411064
-1.942955035017283
-1.9910423090795395
-2.1809946791669375
-2.7273402371064797
-2.3951966934578564
-2.888378405382417
-3.4952415371307985
-3.3864177634448347
-3.2094854633287806
-4.887797799523966
-4.455409961117348
-4.866166696714005
-6.335935315956353
-14.841467860644638
-9.038465770280705
-10.170947558535614
20.76055110455658
9.498978507300057
19.82980324004184
6.374460608973967
7.350121114645235
7.0248253237547456
4.586974311635909
3.158094532352933
3.8981647031531668
2.819078937123928
2.398612027542298
2.3791257170165343
2.5472197668925247
1.8999301366148982
1.9850135828723372
1.9297365016795591
1.6750900196631582
1.4061765339360803
1.5379777992125687
1.3399412445740198
1.2317787154120372
1.2279150202786882
1.2638811754263137
1.0789932234160966
1.106133111091212
1.0834181184616676
0.9972596754068009
0.895941666392612
0.9465748886122473
0.8637420578983656
0.8172582858451731
0.816475772291674
0.830823044174052
0.7470678539175292
0.7580385750464332
0.7437508124228255
0.7022517951890992
0.6540497026341003
0.6789019585108852
0.6366760616733032
0.6129982483195031
0.612111317799251
0.6167638648005305
0.5736851233954801
0.5799436683837217
0.5702852770584179
0.5471526320072937
0.5195744958177309
0.5319848737307703
0.5079052040853699
0.4937443532259104
0.4931932068945511
0.4967190337157999
0.47051731643852435
0.47297839596712044
0.4666892289069674
0.45279308253034606
0.436319796634525
0.4427782064636618
0.4276104258433683
0.4200104391184019
0.41923927986316833
0.4199030992041352
0.40493596081559613
0.4052027393050377
0.40096404183030243
0.3923363399137921
0.3822173905222985
0.38542976791069056
0.3768114089723942
0.3720063105818261
0.371218232270914
0.3707497276619337
0.3623594554969145
0.3618059559545586
0.35874844811872525
0.3539139845976504
0.34821891427304075
0.34900587778933106
0.34466961798307744
0.3418198630104852
0.34094660735622795
0.34000622731369795
0.3362152333153298
0.3350513943996324
0.33304861612812203
0.33073936725825226
0.328213141284294
0.32757561970732446
0.32606295835675575
0.3250168517770587
0.3242917143565653
0.323381821765036
0.3229174164168888
0.3212886655931397
0.3206586423932026
0.3202100360926805
0.31986121773282494
0.3196976191280485
0.3197279205522729
0.31977952791356573
0.319836666697041
0.3196922812819815
0.32063168216870075
0.3202714877187716
0.3201898034026952
0.32209892990270717
0.3235532303484094
0.3230116815299778
0.32557023341858476
0.3269936690821872
0.32773396522596787
0.32800975519310677
0.3318554006428367
0.33231592835734336
0.33403232195239263
0.33772047147451906
0.34130066415432125
0.3418036796019674
0.3464602035329452
0.3497531100230197
0.3518669278548168
0.3543483665074688
0.3603734439422251
0.362857872670285
0.3672205516369819
0.37426402778632406
0.3793910823622652
0.38370714337231765
0.39095613053777717
0.3967163987932498
0.4018095078333522
0.4084384821320572
0.4174170826935246
0.4246001156397175
0.43451137489826747
0.44650669762932954
0.46066033821942803
0.46943353907139174
0.4797673569458513
0.49072278158029986
0.5019551844753579
0.5227919516191659
0.5361295579927444
0.5543243938460883
0.5802115804575771
0.607613823331514
0.6402489729542183
0.6596449285506585
0.6870025857651024
0.7152463523957676
0.7537485310484928
0.8129330297251306
0.8490058062515045
0.9165291605188245
1.0080975481534045
1.097388167617971
1.185331130748082
1.355549269414709
1.5278429459973817
1.6562938656646058
1.9125176387330445
2.480556666240952
2.8592234176013203
4.007582253496276
8.517092767282922
7.85048839702477
-7.523431679397937
-5.483200994358114
-3.788633597751633
-3.0419073075228114
-2.3745654625958816
-1.8032526058495497
-1.606482075057831
-1.3548213161994735
-1.133191409531183
-1.00540365658408
-0.9269311403241579
-0.8222196970535343
-0.767250677866225
-0.7215203859709374
-0.6770380052185287
-0.6132540487703462
-0.5878887825873926
-0.5483477887849685
-0.5059965233507218
-0.47462476016337485
-0.45646251193122556
-0.42758392049738725
-0.40824117172513535
-0.3944999968075078
-0.38218286656688905
-0.3620425484421618
-0.34878391743469034
-0.33729876683692345
-0.31971847095822836
-0.304052105240608
-0.29501588102668236
-0.28490495007998934
-0.27399239624364313
-0.2680758175517121
-0.26357949689721133
-0.25606345147931125
-0.24590352235292598
-0.24273045028525458
-0.23348953135556166
-0.22356748293805423
-0.21737768305008998
-0.2143075480231222
-0.20632114875926777
-0.2031135377202274
-0.20222710318150264
-0.2000076019400644
-0.1900788524881155
-0.19252825437683313
-0.18639675627920269
-0.1787774531357427
-0.17497983272328865
-0.16959498642601184
-0.16802440532475904
-0.1664616349783744
-0.16503362940060926
-0.16374364263809305
-0.1613045802812775
-0.16014943412146807
-0.15867583136075256
-0.1552460346519083
-0.13038170379850872
-0.15231008570050628
-0.14600566232139062
-0.1439671210186397
-0.1471192510850465
-0.14885310483330433
-0.14152110689297984
-0.14402601380423752
-0.14349325539849878
-0.13931764019733808
-0.13253788983926998
-0.13996724844627714
-0.1344873562381522
-0.13275744139035772
-0.13605119008163274
-0.1395810811787048
-0.13233498534129828
-0.13649984086721134
-0.13731026620048967
-0.13392908166040807
-0.12844629992107165
-0.13657371198634516
-0.1316965691031632
-0.13052504985931643
-0.13472435114110576
-0.13975910774655764
-0.1329194156843732
-0.13860899627738404
-0.1408122335246529
-0.13854140207388765
-0.1340939018253275
-0.1437239464517853
-0.1397895541456906
-0.1401211412146655
-0.1458611069557898
-0.15298858002673063
-0.14760830523421284
-0.15605430754846417
-0.15989303275841305
-0.15960530293238098
-0.1574426937002587
-0.17027753985991928
-0.16911038438505155
-0.1735443231934617
-0.18483500174209075
-0.1962321845876795
-0.195781276657076
-0.21097965832860852
-0.22153304830502737
-0.2277013584446567
-0.23639024915961293
-0.2610523020156175
-0.27360836985108333
-0.3024784410288385
-0.34564621915989435
-0.38901275256007845
-0.44346222649160555
-0.5370673571180901
-0.6232724087803226
-0.7506695137481454
-1.146687820765367
-1.5188170586150262
-6.9918290661466544
1.998175764073119
0.901733457458505
0.6485947087247381
0.470520888252644
0.3802456599618965
0.33925520752919336
0.3099198797231421
0.25610763796323427
0.2224715879366814
0.21218483101355118
0.16962000768142296
0.14754276620445275
0.13574590247034327
0.11994722729284929
0.11549069111414065
0.11141942802452016
0.10789181407192995
0.1054445330358025
0.08783327098348306
0.08494743934332419
0.07841087275249085
0.06778478111417655
0.06046066144750589
0.06375072333767573
0.05637032121255318
0.054459797836077496
0.05576729213377631
0.05572641484080669
0.047987361112533704
0.048885658920595085
0.046327165370927174
0.04060019275994882
0.03549299845651596
0.03956279222292097
0.034084105364271686
0.032599923127739586
0.03439796762911892
0.03657835275815049
0.02935017385637914
0.03193587210069954
0.031237152446956535
0.026979408501539688
0.02214517056898138
0.027342803939954047
0.022376497311418053
0.02080410700997069
0.023006792227851083
0.02603032910734685
0.01909752398901342
0.022408023012957676
0.022614959225163923
0.018908529380588037
0.014276030959705109
0.020174096732544982
0.015308083524762355
0.01373068034896015
0.016190523608687543
0.019758908135497327
0.012874271409861377
0.016559112281104786
0.017246271125868583
0.013869589099003174
0.009378113858317043
0.015425903713882515
0.010784198752157222
0.009267970338352272
0.011783686458397051
0.015646627494409246
0.008750984703167914
0.012719740558551965
0.013688897348052126
0.01051694850056507
0.005945741013004519
0.012374040441090218
0.007735010991592379
0.00624834482653894
0.008827279895559134
0.012902325941193855
0.005914231124988228
0.010003353652015996
0.011254120459115103
0.00824802586157489
0.0037165029573433916
0.010238371761244806
0.005640858062210583
0.00397324236548148
0.0065786749001740495
0.010892799164317483
0.003869795428059728
0.008222413380241992
0.009567158579781862
0.006583128107510064
0.0018276851525962227
0.0087162637032097
0.004059409569481666
0.002357982047291087
0.005105293644656083
0.009566033745037058
0.0024939023046172187
0.006783242487116491
0.008257002326756954
0.005291628701480379
0.0006454907273058483
0.007636291253822818
0.002895522187455174
0.0011462500930514727
0.0038228711874145056
0.008463036342712815
0.0012754604375817857
0.005778123923818284
0.007410534383041699
0.004472090395369896
-0.0002852983370902675
0.006598406195869309
0.0020587363118762317
0.00018804679978956556
0.002973130391024136
0.007874182144602847
0.000447780263520404
0.004990889291797354
0.006459601035661285
0.003812718989560915
-0.0010099056613017204
0.006122974645106667
0.0013489769193053688
-0.00043164405925400124
0.0022426424136736925
0.007044862889086366
-0.000417124034796188
0.004306070997397273
0.006082250271035421
0.0031792678211515117
-0.0017307204098962984
0.005621759406745633
0.0009323481269105536
-0.0010758639657413832
0.001721260792665683
0.006576875955036374
-0.0008657375013625727
0.003889082370056566
0.005678063542973555
0.002781029919005519
-0.002110041707546556
0.005215172597796892
0.00048081997893041563
-0.0015367058489424966
0.0012315513938925935
0.006082504609377261
-0.001376172017447039
0.003451104804635331
0.005200085225784417
0.0027235820418063886
-0.002127968742845005
0.00495157400033962
0.00005983587332315675
-0.001733343600207923
0.0008824094875842445
0.005799884749247593
-0.0017603490734979174
0.003151435578351059
0.004993757253359533
0.0023576189581982114
-0.002755896379585937
0.0048310141467536516
-0.00008478567015824923
-0.002058250550106284
0.0004062580800298786
0.005519143489144143
-0.0022739864011038875
0.002800401295322185
0.004780395896480837
0.0020735711791740256
-0.0030174621303581868
0.004594934271051291
-0.00023475154128001205
-0.0022961382090704967
0.00033644800542791066
0.00534338595148519
-0.002175980376132613
0.0026259923738964756
0.004767205581170679
0.0019477010382351991
-0.0032041805012985
0.004102710710202613
-0.0003991547675864932
-0.002488531874191815
0.00006154978585886005
0.005053104100457473
-0.0023061359703514363
0.0025263688382789165
0.0044252091104124746
0.00172009903205253
-0.003230588739980036
0.004227436892653164
-0.0006831489367538792
-0.002620506265802366
0.00008782997077601955
0.005216258544244711
-0.002718995457967532
0.00226102515581172
0.004358867267748062
0.0016233682058762915
-0.0033868089933490274
0.003981503709829736
-0.0006837738383002172
-0.0029298565106871356
-0.0001633312374030146
0.005071233452334743
-0.0026259163879288248
0.0022715839972582597
0.00435809071895604
0.0014867103069013175
-0.0036885101894838074
0.003993265787352375
-0.000927919431224739
-0.002859267560848695
-0.00021824224140720496
0.0050682083426714245
-0.002794913377703729
0.0021104390569875254
0.0041080946251150436
0.0015004663454218923
-0.0040289201461121285
0.0038272592841180077
-0.0010830205467717315
-0.003131633406110706
-0.00022061857391092205
0.005081431607947547
-0.0028960129748255648
0.002076142050777204
0.004218275683509951
0.0012959719356513066
-0.0038934264778440657
0.00403245225769366
-0.00118401523554516
-0.003176974824078871
-0.00031436649094961896
0.004812780295154723
-0.0029876606859109292
0.0020887713917346305
0.0041164326295604
0.0012937950147550055
-0.003937002475213189
0.0037680402288149013
-0.0010367259735525364
-0.0033781458328605986
-0.00040732732930654544
0.004744738719027351
-0.0031416405719707718
0.0019100488890400962
0.003991092151974185
0.0012559429669006742
-0.004126115182268537
0.003821342634739754
-0.001148922704701429
-0.0031157040038418465
-0.0005780519283639492
0.0045613385146497905
-0.003160597047745087
0.0018631461251763673
0.004201708791494584
0.0012213071363699624
-0.0044318123043835716
0.0037808467176471574
-0.0012137655419747415
-0.0033306871886499122
-0.0006119055839627246
0.004759756986706338
-0.0033571409903802403
0.001887138824758566
0.0041082707725268956
0.00132820231658454
-0.004214109352115809
0.003959483527639032
-0.0012789838533264748
-0.0036157112828370027
-0.0006851079239384633
0.004813029621072151
-0.0033603986025408437
0.0017972097404903332
0.004014703437299856
0.0013284804972178274
-0.004008567934794496
0.003923042900732876
-0.0011955804122978219
-0.0034319704846019414
-0.0007326497866435867
0.004731540266732726
-0.003392050436320228
0.0016942056534234489
0.0038779355073547284
0.001195671329990673
-0.004143382444155435
0.003988647114391126
-0.0012955938959760456
-0.0033811287369726805
-0.0006664975578588815
0.004550520244943598
-0.003411650015602231
0.0016783408445790744
0.003871358782948093
0.0012953064007192934
-0.0043621888306884056
0.0038978788952089127
-0.0013269500599549589
-0.0034548912373470165
-0.0010453646721139001
0.004538262756536987
-0.00365006347448854
0.0017098181075067154
0.003868565700668266
0.001148678445263605
-0.004163423355937907
0.0038495991327708234
-0.0012759147845685381
-0.003750679711799164
-0.000836380308978008
0.00471319139293858
-0.0035229423065555815
0.0016146169227484054
0.004242893622271312
0.0012820209431615923
-0.00423791290305685
0.003890773758502869
-0.00133125767571659
-0.00376471987734631
-0.0008986780820331279
0.004461685430100631
-0.0038510833616131183
0.0016571242530136366
0.004085431342757534
0.0012453272191404769
-0.004397885844958523
0.004105131346731451
-0.0013228215342858656
-0.0036724659838692497
-0.00101583378495372
0.004453449752732758
-0.0034993837896018314
0.001586299227642847
0.003936897252151567
0.001286202303732127
-0.004219124478025033
0.003963819155290606
-0.0011642245976305212
-0.003663797550282221
-0.0009662421946896913
0.004490864354225733
-0.0036585356839418624
0.0015921583683435655
0.003685637373396394
0.0011412716875049632
-0.004122162152444294
0.003913803944021548
-0.0013491126097158075
-0.0038359259770453626
-0.000938206959380421
0.004313055939536371
-0.0038139475370880696
0.001365880184439726
0.0038053807642068767
0.0011203449453505052
-0.0042775984276692556
0.003718856381762313
-0.0012394393692628757
-0.003667663884250006
-0.0010431346069310718
0.004753530779129987
-0.0034954487104673195
0.0016136565663573393
0.003986226677612357
0.0010454484539424793
-0.004450154882218005
0.003794117427961265
-0.0013733824601121847
-0.003669825836210315
-0.0008668648045295409
0.00477405075635616
-0.0034387369530134823
0.0015196597564166054
0.003892755169363715
0.0011410603722484575
-0.004375742759184642
0.0036548769370367495
-0.0013875179200056726
-0.0037343693168989133
-0.0009177377280590667
0.004464269834429154
-0.0037820466263892203
0.0015746586681757717
0.0038204439490797785
0.001098868986766843
-0.004595854082275583
0.0037971802598278344
-0.001400143120209062
-0.003848733587015943
-0.0009093942606645067
0.004582997881621675
-0.0036574226247723415
0.0015153916402770762
0.003798919783197634
0.0011115573713486478
-0.0043582351091298625
0.003681739845319282
-0.0013828303471003342
-0.0038054256827281968
-0.0010021707017885428
0.004484282666342407
-0.0035448173431551614
0.0015706331943770638
0.003937568731919786
0.00110691594917466
-0.004361071068255695
0.003759276375147493
-0.0014182050833146539
-0.0036989532859808914
-0.0010182619247859524
0.004540789465459777
-0.003608126656912541
0.0015202275332018718
0.0038680688022561154
0.001056560372953472
-0.004287006866249016
0.0038337746604086213
-0.0013463676190902311
-0.003773897611132617
-0.0010298060146121124
0.004622049680838879
-0.003651908332832832
0.0015231939686033355
0.003860821479483304
0.0011330049552867733
-0.004435428870923361
0.0037413612337622733
-0.0013666324694068647