0.20000014158933155
0.20001713479217115
0.20006247411948963
0.20013622563473152
0.20023849758179593
0.20036944168656523
0.20052925501622995
0.20071818245534453
0.20093651987917985
0.20118461813098867
0.20146288794190306
0.201771805972506
0.20211192220655602
0.2024838689938492
0.20288837212620978
0.20332626444574103
0.2037985026384966
0.20430618807510262
0.20485059284495336
0.20543319252537884
0.20605570778079574
0.20672015767381688
0.20742892870542923
0.20818486526478078
0.20899138964907638
0.20985266358169288
0.21077380900029952
0.21176121516048477
0.21282297419707683
0.2139695125717621
0.2152145295720215
0.2165764324871502
0.2180806048610873
0.21976313245339665
0.22167721081989517
0.22390479234583252
0.2265792568601997
0.2299335467263063
0.23441477102979089
0.24100407824565664
0.25235058795108045
0.2788608987274359
0.4262707326775301
0.1105058795613416
0.1758651466879892
0.19453970910735344
0.20388789074648103
0.20986718547218636
0.21427169902979323
0.2178267403732663
0.22088160590167003
0.22362552726758092
0.22617018115455417
0.22858595565324952
0.23091962267428023
0.23320366196752423
0.23546150205155417
0.23771062258129175
0.23996447189287312
0.24223369656082028
0.24452695521783366
0.24685147239937127
0.2492134249123493
0.2516182174756664
0.25407068346032047
0.25657523393398635
0.2591359703875225
0.2617567715471605
0.26444136144557434
0.2671933637846042
0.2700163461786256
0.27291385687771347
0.2758894558810374
0.27894674186539026
0.28208937600741407
0.28532110352849893
0.2886457736099638
0.29206735819347357
0.29558997008429205
0.29921788070348526
0.3029555377829761
0.3068075832597251
0.3107788715988463
0.3148744887578556
0.3190997719936705
0.32346033070927716
0.32796206853728654
0.33261120686234436
0.33741430999319566
0.34237831220798937
0.34751054691310274
0.35281877817650187
0.35831123492166733
0.363996648097796
0.36988429117678806
0.37598402436811207
0.3823063429897663
0.3888624304881809
0.39566421666315266
0.4027244417272125
0.4100567269137795
0.41767565244709776
0.4255968438016645
0.4338370673124973
0.4424143363536506
0.4513480294850616
0.460659022182169
0.4703698340149956
0.48050479344105584
0.49109022272880654
0.5021546459467662
0.5137290234518087
0.5258470169060938
0.5385452895668871
0.5518638474545143
0.5658464280444911
0.580540944393413
0.5959999941485796
0.6122814447777825
0.6294491086765487
0.6475735246797989
0.6667328660710764
0.6870139996385588
0.7085137259265072
0.7313402379093366
0.7556148443202724
0.7814740153981143
0.8090718236871807
0.8385828718477519
0.8702058247378975
0.9041676964432603
0.9407290874555395
0.9801906270933359
1.0229009576504424
1.0692667085769008
1.1197650644349881
1.174959749185779
1.2355215616261686
1.302255049065706
1.3761335720113792
1.458346009794893
1.5503598798861726
1.65400801911575
1.7716097688525578
1.9061438261738106
2.0615004250130915
2.2428588417729522
2.457269448576286
2.714582453693191
3.028990791728573
3.421719653566439
3.9259973792825718
4.5969370728038665
5.5331042196488776
6.929851013083255
9.236761097631794
13.770605226173277
26.752028402685788
367.34867348745496
-31.350686987424524
-15.179243330662652
-10.05698435606917
-7.544468038671501
-6.052779147259107
-5.065254410121349
-4.3635679663693265
-3.839560504044081
-3.433536596082808
-3.1098549479969524
-2.8459217819703664
-2.6267211504927213
-2.441883958246414
-2.284019696436893
-2.1477187458942684
-2.0289305318560498
-1.9245621010800447
-1.8322110526693602
-1.749983133085505
-1.6763647544165796
-1.6101320643632908
-1.5502848992092957
-1.4959980226625733
-1.4465845935606005
-1.4014684284225853
-1.3601626844372294
-1.3222532939208542
-1.2873859593845705
-1.255255847702163
-1.225599352177495
-1.1981874545969977
-1.1728203366114502
-1.1493229750004943
-1.1275415179797634
-1.1073402861867045
-1.0885992768152295
-1.0712120757164127
-1.0550841023785784
-1.040131128152445
-1.0262780200587664
-1.0134576718572812
-1.0016100913951265
-0.9906816190568143
-0.9806242567558047
-0.9713950906052427
-0.9629557933822268
-0.9552721953112918
-0.9483139136567146
-0.9420540332224532
-0.9364688311843885
-0.93153754077958
-0.9272421492954217
-0.9235672265740372
-0.9204997809025953
-0.9180291397214877
-0.9161468530686251
-0.9148466181051056
-0.9141242234482689
-0.9139775123841506
-0.9144063643521656
-0.9154126943994828
-0.9170004705993738
-0.9191757497241656
-0.9219467317679255
-0.925323834234248
-0.9293197874497763
-0.933949752543589
-0.9392314641586413
-0.9451854004456418
-0.9518349834493427
-0.9592068136498506
-0.9673309431911218
-0.9762411932434643
-0.9859755220423086
-0.996576451466672
-1.0080915616231227
-1.0205740648581767
-1.0340834730238762
-1.0486863747876403
-1.0644573434617068
-1.0814800004300384
-1.0998482650349632
-1.1196678291021769
-1.1410579035959407
-1.164153296833487
-1.1891068990980092
-1.2160926685345104
-1.2453092394974818
-1.2769843092772215
-1.3113800055161626
-1.3487994991226493
-1.3895952125685795
-1.4341790905666343
-1.4830355632442611
-1.5367380620743876
-1.5959702780423217
-1.6615538296044083
-1.7344847136606325
-1.8159819731338616
-1.9075536396412929
-2.0110875540899884
-2.128978748698737
-2.264311795798164
-2.4211279383957547
-2.604826852494499
-2.822789460899602
-3.085378015595329
-3.4076100027967313
-3.812102531668099
-4.334575113304928
-5.034943452450687
-6.021982559665963
-7.515879820331629
-10.039957339148726
-15.215965002544115
-31.82347164141555
282.201178719329
25.995316507238204
13.517437198441268
9.1011223900579
6.84241084287496
5.471095246220407
4.550433941870697
3.889882029355909
3.393041139413858
3.005906529413379
2.695871164565287
2.442083300655187
2.2305871415573235
2.051689894535822
1.8984495793719156
1.7657638857320925
1.6497986816978971
1.5476170987685958
1.4569316031276707
1.3759339690456995
1.3031760182147123
1.2374842796089611
1.1778978235949653
1.1236222463988434
1.0739951130603842
1.0284596626928377
0.9865445597105518
0.9478481290678251
0.9120259583098019
0.8787810564192693
0.8478559747630452
0.819026448440736
0.7920962264359258
0.7668928391254991
0.7432641107012985
0.7210752679268011
0.7002065295812003
0.6805510858848068
0.662013396247514
0.6445077483460178
0.6279570329072429
0.6122916974571334
0.5974488492764913
0.5833714833300425
0.5700078153317907
0.5573107036290095
0.5452371464195965
0.5337478431084189
0.5228068104705644
0.5123810458104257
0.5024402305532469
0.492956468733602
0.4839040556957471
0.4752592730270843
0.4670002063346003
0.45910658296695894
0.45155962719832526
0.4443419307387347
0.43743733672993457
0.4308308356357584
0.42450847164796424
0.41845725840992615
0.4126651030152325
0.407120737371158
0.4018136561312526
0.39673406049968213
0.39187280729520235
0.3872213627364318
0.38277176047409145
0.3785165634518547
0.3744488292261482
0.37056207841783484
0.36685026600628795
0.3633077552092378
0.35992929372079907
0.35670999210591003
0.35364530417210777
0.3507310091598589
0.34796319561105815
0.34533824679115005
0.3428528275553685
0.3405038725626294
0.33828857575272275
0.33620438101353245
0.3342489739750934
0.33242027487684916
0.330716432463232
0.3291358188710679
0.3276770254803995
0.32633885970784726
0.3251203427294467
0.3240207081271181
0.3230394014606371
0.32217608077456006
0.321430618057327
0.3208031016781762
0.32029383983596416
0.31990336506337597
0.3196324398399683
0.3194820633782601
0.31945347965919185
0.3195481868063173
0.3197679479028342
0.3201148033722256
0.3205910850615496
0.3211994321877179
0.32194280933104885
0.32282452668751754
0.32384826282283574
0.3250180902074031
0.32633850385292107
0.3278144534200655
0.32945137922257584
0.3312552526190222
0.3332326213601705
0.3353906605502308
0.3377372299863493
0.34028093876660714
0.3430312182053748
0.34599840427266937
0.34919383098523205
0.3526299364316616
0.35632038341853417
0.36028019709423204
0.36452592235422876
0.3690758043772908
0.3739499963094592
0.3791707989332733
0.38476293817360135
0.39075388755079743
0.3971742442643881
0.40405816956456575
0.411443906563076
0.41937439180526975
0.4278979809812244
0.43706931438107904
0.44695035448374293
0.45761163694493284
0.469133787959496
0.48160937655854263
0.4951451913408931
0.5098650595589734
0.525913365470553
0.5434594789905294
0.562703381744834
0.5838828860017812
0.6072829986251106
0.6332482123254337
0.6621988504574043
0.6946531156237988
0.7312573075901994
0.7728279741424892
0.8204118797439413
0.8753732449844887
0.9395239114029038
1.0153232737607636
1.1061958860289733
1.2170563300379267
1.355218397748573
1.5320625077599048
1.766318162268107
2.091137701713062
2.5712876744524418
3.3526225513534733
4.846755012890467
8.841736743226818
52.42135397198669
-12.900405894101846
-5.731265872796866
-3.6667830819927394
-2.687043931280698
-2.1152370219689276
-1.7406402567957577
-1.4763418752563802
-1.2799569007133775
-1.1283501237666342
-1.0078223580074626
-0.909744904855234
-0.8284123691821137
-0.7599013865368361
-0.701425293677825
-0.6509502916519142
-0.6069573038220532
-0.5682888487489673
-0.5340475085954045
-0.5035267892359537
-0.4761629245573418
-0.4515005788137892
-0.42916798579691057
-0.4088586284438369
-0.3903175357916169
-0.3733308943623204
-0.35771807496152924
-0.3433254441648793
-0.3300215112278645
-0.31769308591953893
-0.3062422098754922
-0.29558368571582055
-0.28564307237955283
-0.27635504720611076
-0.2676620588336036
-0.2595132124356436
-0.25186334188526166
-0.24467223330488713
-0.23790397198321403
-0.2315263904168114
-0.22551059970534396
-0.21983059001440455
-0.21446288855491202
-0.20938626568824106
-0.2045814814823173
-0.20003106641627455
-0.1957191310332122
-0.19163120023178756
-0.18775406861017893
-0.18407567386645118
-0.18058498574280304
-0.17727190839986173
-0.1741271944364335
-0.17114236904404725
-0.16830966301395273
-0.1656219535056622
-0.1630727116471124
-0.16065595617282563
-0.1583662124220424
-0.15619847611771157
-0.15414818143189385
-0.1522111729167662
-0.1503836809440383
-0.14866230035192018
-0.1470439720484328
-0.1455259673647352
-0.14410587499285973
-0.14278159037999905
-0.14155130748725156
-0.14041351285497286
-0.13936698195105213
-0.13841077781250424
-0.13754425202654627
-0.1367670481348317
-0.1360791075856071
-0.1354806784035762
-0.13497232679858048
-0.13455495199235798
-0.13422980461064052
-0.13399850906758873
-0.13386309046392117
-0.13382600663382843
-0.13389018611223222
-0.13405907296056493
-0.13433667959319956
-0.13472764899792622
-0.13523732805581587
-0.1358718540554527
-0.13663825698585325
-0.13754458081209084
-0.13860002772600574
-0.13981513037655935
-0.1412019583913491
-0.14277436720308329
-0.1445482994291407
-0.14654215201092605
-0.14877722627288023
-0.15127828339581295
-0.15407423507238613
-0.15719900914228596
-0.16069264399994793
-0.16460268535391318
-0.16898598728260977
-0.1739110608210157
-0.17946117441659953
-0.18573850267304512
-0.19286976134442854
-0.20101398894930297
-0.21037349345142944
-0.22120957484277867
-0.23386564487986344
-0.24880214931421388
-0.2666509751389064
-0.288303326365752
-0.31505783074222976
-0.34888325045804924
-0.39291457051528567
-0.45246635950104336
-0.5373249637019353
-0.6677036112226664
-0.8931665100101449
-1.3762238406211933
-3.138116988079221
9.203627048124188
1.829172558383293
0.99723014688005
0.6776839181873462
0.5087893959929326
0.4044317215631748
0.33362018610629113
0.2824663546932588
0.24381722031499115
0.21361374449254467
0.18938131666468735
0.16952543137463047
0.15297239525359746
0.13897275838650192
0.12698752415102033
0.11661913565508061
0.10756794781310186
0.09960384171625472
0.09254717255824092
0.08625565667911837
0.08061514445307941
0.07553299882858225
0.0709332596719909
0.0667530561938516
0.06293990714735868
0.05944966265761654
0.05624491656209306
0.05329376838430842
0.05056884829689174
0.04804654212976785
0.045706370127105135
0.04353048500955562
0.0415032634432039
0.03961097124837121
0.037841487275560144
0.03618407429686408
0.03462918783278018
0.0331683157846216
0.03179384323405702
0.03049893792063908
0.029277452800520527
0.02812384278718712
0.027033093324039928
0.026000658873412574
0.025022409752942155
0.024094586027646775
0.02321375738950663
0.02237678813722807
0.021580806516011554
0.020823177797393337
0.020101480577936936
0.019413485856929865
0.018757138520595996
0.018130540916299245
0.01753193824691461
0.01695970555460105
0.016412336096055184
0.015888430938978612
0.015386689632887439
0.014905901827226078
0.014444939726622552
0.014002751287516461
0.013578354072701212
0.013170829690882372
0.012779318757438065
0.0124030163203901
0.012041167702362307
0.011693064715159865
0.011358042208690394
0.011035474920372107
0.010724774595031275
0.010425387348663693
0.01013679125238319
0.009858494115469393
0.0095900314487013
0.009330964591163487
0.009080878985479058
0.008839382587983093
0.008606104401729023
0.008380693121446688
0.008162815880654388
0.007952157092094351
0.00774841737352169
0.007551312551642188
0.0073605727376814265
0.007175941468679106
0.006997174909151059
0.00682404110825473
0.006656319308034339
0.006493799298720813
0.00633628081741642
0.00618357298682066
0.00603549379094001
0.005891869584990837
0.005752534636939378
0.005617330698340442
0.005486106602329312
0.005358717886799605
0.005235026440959776
0.005114900173608348
0.0049982127015983716
0.004884843057085916
0.0047746754122657
0.004667598820397945
0.004563506972023983
0.0044622979653506385
0.004363874089861959
0.004268141622286001
0.004175010634110557
0.004084394809900019
0.003996211275720382
0.003910380437029529
0.003826825825436091
0.003745473953772296
0.0036662541789654586
0.003589098572228713
0.003513941796124688
0.003440720988086711
0.0033693756500098805
0.0032998475435513284
0.0032320805908022665
0.0031660207800176736
0.0031016160761093217
0.00303881633562801
0.0029775732259777724
0.0029178401486221104
0.0028595721660570777
0.0028027259323407704
0.002747259626981681
0.002693132892000796
0.002640306771993988
0.002588743657031566
0.0025384072282422605
0.0024892624059375786
0.002441275300141863
0.002394413163400786
0.002348644345748941
0.0023039382517241057
0.002260265299322361
0.0022175968807943316
0.002175905325188664
0.002135163862554161
0.002095346589717087
0.002056428437554873
0.002018385139691753
0.0019811932025463348
0.0019448298766645835
0.0019092731292756156
0.0018745016180111292
0.0018404946657323855
0.001807232236411771
0.0017746949120188257
0.0017428638703631861
0.001711720863849603
0.00168124819910238
0.0016514287174188658
0.0016222457760137986
0.0015936832300182152
0.0015657254151984633
0.0015383571313627462
0.0015115636264241585
0.001485330581090802
0.001459644094155034
0.0014344906683552766
0.001409857196785226
0.0013857309498263607
0.0013620995625810406
0.001338951022784431
0.0013162736591746783
0.001294056130301585
0.001272287413755201
0.0012509567957964176
0.0012300538613726928
0.0012095684845026219
0.0011894908190140851
0.0011698112896211803
0.001150520583326005
0.0011316096411318637
0.0011130696500552472
0.0010948920354243432
0.0010770684534525154
0.0010595907840756707
0.0010424511240428962
0.0010256417802503373
0.0010091552633085465
0.000992984281334189
0.0009771217339572039
0.0009615607065350473
0.0009462944645658829
0.0009313164482930761
0.000916620267493577
0.0009021996964431268
0.0008880486690515485
0.0008741612741616211
0.0008605317510053841
0.0008471544848118833
0.000834024002560732
0.0008211349688759872
0.0008084821820551714
0.0007960605702283742
0.0007838651876427117
0.0007718912110674896
0.0007601339363156658
0.0007485887748774083
0.0007372512506616578
0.0007261169968418226
0.0007151817528018414
0.0007044413611790487
0.000693891765000385
0.0006835290049086354
0.0006733492164755275
0.0006633486275986285
0.0006535235559791184
0.0006438704066775864
0.0006343856697451887
0.0006250659179275162
0.0006159078044386982
0.0006069080608033076
0.0005980634947637668
0.00058937098825103
0.0005808274954163672
0.0005724300407222209
0.0005641757170901238
0.0005560616841037834
0.0005480851662654705
0.0005402434513039617
0.0005325338885323151
0.0005249538872538391
0.0005175009152146641
0.0005101724971014026
0.0005029662130824181
0.0004958796973912796
0.0004889106369510578
0.0004820567700381162
0.0004753158849841558
0.00046868581891526165
0.0004621644565267943
0.0004557497288929668
0.0004494396123100346
0.00044323212717199483
0.0004371253368778188
0.0004311173467692047
0.00042520630309789484
0.0004193903920216507
0.00041366783862798725
0.0004080369059848169
0.00040249589421716315
0.0003970431396091523
0.00039167701373051526
0.0003863959225868365
0.0003811983057928428
0.0003760826357680276
0.0003710474169539424
0.00036609118505249625
0.0003612125062846405
0.0003564099766688284
0.0003516822213186602
0.00034702789375913937
0.0003424456752610037
0.00033793427419258023
0.0003334924253886681
0.0003291188895359322
0.0003248124525743397
0.00032057192511416975
0.0003163961418681348
0.00031228396109819344
0.00030823426407661664
0.0003042459545609075
0.00030031795828217137
0.0002964492224465557
0.0002926387152493898
0.00028888542540166025
0.0002851883616684702
0.0002815465524191575
0.00027795904518872834
0.00027442490625029876
0.00027094322019823605
0.00026751308954169755
0.0002641336343082823
0.0002608039916575137
0.0002575233155038817
0.0002542907761491827
0.00025110555992390314
0.00024796686883739246
0.0002448739202365953
0.00024182594647310633
0.0002388221945783164
0.0002358619259464408
0.00023294441602521055
0.00023006895401402606
0.00022723484256936203
0.0002244413975172464
0.0002216879475726107
0.00021897383406533797
0.00021629841067282267
0.00021366104315887835
0.00021106110911882491
0.0002084979977305839
0.0002059711095116372
0.00020347985608168737
0.00020102365993087594
0.0001986019541934078
0.00019621418242645228
0.0001938597983941761
0.00019153826585677948
0.00018924905836440468
0.0001869916590557957
0.00018476556046158424
0.0001825702643120842
0.00018040528134948282
0.00017827013114431352
0.0001761643419161057
0.0001740874503581007
0.00017203900146593916
0.00017001854837021265
0.00016802565217278955
0.00016605988178681292
0.00016412081378028783
0.0001622080322231639
0.00016032112853782562
0.000158459701352909
0.00015662335636036203
0.00015481170617566908
0.00015302437020115828
0.00015126097449232417
0.00014952115162708302
0.0001478045405778973
0.000146110786586693
0.000144439541042508
0.00014279046136180223
0.0001411632108713642
0.0001395574586937561
0.00013797287963523204
0.00013640915407607432
0.0001348659678632846
0.00013334301220558058
0.00013183998357063802
0.0001303565835845276
0.00012889251893329485
0.0001274475012666303
0.000126021247103585
0.00012461347774027714
0.0001232239191595506
0.00012185230194253327
0.00012049836118205589
0.00011916183639788417
0.00011784247145372445
0.00011654001447596316
0.00011525421777409532
0.00011398483776280874
0.00011273163488568232
0.00011149437354046307
0.00011027282200588424
0.00010906675236999106
0.0001078759404599394
0.00010670016577323366
0.0001055392114103703
0.00010439286400885646
0.00010326091367857431
0.00010214315393845598
0.00010103938165444457
0.00009994939697871008
0.00009887300329009315
0.00009781000713574699
0.0000967602181739546
0.00009572344911809183
0.0000946995156817136
0.00009368823652473507
0.00009268943320068727
0.00009170293010502216
0.00009072855442444193
0.00008976613608723406
0.0000888155077145868
0.00008787650457286638
0.00008694896452683142
0.00008603272799376875
0.00008512763789852666
0.0000842335396294292
0.00008335028099504972
0.00008247771218182736
0.00008161568571250823
0.00008076405640539132
0.00007992268133436516
0.0000790914197897156
0.00007827013323969087
0.00007745868529280411
0.00007665694166086256
0.00007586477012270319
0.00007508204048862447
0.00007430862456549433
0.00007354439612252565
0.00007278923085770156
0.00007204300636483738
0.00007130560210126725
0.00007057689935614154
0.00006985678121932269
0.00006914513255086556
0.00006844183995107284
0.00006774679173111127
0.00006705987788417865
0.00006638099005720827
0.00006571002152310274
0.00006504686715348364
0.0000643914233919472
0.00006374358822781664
0.00006310326117037959
0.0000624703432236019
0.0000618447368613071
0.00006122634600281314
0.00006061507598901588
0.0000600108335589119
0.00005941352682655009
0.000058823065258404565
0.00005823935965116013
0.00005766232210990153
0.000057091866026698975
0.0000565279060595822
0.0000559703581118947
0.00005541913931202032
0.00005487416799347622
0.000054335363675363384
0.000053802647043168886
0.000053275939929911255
0.00005275516529762435
0.00005224024721917165
0.000051731110860384305
0.0000512276824625178
0.00005072988932501977
0.00005023765978860393
0.00004975092321862287
0.00004926960998873533
0.00004879365146486133
0.00004832297998942
0.00004785752886584378
0.00004739723234336498
0.000046942025602068926