0.20000000141589167
0.2000001713231346
0.20000062441152236
0.20000136068761923
0.20000238016209254
0.20000368284971445
0.2000052687693635
0.20000713794402686
0.2000092904008031
0.20001172617090499
0.2000144452896637
0.20001744779653263
0.20002073373509222
0.2000243031530549
0.2000281561022706
0.20003229263873337
0.20003671282258734
0.20004141671813452
0.2000464043938415
0.20005167592234843
0.20005723138047704
0.20006307084924008
0.20006919441385046
0.20007560216373213
0.20008229419252982
0.20008927059812093
0.2000965314826267
0.2001040769524248
0.20011190711816176
0.20012002209476626
0.20012842200146305
0.20013710696178713
0.20014607710359886
0.20015533255909893
0.20016487346484485
0.20017469996176718
0.20018481219518686
0.20019521031483223
0.2002058944748584
0.20021686483386494
0.20022812155491604
0.20023966480556013
0.20025149475785065
0.20026361158836714
0.20027601547823737
0.20028870661315903
0.20030168518342373
0.2003149513839402
0.2003285054142585
0.20034234747859533
0.20035647778585955
0.20037089654967832
0.20038560398842434
0.20040060032524348
0.20041588578808292
0.20043146060972056
0.2004473250277943
0.2004634792848331
0.20047992362828781
0.2004966583105632
0.20051368358905078
0.2005309997261622
0.20054860698936341
0.20056650565120993
0.2005846959893826
0.20060317828672397
0.2006219528312761
0.2006410199163187
0.20066037984040833
0.20068003290741837
0.20069997942657983
0.20072021971252332
0.20074075408532155
0.20076158287053308
0.20078270639924664
0.20080412500812672
0.20082583903946014
0.20084784884120346
0.20087015476703093
0.20089275717638486
0.20091565643452491
0.20093885291258098
0.2009623469876046
0.20098613904262339
0.2010102294666956
0.20103461865496597
0.20105930700872301
0.20108429493545726
0.20110958284892055
0.2011351711691868
0.20116106032271402
0.20118725074240745
0.201213742867684
0.20124053714453777
0.20126763402560788
0.20129503397024628
0.20132273744458798
0.201350744921622
0.20137905688126473
0.20140767381043342
0.20143659620312265
0.2014658245604808
0.20149535939088967
0.20152520121004414
0.20155535054103507
0.20158580791443215
0.20161657386837015
0.2016476489486352
0.20167903370875456
0.20171072871008677
0.20174273452191477
0.2017750517215397
0.2018076808943777
0.20184062263405847
0.20187387754252512
0.20190744623013698
0.20194132931577405
0.20197552742694352
0.20201004119988875
0.2020448712797003
0.20208001832042957
0.20211548298520413
0.20215126594634594
0.20218736788549221
0.20222378949371805
0.2022605314716623
0.20229759452965568
0.20233497938785217
0.20237268677636155
0.20241071743538708
0.20244907211536392
0.20248775157710205
0.20252675659193076
0.20256608794184758
0.20260574641966964
0.20264573282918802
0.20268604798532586
0.20272669271430005
0.20276766785378555
0.20280897425308367
0.20285061277329433
0.20289258428749182
0.2029348896809038
0.2029775298510948
0.20302050570815386
0.20306381817488536
0.20310746818700537
0.20315145669334098
0.20319578465603452
0.20324045305075294
0.20328546286690058
0.20333081510783801
0.20337651079110441
0.2034225509486459
0.20346893662704874
0.20351566888777745
0.20356274880741876
0.20361017747793075
0.20365795600689787
0.20370608551779143
0.2037545671502366
0.20380340206028505
0.203852591420694
0.20390213642121197
0.20395203826887062
0.20400229818828414
0.20405291742195447
0.2041038972305851
0.20415523889340134
0.20420694370847822
0.2042590129930762
0.20431144808398527
0.20436425033787647
0.20441742113166295
0.20447096186286826
0.20452487395000502
0.20457915883296185
0.2046338179733994
0.20468885285515756
0.20474426498467058
0.20480005589139466
0.20485622712824372
0.20491278027203824
0.20496971692396335
0.20502703871003977
0.20508474728160606
0.20514284431581262
0.20520133151612915
0.20526021061286354
0.20531948336369607
0.20537915155422493
0.20543921699852788
0.20549968153973708
0.20556054705062915
0.2056218154342311
0.20568348862444127
0.2057455685866677
0.2058080573184818
0.20587095685029097
0.2059342692460282
0.20599799660386023
0.20606214105691478
0.20612670477402775
0.20619168996051007
0.2062570988589358
0.20632293374995161
0.2063891969531089
0.20645589082771817
0.20652301777372775
0.20659058023262683
0.20665858068837312
0.20672702166834797
0.20679590574433673
0.2068652355335386
0.2069350136996042
0.20700524295370293
0.2070759260556215
0.20714706581489425
0.2072186650919658
0.20729072679938793
0.20736325390305188
0.20743624942345645
0.20750971643701402
0.20758365807739562
0.2076580775369158
0.20773297806795943
0.2078083629844516
0.20788423566337272
0.20796059954631857
0.20803745814110972
0.20811481502344956
0.20819267383863446
0.2082710383033169
0.20834991220732393
0.20842929941553254
0.20850920386980573
0.20858962959098834
0.20867058068096833
0.20875206132480376
0.2088340757929187
0.20891662844337072
0.20899972372419195
0.20908336617580803
0.2091675604335369
0.20925231123016994
0.20933762339864037
0.20942350187478073
0.20950995170017456
0.20959697802510371
0.20968458611159763
0.20977278133658755
0.20986156919516827
0.20995095530397692
0.2100409454046852
0.21013154536761947
0.21022276119550534
0.2103145990273484
0.21040706514245236
0.21050016596458299
0.21059390806628267
0.21068829817334236
0.21078334316944017
0.21087905010094668
0.21097542618191378
0.21107247879924723
0.21117021551807535
0.211268644087321
0.21136777244548532
0.2114676087266548
0.21156816126673883
0.21166943860995113
0.2117714495155454
0.21187420296481335
0.21197770816836334
0.2120819745736887
0.2121870118730397
0.21229283001161492
0.2123994391960839
0.2125068499034634
0.212615072890357
0.21272411920258047
0.21283400018518897
0.21294472749292825
0.21305631310112932
0.21316876931707018
0.2132821087918228
0.2133963445326225
0.2135114899157663
0.21362755870009256
0.21374456504104586
0.2138625235053798
0.2139814490865174
0.21410135722060805
0.21422226380332013
0.21434418520740722
0.21446713830108627
0.2145911404672824
0.214716209623771
0.21484236424428954
0.2149696233806454
0.21509800668590834
0.21522753443871656
0.2153582275687846
0.21549010768367252
0.21562319709688524
0.21575751885739236
0.21589309678064247
0.21602995548116272
0.21616812040684388
0.21630761787500924
0.21644847511037807
0.21659072028503573
0.21673438256054703
0.21687949213233562
0.21702608027648151
0.2171741793990843
0.21732382308836662
0.21747504616968777
0.21762788476366948
0.21778237634762435
0.21793855982053545
0.21809647557179185
0.21825616555397123
0.2184176733599327
0.21858104430451203
0.21874632551117024
0.21891356600392087
0.21908281680493225
0.21925413103820757
0.21942756403980282
0.21960317347505293
0.21978101946333642
0.21996116471095797
0.22014367465276277
0.2203286176031534
0.22051606491727432
0.22070609116312798
0.22089877430554677
0.22109419590292267
0.22129244131780845
0.22149359994250234
0.22169776544085285
0.22190503600773706
0.22211551464765106
0.22232930947413831
0.222546534031855
0.2227673076433296
0.22299175578260608
0.22322001047830237
0.22345221074874452
0.22368850307224158
0.2239290418958415
0.22417399018631098
0.22442352002742197
0.2246778132682375
0.2249370622274768
0.22520147045970118
0.22547125358982595
0.22574664022303173
0.22602787293828716
0.22631520937444802
0.22660892341925282
0.2269093065127143
0.22721666907791058
0.22753134209408413
0.22785367882859678
0.22818405674696485
0.22852287962265003
0.22887057987125617
0.22922762113763565
0.22959450116842003
0.22997175500714226
0.23035995855534683
0.23075973254917845
0.2311717470092821
0.23159672623086042
0.23203545439202444
0.2324887818714491
0.23295763238224038
0.23344301104754125
0.23394601356605152
0.234467836642717
0.23500978989287027
0.23557330946826524
0.23615997370213623
0.23677152113081748
0.2374098713228369
0.23807714903927252
0.23877571236179748
0.2395081855693821
0.24027749772315204
0.24108692814814736
0.24194016029058443
0.24284134580269473
0.243795181187788
0.24480699996793623
0.24588288415603426
0.24702979990516588
0.24825576365939897
0.24957004708545277
0.250983431726987
0.25250852797972434
0.25416017807307195
0.25595596990052444
0.25791689874380425
0.2600682286862658
0.2624406271495068
0.2650716782504766
0.26800792960483416
0.27130770282853806
0.2750450171424631
0.2793151673537156
0.2842428133175518
0.28999397003328226
0.2967942044930221
0.3049569573427396
0.31492877333298647
0.32736325144840445
0.34324356066522205
0.36408093614074966
0.3921861928819303
0.4306673706236079
0.48013029832185516
0.5098347142836308
0.33225824047824154
-0.036917025227944274
-0.08806590387051176
-0.010006740840608748
0.04237558665024715
0.07357638615671104
0.0954818961877656
0.11196960770010844
0.12483366932473801
0.13513211049880627
0.14355079099042684
0.1505554745491411
0.15647268630224223
0.16153734140220571
0.1659222777145366
0.16975720436953146
0.1731411976291279
0.1761511409446725
0.17884754942698328
0.1812786685034745
0.18348340992243165
0.185493489419239
0.1873350064998007
0.18902962802553513
0.19059548619856584
0.1920478678161657
0.19339974901692147
0.19466221429433403
0.1958447878657785
0.1969556979853738
0.1980020894605982
0.19899019580405458
0.19992547966336346
0.2008127481271552
0.20165624798600087
0.2024597448895222
0.20322658948143513
0.20395977294014164
0.2046619738494366
0.20533559793488546
0.20598281189984605
0.20660557235634328
0.20720565065977692
0.20778465430736512
0.20834404544200444
0.20888515690691684
0.20940920622166545
0.20991730778574258
0.2104104835664268
0.21088967248604154
0.2113557386890251
0.21180947884194687
0.21225162859556013
0.21268286831887984
0.2131038281992604
0.21351509278858316
0.21391720506446152
0.21431067006583981
0.21469595815372014
0.2150735079418251
0.21544372893516137
0.21580700390989835
0.216163691063741
0.21651412596225686
0.216858623303103
0.21719747851809532
0.21753096922984946
0.21785935657852346
0.2181828864316446
0.21850179048907192
0.2188162872934783
0.21912658315562045
0.21943287300270012
0.21973534115713336
0.22003416205229467
0.22032950089115325
0.2206215142529739
0.22091035065287049
0.22119615105837362
0.22147904936681803
0.22175917284704832
0.22203664254836458
0.22231157367971674
0.2225840759613736
0.22285425395168784
0.2231222073506775
0.22338803128254056
0.22365181655870206
0.22391364992291152
0.2241736142798929
0.2244317889087484
0.2246882496622634
0.22494306915332501
0.22519631692925102
0.22544805963501505
0.22569836116620484
0.2259472828124279
0.2261948833917939
0.2264412193772775
0.22668634501533755
0.22693031243748457
0.2271731717651875
0.2274149712086548
0.22765575715984096
0.22789557428008703
0.22813446558279632
0.2283724725113775
0.22860963501289044
0.22884599160752842
0.22908157945435423
0.22931643441339633
0.22955059110442294
0.22978408296256472
0.2300169422909791
0.2302492003107545
0.230480887208215
0.23071203217977024
0.2309426634744752
0.23117280843443525
0.23140249353316625
0.23163174441202775
0.23186058591488934
0.2320890421210509
0.2323171363765873
0.23254489132417766
0.2327723289314742
0.2329994705181756
0.23322633678176266
0.23345294782208328
0.23367932316476028
0.23390548178353163
0.23413144212157613
0.23435722211186377
0.23458283919658748
0.23480831034573454
0.23503365207482504
0.23525888046188587
0.23548401116365938
0.2357090594311217
0.2359340401243448
0.2361589677266963
0.23638385635846013
0.2366087197898704
0.23683357145360062
0.23705842445674974
0.2372832915923037
0.23750818535015805
0.2377331179276727
0.23795810123981148
0.23818314692886622
0.2384082663737975
0.23863347069921054
0.23885877078396353
0.23908417726946463
0.23930970056761602
0.2395353508684779
0.23976113814762917
0.23998707217324342
0.2402131625129127
0.24043941854019368
0.24066584944092947
0.24089246421932567
0.24111927170381406
0.24134628055268117
0.2415734992595219
0.24180093615846487
0.24202859942923885
0.24225649710203898
0.2424846370622253
0.24271302705486647
0.24294167468910519
0.24317058744239298
0.24339977266456195
0.24362923758176663
0.24385898930028885
0.24408903481020888
0.2443193809889643
0.24455003460477445
0.24478100231996341
0.24501229069417482
0.24524390618746078
0.24547585516329593
0.2457081438914793
0.2459407785509405
0.24617376523246648
0.24640710994133325
0.24664081859985484
0.24687489704985532
0.24710935105506115
0.247344186303421
0.24757940840935017
0.24781502291590923
0.2480510352969174
0.24828745095899718
0.24852427524356124
0.24876151342873726
0.24899917073123537
0.24923725230816654
0.24947576325879517
0.24971470862625378
0.24995409339919614
0.2501939225134113
0.2504342008533876
0.25067493325383317
0.2509161245011487
0.2511577793348673
0.2513999024490467
0.2516424984936258
0.2518855720757413
0.25212912776101554
0.25237317007479637
0.25261770350337526
0.25286273249516644
0.2531082614618565
0.2533542947795228
0.25360083678972056
0.25384789180054707
0.25409546408766864
0.25434355789533136
0.25459217743733886
0.2548413268980071
0.2550910104330958
0.25534123217071353
0.25559199621220596
0.2558433066330129
0.25609516748351496
0.2563475827898487
0.2566005565547122
0.2568540927581409
0.25710819535827345
0.2573628682920958
0.2576181154761655
0.25787394080732234
0.2581303481633818
0.2583873414038124
0.2586449243703948
0.25890310088786855
0.25916187476456604
0.25942124979302833
0.2596812297506082
0.2599418184000622
0.26020301949012753
0.26046483675608595
0.2607272739203174
0.2609903346928436
0.2612540227718524
0.2615183418442202
0.2617832955860177
0.2620488876630093
0.2623151217311369
0.2625820014370017
0.2628495304183268
0.2631177123044187
0.26338655071661565
0.2636560492687286
0.2639262115674742
0.2641970412128968
0.2644685417987846
0.2647407169130807
0.26501357013827864
0.26528710505182
0.2655613252264785
0.2658362342307387
0.2661118356291697
0.2663881329827907
0.26666512984943086
0.26694282978408157
0.267221236339244
0.2675003530652741
0.2677801835107122
0.26806073122262114
0.26834199974690415
0.26862399262863124
0.26890671341234945
0.26919016564239595
0.2694743528632016
0.26975927861959426
0.27004494645709104
0.2703313599221955
0.27061852256268076
0.27090643792787655
0.27119510956894655
0.27148454103916675
0.2717747358941946
0.2720656976923406
0.272357429994831
0.2726499363660706
0.2729432203739014
0.27323728558985566
0.2735321355894091
0.2738277739522302
0.27412420426242556
0.2744214301087828
0.2747194550850112
0.27501828278997814
0.27531791682794665
0.27561836080880525
0.27591961834829853
0.2762216930682563
0.2765245885968173
0.2768283085686524
0.2771328566251872
0.277438236414819
0.27774445159313343
0.278051505823123
0.27835940277539434
0.27866814612838386
0.27897773956856614
0.2792881867906607
0.27959949149783875
0.2799116574019264
0.2802246882236108
0.2805385876926376
0.280853359548014
0.2811690075382054
0.2814855354213341
0.28180294696537467
0.28212124594834787
0.28244043615851616
0.28276052139457686
0.283081505465849
0.28340339219246863
0.28372618540557565
0.2840498889475027
0.28437450667196346
0.2847000424442383
0.28502650014136
0.28535388365229997
0.2856821968781513
0.28601144373231274
0.28634162814067166
0.2866727540417862
0.2870048253870668
0.2873378461409572
0.2876718202811152
0.28800675179859325
0.28834264469801624
0.2886795029977637
0.28901733073014424
0.2893561319415779
0.2896959106927712
0.2900366710588981
0.2903784171297743
0.29072115301003587
0.29106488281931664
0.29140961069242455
0.29175534077951715
0.2921020772462807
0.2924498242741045
0.2927985860602571
0.2931483668180653
0.2934991707770868
0.29385100218328997
0.2942038652992258
0.29455776440420967
0.2949127037944939
0.2952686877834456
0.2956257207017237
0.29598380689745524
0.29634295073641265
0.2967031566021914
0.29706442889638707
0.2974267720387728
0.297790190467478
0.2981546886391671
0.2985202710292169
0.2988869421318965
0.2992547064605458
0.29962356854775707
0.2999935329455535
0.3003646042255696
0.30073678697923456
0.30111008581795023
0.3014845053732772
0.30186005029711416
0.30223672526188256
0.30261453496070956
0.3029934841076143
0.30337357743768884
0.30375481970728824
0.30413721569421304
0.3045207701978979
0.30490548803959977
0.30529137406258244
0.30567843313231097
0.30606667013663713
0.30645608998599116
0.3068466976135734
0.30723849797554553
0.3076314960512241
0.30802569684327435
0.3084211053779042
0.3088177267050592
0.30921556589862104
0.30961462805660334
0.3100149183013486
0.3104164417797294
0.31081920366334875
0.31122320914874035
0.31162846345757056
0.3120349718368411
0.3124427395590966
0.31285177192262537
0.31326207425167063
0.3136736518966323
0.31408651023428286
0.3145006546679713
0.3149160906278364
0.31533282357102016
0.3157508589818791
0.31617020237220134
0.3165908592814205
0.3170128352768331
0.3174361359538204
0.31786076693606247
0.31828673387576495
0.3187140424538792
0.3191426983803252
0.31957270739421956
0.32000407526409974
0.32043680778815375
0.32087091079445
0.32130639014116763
0.32174325171682944
0.32218150144053564
0.32262114526220054
0.3230621891627889
0.3235046391545568
0.32394850128128744
0.3243937816185395
0.32484048627388573
0.3252886213871611
0.3257381931307088
0.3261892077096302
0.3266416713620337
0.3270955903592885
0.3275509710062774
0.32800781964165543
0.32846614263810314
0.32892594640259065
0.3293872373766358
0.32985002203657016
0.3303143068938011
0.3307800984950825
0.33124740342278114
0.33171622829515035
0.3321865797666001
0.33265846452797504
0.33313188930682963
0.3336068608677104
0.33408338601243304
0.3345614715803701
0.33504112444873435
0.3355223515328684
0.3360051597865327
0.3364895562022006
0.33697554781135014
0.33746314168476316
0.33795234493282433
0.3384431647058212
0.3389356081942502
0.3394296826291214
0.33992539528227017
0.34042275346666206
0.34092176453671524
0.3414224358886094
0.3419247749606088
0.34242878923338194
0.342934486230325
0.3434418735178917
0.3439509587059167
0.34446174944795427
0.34497425344160704
0.3454884784288675
0.3460044321964565
0.34652212257616516
0.3470415574452038
0.34756274472654686
0.3480856923892879
0.34861040844899144
0.34913690096805255
0.34966517805605596
0.35019524787013945
0.35072711861536277
0.35126079854507447
0.35179629596128636
0.352333619215049
0.3528727767068319
0.3534137768869044
0.3539566282557232
0.3545013393643193
0.355047918814694
0.3555963752602105
0.356146717405996
0.35669895400934337
0.35725309388011933
0.35780914588117047
0.35836711892874085
0.35892702199288573
0.35948886409789427
0.360052654322713
0.3606184018013752
0.3611861157234313
0.3617558053343857
0.3623274799361365
0.36290114888741654
0.36347682160424616
0.3640545075603809
0.3646342162877665
0.365215957377003
0.36579974047780334
0.36638557529946403
0.3669734716113401
0.3675634392433157
0.3681554880862902
0.3687496280926606
0.3693458692768136
0.369944221715618
0.3705446955489238
0.37114730098006493
0.37175204827637104
0.37235894776967526
0.3729680098568335
0.3735792450002482
0.3741926637283941
0.3748082766363488
0.375426094386333
0.37604612770825013
0.37666838740023406
0.3772928843292009
0.3779196294314078
0.37854863371301223
0.37917990825064607
0.37981346419198153
0.3804493127563159
0.38108746523515186
0.38172793299279
0.38237072746692224
0.3830158601692356
0.3836633426860147
0.384313186678759
0.38496540388480005
0.38562000611792296
0.3862770052690022
0.3869364133066349
0.3875982422777824
0.38826250430842413
0.3889292116042086
0.3895983764511173
0.3902700112161317
0.39094412834790904
0.39162074037746314
0.3922998599188529
0.3929814996698768
0.3936656724127738
0.39435239101493413
0.395041668429612
0.39573351769664894
0.39642795194320674
0.3971249843845018
0.3978246283245479
0.39852689715691075
0.3992318043654692
0.39993936352517684
0.40064958830284114
0.40136249245790334
0.4020780898432303
0.40279639440591414
0.40351742018807363
0.4042411813276752
0.40496769205934946
0.40569696671522965
0.40642901972578455
0.4071638656206676
0.4079015190295802
0.4086419946831301
0.4093853074137087
0.4101314721563754
0.4108805039497492
0.41163241793691063
0.41238722936631356
0.41314495359270625
0.413905606078059
0.4146692023925072
0.4154357582152995
0.41620528933575507
0.41697781165424025
0.41775334118314045
0.4185318940478526
0.4193134864877888
0.42009813485738373
0.42088585562711645
0.4216766653845451
0.42247058083534883
0.42326761880438196
0.4240677962367404
0.4248711301988376
0.4256776378794943
0.42648733659103777
0.42730024377041514
0.42811637698031485
0.4289357539103033
0.42975839237797575
0.43058431033011313
0.4314135258438576
0.4322460571278958
0.43308192252366146
0.43392114050654285
0.4347637296871095
0.4356097088123528
0.4364590967669339
0.43731191257445057
0.43816817539871783
0.4390279045450603
0.4398911194616205
0.44075783974067806
0.44162808511999346
0.4425018754841507
0.44337923086593206
0.444260171447693
0.44514471756276514
0.44603288969686483
0.44692470848952326
0.44782019473553303
0.448719369386404
0.4496222535518453
0.45052886850125784
0.45143923566524335
0.4523533766371345
0.4532713131745378
0.45419306720090025
0.4551186608070838
0.45604811625297026
0.4569814559690733
0.45791870255817596
0.458859878796984
0.4598050076378007
0.46075411221021634
0.4617072158228227
0.4626643419649409
0.4636255143083776
0.4645907567091952
0.4655600932095026
0.46653354803927294
0.46751114561817375
0.46849291055742476
0.46947886766167657
0.4704690419309102
0.4714634585623588
0.47246214295245503
0.47346512069879243
0.4744724176021262
0.47548405966837853
0.4765000731106852
0.4775204843514545
0.47854532002445316
0.47957460697692506
0.4806083722717212
0.481646643189472
0.4826894472307694
0.4837368121183879
0.48478876579952335
0.4858453364480671
0.48690655246689973
0.48797244249021865
0.48904303538588995
0.490118360257834
0.4911984464484308
0.4922833235409692
0.49337302136211136
0.4944675699843959
0.49556699972877305
0.4966713411671648
0.4977806251250597
0.4988948826841429
0.5000141451849559
0.501138444229587
0.5022678116844027
0.5034022796828034
0.5045418806280233
0.5056866471959579
0.5068366123380365
0.507991809284111
0.5091522715454118
0.5103180329175141
0.5114891274833531
0.5126655896162777
0.5138474539831436
0.51503475554744
0.516227529572467
0.5174258116245362
0.5186296375762405
0.5198390436097294
0.5210540662200621
0.522274742218581
0.5235011087363369
0.524733203227559
0.5259710634731662
0.5272147275843336
0.5284642340060915
0.5297196215209814
0.5309809292527656
0.5322481966701632
0.5335214635906634
0.5348007701843694
0.5360861569779006
0.5373776648583484
0.5386753350772778
0.5399792092547926
0.5412893293836434
0.5426057378333972
0.5439284773546667
0.5452575910833886
0.5465931225451613
0.5479351156596474
0.5492836147450277
0.5506386645225244
0.5520003101209723
0.5533685970814693
0.5547435713620827
0.5561252793426137
0.5575137678294344
0.558909084060399
0.5603112757097986
0.5617203908934137
0.5631364781736197
0.5645595865645638
0.5659897655374218
0.5674270650257136
0.5688715354307181
0.5703232276269412
0.571782192967662
0.5732484832905783
0.574722150923507
0.5762032486901809
0.5776918299161126
0.5791879484345697
0.5806916585926016
0.5822030152571754
0.5837220738213932
0.5852488902107862
0.5867835208897356
0.5883260228679381
0.589876453707002
0.5914348715271217
0.5930013350138529
0.5945759034249879
0.5961586365975335
0.5977495949547851
0.5993488395135019
0.6009564318912097
0.6025724343135801
0.6041969096219388
0.6058299212808865
0.6074715333860137
0.6091218106717586
0.6107808185193623
0.6124486229649431
0.6141252907077029
0.615810889118256
0.6175054862470695
0.6192091508330454
0.6209219523122341
0.6226439608266683
0.6243752472333407
0.6261158831133131
0.6278659407809776
0.6296254932934391
0.6313946144600656
0.6331733788521641
0.6349618618128247
0.636760139466905
0.6385682887311773
0.6403863873246282
0.6422145137789208
0.6440527474490306
0.6459011685240333
0.6477598580380719
0.6496288978814917
0.6515083708121636
0.6533983604669688
0.6552989513734822
0.6572102289618412
0.6591322795767883
0.6610651904899287
0.6630090499121756
0.6649639470063861
0.6669299719002275
0.6689072156992253
0.6708957705000381
0.6728957294039501
0.6749071865305769
0.6769302370318001
0.6789649771059351
0.6810115040121207
0.6830699160849656
0.6851403127494199
0.687222794535906
0.6893174630956873
0.6914244212165171
0.6935437728385304
0.6956756230704113
0.6978200782058303
0.6999772457401615
0.7021472343874817
0.704330154097864
0.7065261160749615
0.7087352327938883
0.7109576180194193
0.7131933868244894
0.7154426556090221
0.7177055421190847
0.7199821654663622
0.7222726461479864
0.724577106066702
0.7268956685514011
0.729228458377981
0.7315756017906169
0.7339372265233818
0.7363134618222488
0.7387044384674967
0.7411102887965201
0.7435311467270078
0.7459671477806036
0.7484184291069218
0.7508851295080478
0.7533673894634598
0.7558653511554048
0.7583791584947301
0.7609089571472138
0.7634548945603359
0.7660171199905822
0.768595784531221
0.7711910411406006
0.7738030446709945
0.7764319518979431
0.7790779215501793
0.7817411143400886
0.7844216929947542
0.7871198222875876
0.7898356690705486
0.7925694023069753
0.7953211931050554
0.798091214751916
0.8008796427483708
0.8036866548443362
0.8065124310749396
0.8093571537973044
0.8122210077280626
0.8151041799815881
0.8180068601089913
0.8209292401378555
0.8238715146127693
0.8268338806366415
0.8298165379128656
0.8328196887882665
0.8358435382969622
0.8388882942050476
0.8419541670562192
0.845041370218262
0.8481501199305467
0.8512806353524095
0.854433138612577
0.8576078548595581
0.8608050123130756
0.8640248423165708
0.8672675793907669
0.8705334612883331
0.8738227290497159
0.8771356270600853
0.880472403107504
0.8838333084423083
0.8872185978377016
0.8906285296516998
0.8940633658902905
0.8975233722720284
0.9010088182939324
0.9045199772988227
0.9080571265441294
0.9116205472721214
0.915210524781701
0.9188273485017544
0.9224713120660564
0.9261427133898684
0.9298418547481742
0.9335690428556616
0.9373245889484433
0.9411088088676388
0.9449220231447587
0.9487645570890224
0.9526367408766593
0.9565389096421677
0.9604714035716768
0.9644345679983881
0.9684287535002614
0.972454315999806
0.9765116168663173
0.9806010230203256
0.9847229070405507
0.9888776472732976
0.9930656279444029
0.99728723927382
1.0015428775928725
1.0058329454642732
1.010157851804975
1.0145180120119803
1.0189138480910804
1.0233457887887705
1.0278142697272177
1.0323197335426029
1.036862630026735
1.0414434162721522
1.0460625568207311
1.0507205238159776
1.0554177971590644
1.0601548646686987
1.06493222224498
1.0697503740373366
1.0746098326166846
1.079511119151899
1.0844547635907287
1.0894413048453315
1.0944712909825065
1.0995452794188112
1.1046638371206492
1.1098275408095948
1.1150369771729518
1.1202927430798468
1.1255954458029298
1.1309457032459558
1.1363441441772664
1.1417914084695528
1.1472881473459338
1.1528350236326221
1.158432712018376
1.1640818993209345
1.1697832847606782
1.1755375802417192
1.1813455106406585
1.1872078141033255
1.1931252423495926
1.1990985609867744
1.2051285498316116
1.2112160032413266
1.2173617304539714
1.2235665559383881
1.2298313197540416
1.236156877921164
1.2425441028014381
1.2489938834896979
1.2555071262168536
1.2620847547646334
1.2687277108922979
1.2754369547759843
1.2822134654608919
1.2890582413269638
1.2959723005683332
1.3029566816871374
1.3100124440022483
1.3171406681731903
1.3243424567401694
1.3316189346804568
1.3389712499818758
1.3464005742339349
1.3539081032373037
1.3614950576323415
1.3691626835471231
1.3769122532660794
1.3847450659196017
1.3926624481957242
1.4006657550744799
1.4087563705859112
1.4169357085925234
1.4252052135972473
1.4335663615777463
1.442020660848122