-1.3727740662701876e-19
6.668144182972064e-19
-2.506995637707268e-19
-1.0818058205003949e-19
3.752565171537177e-19
-3.263989474566042e-20
4.107963440442182e-19
1.7592341461901566e-19
-6.174790757677875e-19
-2.854650478710521e-19
5.98856582176132e-20
4.798424204144284e-19
-2.431285604240181e-19
5.650000416443545e-6
8.41208486374595e-6
0.000010022384864867452
4.436859191508339e-6
0.00001097800550667541
8.446059213534892e-6
0.000015503519821927226
3.2736806367212426e-7
-0.00011117972334172263
-0.00005841284061108722
0.000162738083353828
0.00005888248347943968
0.00002598050812044339
0.00001113923354636529
-3.7912249799232743e-6
0.000021387428059747774
0.000010387758158883917
-0.00009425520749892063
0.000040357753169413325
-0.000044699250043958175
9.903529050682647e-6
-0.00009157605040014766
-0.00007167765346413931
-0.00009648699211573705
-0.00012943830014948253
0.00016210400594695145
0.00004024418457213662
0.00006595430257541944
0.000022762631964835334
-0.000010573671733664156
0.000011063022113210826
-0.000020125716695759883
0.000025764735430913938
-0.00004635740089109642
-0.000048842602444139074
-0.0001605698544436776
-0.000242321627104043
-0.00020372346018994588
-0.00023665867918574608
-0.00024574305051603394
0.00029928765241342414
-0.00003467072042088509
-0.00006860727987594841
0.00007899081959248916
-0.000060348609531178696
-0.000010625401876889508
0.000025837830013743012
0.0000782415656132181
-0.00018184855947099413
0.00014818338584455474
-0.00011005535856590616
-0.00012244355959786725
-0.00029721615150224006
-0.000054396858676895686
-0.00005838554529611072
-0.00007558079595792398
-0.00002599486917784855
-0.000028346670410354414
-2.3671549762703696e-6
0.000011906199835675394
-0.00002973497872695336
1.0686674399981791e-7
-5.7143297861440455e-6
-7.753806939444172e-6
0.00011397366690265322
-5.298274568927641e-6
-5.266714410839022e-6
-0.00043010639042980196
0.00009916408256055872
-0.00005701193885961492
0.0003541157850704915
0.00005769615330946459
-0.000053139895858842927
0.00004575241422437459
0.000029390683129418896
0.00008867103554243741
0.00002779245931132994
-0.000026492773310837654
-0.000012549493937215847
-0.000018764803791314807
-3.486915635242096e-6
-0.00003693943016743614
-0.000022267454382877697
-0.000049744933104487046
0.000014231056296113668
-0.00003290874021875677
-0.00006321734865369547
-0.00004052464678678665
-5.8615966058204e-6
-0.000019902569112956258
0.0000325813916806682
0.0000109731523075317
0.000015727939756985263
6.767303217303829e-6
0.00001574675791135118
0.00002412403022098135
0.00001996490171463225
0.000017932567718177137
4.321450847527785e-6
0.00003356825256663867
-0.000018863017872443355
-0.000040347620974607176
5.180014768134839e-6
-0.00008624667957342195
-0.000028172096541149228
-1.2780801209784717e-6
-0.000037859849115178965
0.000017878551919713383
-0.000021111900654354487
-3.675363879469813e-6
0.00001635848357953247
0.000020514640394410776
0.000027219284394907677
0.000039494068253943314
0.000047681532152330766
0.000048655944422600475
0.000043515285168981906
0.000029532970777645802
-9.233537483667328e-6
0.00007708499370361291
-8.216216281661688e-7
-0.00003450281257997161
-0.000019269549916817308
-0.0000116303360812449
-0.0003710204413102547
0.00010043741484412384
0.00009317773764502909
0.00007442533603380987
0.000058629242037363124
0.00003810088171533037
-0.000027599108268334407
0.000051410191971802784
-4.897712255805502e-6
-0.000023729394870519125
0.00004320662013089591
0.000048153954589346945
8.962559529017526e-6
0.00001016248767406228
-0.000043838489432105815
-1.6414526963179146e-6
-0.000013526537579931547
-0.000014013325568517903
-0.00011917113777731523
-7.580548217905578e-6
-0.00003977985551151675
-0.000047131712265473666
-0.00005611909217575282
-0.00006276717112268623
-0.000035630179665449614
-0.00012366758985475745
0.000054143838061488885
0.00013311036464638622
0.00011710511236701809
0.00008104708307579186
0.00008262088623168585
0.00003342519166492657
0.0000703841724320642
8.8158963437123e-7
0.000011287076013653641
-0.00003462840065126047
-0.000028129420427415685
-0.00004182182462965157
-0.00005385719030236376
-0.00006418223443680663
-0.00006722123338607044
-0.00009222343605379214
-0.00006235070831367126
-0.00006543843979188813
-0.00004425155031570584
-0.00009868804977787731
-0.00008721085954687359
-0.00007630215758934743
-0.00001199744303055826
4.742075464385654e-6
-0.00003384851526730623
-0.00010363836738126373
-0.00003054738459403826
-0.000097341507064987
-0.00007508105402201269
-0.00008531850160855539
-0.00009437945643118149
-0.0000906452850485529
-0.00010302077215618097
-0.00008355446126992695
-0.00004679765126862127
-0.00003272968683148534
-0.00004528528663553981
-0.00008418385323505473
-0.00006265387551313451
-8.855826330258031e-6
0.00004642287904765337
-0.000012393497831167328
0.000052037850581177964
0.000045996222322326074
0.00006612219077480732
0.00008826655994917611
0.00009558965045866501
0.00010925279378795959
0.00009702057197952105
0.00009436546862035057
-0.00007483345061991331
-0.00012377056574823395
-0.000051700748819196005
-0.00010202088610497384
-3.252337065578437e-7
-0.00001576871557789506
0.00004103441431327694
0.00004501114591878646
0.000019154909422564917
0.00004634487763983657
0.000055548426578507134
0.00008053624567691534
0.00009284853512741344
0.00010150038002405171
0.00012438935318520098
0.0000906848874736552
0.00007960955300227596
0.00008556247242243866
0.00010576900688461597
0.00005717156637381378
0.00003917707330085199
0.000011873266783457194
-2.4190437803419773e-6
3.136341805710872e-6
-0.000046203080257801176
0.00009272848404714935
0.0001137575237872057
0.00011502329403900778
0.00013632823505296354
0.00014311483963811908
0.0001294354026856809
0.00014231864373386954
0.00013290429147101924
0.00012609335483589293
0.00013245073639974516
0.00006497356576378989
0.00006150154409824409
0.00007088608996309002
0.00003450910022526486
-0.000016885640115314855
-0.00003371882246894211
-0.00005213714171274031
-0.00006431045897272082
-0.00009140281742541072
-0.00011687879394084699
-0.00014029868239949367
-0.00015312546277333164
-0.00017937033802531972
-0.00017686160889306002
-0.000181304081398566
0.0002189067406106656
0.00017603784354349515
0.00014694569213214492
0.0001571307683035352
0.00009024537298060532
0.000026848177609072175
7.982197340779193e-6
-0.000017924995227454467
-0.00003275220502803032
-0.0001054633560308828
-0.00011766467174918387
-0.00013201209556504132
-0.00014372820376673252
-0.00015249233010939777
-0.00015966187927790037
-0.00016678099004474668
-0.00015768398951296523
-0.00013622340393839222
-0.00013713577886417062
-0.00009323493996481759
-0.00006639329049743493
-0.00004854388833737616
-0.00001979794212830883
0.000022117398252930608
0.00006624984116132662
-0.00010277250970985352
-0.00011783160965855929
-0.00019260839876360358
-0.00020218288332388788
-0.00021661562337458806
-0.00022653317934027246
-0.00021232927171129578
-0.00023337632512738976
-0.00021305852925728298
-0.0002183190761979454
-0.0001296694171203108
-0.00013383412273680167
-0.00010394213700453288
-0.00004876179488108738
-0.000053671484922581455
-0.00002125149904493149
0.00004591337030845283
0.00009600655216507542
0.000141062336597086
0.0001716583760984744
0.00021263208252831717
0.00024859959091340253
0.0002671380067629755
0.0002965481129142649
0.0003165237194237695
-0.00033240509157872087
-0.0003098598679186619
-0.0002774765785120093
-0.0002685047835977761
-0.00014435711377474824
-0.00012361384550556734
-0.00007036563659984527
0.000016043440143349273
0.00005396892817156114
0.00011652891096261118
0.00015115229138494668
0.00019472969772956085
0.00021833905027494364
0.0002455231974295947
0.0002585188995445635
0.0002726921789416819
0.00029759389020624446
0.0002995374518229749
0.0002458381220835662
0.00023588592058724386
0.0001891560836815375
0.0002090065152216873
0.00010517779369058171
0.00010741811105339456
-0.000015819869171642793
0.000060740604974347756
0.00014464570268401346
0.00023705672039087372
0.0003003369186206365
0.00035031574370497425
0.0003778711156169935
0.0003940172161202875
0.000385827629224935
0.00042807802554755195
0.0003776175283139214
0.00034482920698319865
0.00031471957144918347
0.0002876269726102207
0.00019662781948848632
0.00016656970817330676
0.00012609589352455768
0.00001683984897163533
-0.00003380357907588847
-0.00016527760425980213
-0.0002453774479721538
-0.0003309601117581328
-0.0004224081404048803
-0.0004908346029405315
-0.0006083854448759405
-0.0006528740381444183
0.0008868364325886394
0.0009052368950697175
0.0007685981134155871
0.0007549688219572001
0.000610459541053424
0.000520291696342468
0.00040264163001494025
0.0002718170589948619
0.00011055922593291126
-1.5556849378292528e-6
-0.00016004755847801247
-0.0002895337070146716
-0.0004005704684295036
-0.0005156971682848807
-0.0006353680981756801
-0.0007486953679537972
-0.0008156936833306021
-0.0008635190334352234
-0.0009281175500979875
-0.0009531857315858211
-0.0009316542366552842
-0.0009109954058646492
-0.0008468175018585089
-0.0006831699701213531
-0.0004388998388218666
0.0007597174462966423
0.00029759367824528857
-0.00022426402208163817
-0.0006945203490226016
-0.0011067862062195957
-0.0014640062055771962
-0.0017562342184142014
-0.002000945433030954
-0.0021815264047226265
-0.002363555014172303
-0.0024264081619277096
-0.002499344039275088
-0.0023805688846496517
-0.002293887816119102
-0.0021164441601771757
-0.001803637910706011
-0.0013896236345729846
-0.0008918623287125738
-0.00028071549350213164
0.00041007378174540615
0.0012115871273764953
0.002198385742717769
0.003283042301810524
0.00460868269045631
0.0062017472814519005
0.0815028144244864
0.08957040771854839
0.09730043136449393
0.10461861344194126
0.11201641410331237
0.11895802582771291
0.12585401467804347
0.13226753883303716
0.1380791940835945
0.14323161926100203
0.14740811255126804
0.15058126899740498
0.15260327326106726
0.15363745578621607
0.15357916365245047
0.15258316622302953
0.15044198381592527
0.14726339960388443
0.1423547727938131
0.13595777661950792
0.1270104224396135
0.11574590651274903
0.10150166964824998
0.08404247009746883
0.06386546801576465
-0.002274023915401638
-0.0007565447009930964
0.00034506850110638243
0.0012553879057808374
0.0019084722080715164
0.0023825476371062805
0.0026662644278572577
0.0028111543668276778
0.0028833008889663204
0.0028648560524801086
0.0026842603612776254
0.002491790552976365
0.002211796265015956
0.0019423298758971762
0.001549981361490078
0.0012255244217648576
0.0008080256257686347
0.0003242565035868927
-0.00011057778250825193
-0.0005494222859027392
-0.0009801716296373583
-0.0013778190862602107
-0.001770306770516644
-0.0021463483717787395
-0.0025077669992531783
0.0015088380017079979
0.0013388823128096066
0.0011571163668726257
0.0010008236092777928
0.0007293692958302277
0.0005465646840052767
0.0003478666597767279
0.00017811695743331346
9.538905712105513e-6
-0.0002241055026902616
-0.0003759519105871839
-0.0005196219879525612
-0.0006415149002130461
-0.0007258737449352893
-0.0008119320008959155
-0.000846001949826563
-0.0008657169427641588
-0.000856347624018612
-0.0008767132786523465
-0.0007857590637906705
-0.0007312809841428182
-0.0005144719426988368
-0.00038557119002855965
-0.00015980375271751936
0.00004537816575954016
-0.0003741512182256273
-0.0005277894443011382
-0.0006208858422502288
-0.0006971010051293908
-0.0007380536354765079
-0.0007448184000061212
-0.0007284367823993654
-0.0006790074161125093
-0.0006305578518200369
-0.0005621316550503774
-0.00045373704990211457
-0.0003813601917794016
-0.0003462346864567174
-0.00015916463967068296
-0.00007930952841797232
0.0000999482307363519
0.0002131616679814495
0.00034106390776871394
0.00046143891563415747
0.0005933003105826714
0.0006831993696705174
0.0007721274219067796
0.0008679898123887469
0.0008961169737194731
0.0009687314173179937
-0.0008849260230423812
-0.0006861472360065082
-0.0004760883875186468
-0.0003267954781365579
-0.0002491154464064107
-0.000026931995129962297
0.00012918191369482907
0.0001932376226111195
0.0002973727932663352
0.0004125208442508899
0.0004995396367810096
0.0005651130960890398
0.0006274722771022915
0.0006647257717756639
0.0006606763677148864
0.0006691228599919326
0.0006518644946960447
0.000593084464938471
0.0005544610476425096
0.00045436994517947715
0.00033232902493684016
0.000130191999131983
2.83279184067646e-6
-0.00015720901536907134
-0.0003539860143767073
0.0006171420693176513
0.0006401999135471752
0.0007790978105864766
0.0008050557719152114
0.0008119086479469593
0.0007782715129616862
0.0007220879628256416
0.0006480670260364707
0.0005882742525607397
0.0004962747627889934
0.00034196886343347717
0.00027253117202861733
0.00014775413454161396
0.00003668506401155198
-0.00011725518998838429
-0.0002519497500239259
-0.00036995032460586304
-0.0004729987781413344
-0.0006026503982702312
-0.0007181236971944746
-0.0008018913059545583
-0.0008622280938916209
-0.0009400446081486277
-0.000977909764633219
-0.0009814792228251621
0.0008405121093124466
0.0005963462826060452
0.00045308962058295834
0.0002369362451805283
0.00006126336182262107
-0.00010079542450189053
-0.00023706782639740505
-0.0003613231997544512
-0.00046719667372630713
-0.0005863129410745986
-0.0006439064786340594
-0.0007106483686201919
-0.0007487262546776424
-0.0007517611306082755
-0.0007527214392685278
-0.0006997257636902786
-0.0006533999179869601
-0.0005728563987307868
-0.0004382827817978992
-0.00031255978120434564
-0.00018658094189466043
0.00002795178521813981
0.00014451055549796494
0.0003537146745900372
0.0005726202295223493
-0.0007733178862052275
-0.0008894056614048749
-0.0009438540363825023
-0.0009850352170739222
-0.0009622527518018963
-0.0009324750649966505
-0.0008583640262587739
-0.0007657874847917976
-0.0006658282219436375
-0.0005338797809145043
-0.00042403347133517004
-0.0002489542688735431
-0.00010830120283828483
0.000010529209310493585
0.0001804277344439452
0.00037433042563914283
0.0005014445547260076
0.0006447023769768611
0.0007781682296293483
0.0008784546904091035
0.0009788612524874465
0.0010447153643835705
0.0010802732221339994
0.0010953077722342121
0.0011510694625841166
-0.0009609331825880592
-0.0007871135004950952
-0.0004895321543363009
-0.000259801272587175
-0.00009567944575073454
0.000120601462101599
0.00028950921871270785
0.00044586177891571614
0.0006022937672216729
0.0006894585315031591
0.0007937481486738964
0.0008496403097354189
0.000901817730601578
0.000922388156516412
0.0008893963248187486
0.0008691842836299409
0.0007608401225754079
0.000726317306828519
0.0005406157145213642
0.00041498250111486124
0.0001920709196454463
5.734952037237009e-6
-0.0002079473269036767
-0.00039518252631514267
-0.0007842164051127354
0.001002282724851797
0.0010903850266371828
0.0011888749776230694
0.0012030333463860187
0.0011861052863595626
0.0011495192079291018
0.001023030645271381
0.0009172854255050893
0.0008167053979075932
0.0006143465344311615
0.0005088131399276274
0.00027940402694495833
0.0001226620793360694
-0.00010354363815328924
-0.0002417911717880742
-0.00043059258267361166
-0.0005808503587968985
-0.0008083507436393599
-0.0009468860672321295
-0.0010876124919080416
-0.0011919664513424747
-0.001279426398687676
-0.0013208029532765031
-0.0013421793703021414
-0.0012795895718202526
0.0011590429831860702
0.0008063116521154253
0.0005879343157354103
0.0003517040456034242
0.00013662487483516672
-0.0002239229544817585
-0.00041460475991859393
-0.0006013587935336364
-0.000735478372273852
-0.0008616633912436512
-0.0009847673746273189
-0.0010599654689825557
-0.0011076323354527627
-0.00111833076392492
-0.0010689172197842268
-0.001028711239222661
-0.0009582294950490181
-0.0007976802961050121
-0.0006255759974489742
-0.0004105465735731847
-0.00023820939477038546
0.00004354084774875961
0.00026307722506862846
0.0006479959579705726
0.0009136923233907118
-0.0012622806180445708
-0.0013634808978447717
-0.0014371187723783777
-0.00146848306303136
-0.0014321112022228609
-0.0013650827583296717
-0.0012373729381151561
-0.0011497357192028282
-0.00097703996732406
-0.0007267409250167442
-0.0005600988333707419
-0.0003991572248291858
-0.00011348465017308154
0.0001304201741834409
0.0003850272922823264
0.0005716513712024831
0.0008127402382218057
0.0009862306650526833
0.001175038431294855
0.0013405430819757782
0.001470112073917593
0.0015554175411577914
0.0016007834649015582
0.00170278973809336
0.001671555195304696
-0.0013979651742306752
-0.0010247837416496601
-0.000832863736760016
-0.0004643900499084803
-0.000081574341899138
0.00021062316260206997
0.0004381483529373265
0.0006855621678538674
0.000928837585831661
0.001045351246546351
0.0012182630416339648
0.0013004231143272187
0.001347291527413085
0.0013412107629701658
0.0013453589488773203
0.0012598829062004486
0.0011798298113836995
0.0009602006595451617
0.0008028481014863866
0.0005857422611816372
0.00023856151738492378
-0.00006598317320985195
-0.000392121817386523
-0.0008065812188627164
-0.0011486778046646598
0.0014886328730618682
0.001658815601972961
0.001767696958831684
0.0017966084493312906
0.001749557448219687
0.0016751784695383531
0.0015297713947314126
0.0013834364011537697
0.0011608310140056935
0.0008819383396956764
0.0006742204439816143
0.0004415473252826522
0.00018948814968817272
-0.00017149511811877748
-0.00044296355501160595
-0.0006458336799938321
-0.0010099644138471962
-0.0012217917137622109
-0.0014557002855974097
-0.0016377942791536762
-0.0017645580189284778
-0.001899509553316829
-0.0019755372199202347
-0.001995898502051348
-0.0019160751955487809
0.001678706135472295
0.0013608128066009426
0.0008145493558993399
0.0003959772255868413
0.00008108527088440177
-0.0002601500831175739
-0.0005936870087358436
-0.0008485199226774909
-0.0011597741592663754
-0.0013117210120545846
-0.0014655333587795388
-0.001594281265278017
-0.0016586500330836279
-0.0016456331806120569
-0.0016294217494383918
-0.0015054880258968408
-0.0014015939058563355
-0.001266172111264465
-0.00102710388289867
-0.0006856152668274387
-0.00038646829285021684
0.00005958777471089657
0.0005013274135572167
0.0010019323637462556
0.00136218703461422
-0.0018081510636203792
-0.0020774379278106613
-0.002177408035650391
-0.002194514405324404
-0.002158369179060169
-0.0020241685446682305
-0.001886461141520768
-0.0016719457812317145
-0.001410981840215591
-0.0011029683118550953
-0.0008310279914367426
-0.0005074372144870022
-0.00018740870327825314
0.00015156587381738143
0.00048781407378028173
0.00076843930489085
0.0012179693952744503
0.0014731172118480063
0.0017116072001829344
0.0019963769026117885
0.0021895854478169016
0.002323127316343102
0.0024204924090921696
0.002447816624923544
0.0024551788490843524
-0.0021870432694364597
-0.00152767508659867
-0.0010379011446005465
-0.0006357665924144777
-0.00013103819760715407
0.0002042846544024845
0.0006056690398130739
0.0009571255350056861
0.0012947183523542608
0.0015380692715377346
0.0017238965244912076
0.001924007250189858
0.0019994978937084287
0.0020425559458747333
0.002003885760626298
0.0019330157015355778
0.0017685004889549222
0.0015760410840547623
0.0013202773517877735
0.0009503100375376686
0.0005102369329059941
0.00007309382634908932
-0.0004594337494166113
-0.0010391042083888408
-0.0016545083816935971
0.002184922469325333
0.002451185789268184
0.0025714009919105105
0.0026478200322820533
0.0025727093647161022
0.0025110026712796114
0.002337787246540963
0.0020912328405858446
0.001830737791299594
0.001480642028428478
0.001142549372201038
0.0007758715254813878
0.00029633389032685794
-0.0000803677973769401
-0.0005042146527935007
-0.0009496632792641037
-0.0013580673976875475
-0.0017469395710695984
-0.002073410463993909
-0.002377387928103306
-0.002633748106431036
-0.002851413127087701
-0.00300288662778965
-0.0030510547952503114
-0.003008119944659404
0.002710379561148869
0.0020256628699066134
0.001384851040606012
0.0008154309429560675
0.00025881573413071615
-0.0003255247638688471
-0.0007756429199439314
-0.001234736092001806
-0.0016128270112826617
-0.0019287646639451557
-0.00222503463538772
-0.002388064543565991
-0.002462865890306819
-0.002458298622130035
-0.0024088159141622684
-0.0023115374997604208
-0.0021085787496427423
-0.0017896917233287829
-0.0014759214584888574
-0.000966088161976343
-0.0006278234815827457
-0.00010075318931224492
0.0005914386802971513
0.0012771088501463993
0.0020319655177256754
-0.0027800604290957264
-0.003116591685224135
-0.003261524607153025
-0.003317663323100457
-0.0032172007412917965
-0.003080142927532564
-0.0028041269360041415
-0.0025576234458226477
-0.002147702646010062
-0.001690905169413736
-0.0012657479946316338
-0.0008056547576347485
-0.00035544503690622506
0.00021884014836584374
0.000793817166843151
0.0011908284477745825
0.0017705494045444025
0.002235040770487618
0.0026015637333779984
0.002987186461751953
0.0032721129009541153
0.0034830243096081732
0.003594019412726391
0.0036491721463366234
0.00356426158709933
-0.0031081499883460375
-0.002292619701118403
-0.0015535642693535745
-0.0007907550397695009
-0.00010807280771265305
0.0005663252558929226
0.0011025739837538684
0.0016043857106929032
0.002102061044263867
0.0024520519517400572
0.002680555270124403
0.0028740887823191625
0.0030400526043744096
0.003075100578444837
0.0029794638199672012
0.0028312001408257654
0.0025507715808074753
0.002228648296504569
0.0017375005059791107
0.0012256131826244182
0.0005692770201425124
-0.0000997676753530454
-0.0007703177422156407
-0.0016378692656754978
-0.0026772311202314754
0.003498232323528762
0.003738982941775695
0.004003526974180022
0.004048508780251456
0.003985142663577446
0.0037810670199847113
0.003527472426608696
0.0031113479593534053
0.0026497890949897756
0.0021726925230819987
0.001587109755605664
0.001039409780738062
0.0003048279376243443
-0.000334365189844108
-0.0009041525044632794
-0.00152380050605438
-0.0021333295802268087
-0.0027916028735399134
-0.003244586902845839
-0.0036972621830060467
-0.004018069085616465
-0.0042816431503470385
-0.004495111501694483
-0.004517893337407636
-0.0044878027235555505
0.004044085395764397
0.0030057846799512915
0.0020646909111344813
0.0011907799769916968
0.00013077385579047295
-0.0005242016253704643
-0.001363299471664549
-0.0020227719062233915
-0.002573367409230146
-0.002971864439037091
-0.0034083046779490064
-0.0036094085250133723
-0.0037397318635742703
-0.003768185940352622
-0.003687680432066862
-0.003491444135134662
-0.0031816594595793727
-0.0026850919507810183
-0.0021254319645053607
-0.0015019804544530073
-0.0006853945386276773
-9.984411255895728e-6
0.001089798616642633
0.0020930128392956655
0.003231197856694288
-0.004309805112208361
-0.004835020121803846
-0.0050335314187467915
-0.005063089218341096
-0.004932897993047657
-0.004674306596467328
-0.004352762962409409
-0.003878023113480209
-0.003363181023267906
-0.002709373846510401
-0.0019223817286992057
-0.0011220116170259677
-0.000367321316250938
0.00037569611618169986
0.00122532273490503
0.0019654851852426557
0.002754394611853725
0.0033612050465283167
0.004051119011639438
0.00458668440468522
0.00501743012074057
0.005370911812464003
0.005567268439663352
0.005535383492718805
0.005501441110238324
-0.004836091381494443
-0.003547362327022382
-0.002285236715899276
-0.0012752641794790858
-0.00016536657474034938
0.0007836652860823472
0.0016966653048806311
0.0025661073166880623
0.003181182086248232
0.0037520738208935587
0.004230328923175836
0.004521125987462221
0.004687730966231865
0.004772022032220813
0.004608604962095891
0.0042678895653877145
0.003983615032152882
0.0034693919300539584
0.002690293510919137
0.0018702846467235697
0.0009012417233284017
-0.00013649093495897384
-0.0013124569527069667
-0.0027614606425234913
-0.004220186945399866
0.005256453812980051
0.005722465810477203
0.006232670338646665
0.006339644923365031
0.0061953669763294365
0.0058801101411639495
0.005474985900236388
0.004841415682631991
0.004160793819529852
0.0033380531749352235
0.0025181057657313382
0.001459479430325366
0.0005316834121413483
-0.0004528403953566293
-0.0014600476732983295
-0.002515452059786911
-0.0034034273196098756
-0.004237574393018903
-0.005048106135767099
-0.005779163814292143
-0.006311222749078879
-0.006670918211377197
-0.0069198371026347755
-0.007008698315619824
-0.006778481412628716
0.0061532763673873446
0.004619974589430725
0.0030435597548628445
0.0015724706327780403
0.00018670844501371146
-0.000832623412542187
-0.0022069225386482654
-0.0031900723402157115
-0.004127043750264439
-0.004808419513105002
-0.005356533205864993
-0.00572834691710172
-0.005918075408953435
-0.005952694050755419
-0.005777836943541912
-0.005432052880819084
-0.004886744920853884
-0.004216603076319383
-0.0034219936575383744
-0.002285736851670352
-0.001182596175662112
0.00021670239982317572
0.0017189858568690856
0.003505011160763503
0.005132780769987419
-0.007004080657386402
-0.007677806425822941
-0.008001730079577867
-0.008105419926874266
-0.007901779439002362
-0.007495753377059114
-0.006904699969081817
-0.006132815696792579
-0.005272783799600441
-0.00431722636489337
-0.0031214915091011246
-0.0018270506549481666
-0.0006660111347199692
0.0006958113190770244
0.0018201512455167058
0.003078634196586065
0.004280900131105615
0.005410197488430905
0.006409006670134805
0.0072931746945916415
0.007941073250655848
0.008569026881236078
0.008923289248174487
0.009000956882601874
0.00882301345782856
-0.007760280153895843
-0.005857655939444003
-0.003788801171843466
-0.0019660227470693708
-0.00024179815961052599
0.0012669906713050092
0.002829335286746315
0.003912666515337824
0.005157757525110833
0.006077863911108225
0.006723983690013658
0.007270705752734505
0.007597609242823416
0.007643531510301487
0.007401116971397904
0.007077789867846899
0.006420527883474082
0.005476889125636837
0.0044045279706091305
0.003084576162921002
0.001506863062782999
-0.00019841496973074346
-0.0021723401093808464
-0.0042859229753729805
-0.006751250547680511
0.008709676027552718
0.009650878435717157
0.01009500584041152
0.010390507023890591
0.010155070480739542
0.009739081002823868
0.00886831683166242
0.007993857802478748
0.006904235380522538
0.005560607760508916
0.004095307339408053
0.0023873620539345618
0.0009929482493422387
-0.0005751981969578514
-0.0023008393011100608
-0.004210478052954798
-0.005585258729584254
-0.0072035967466241736
-0.008415882351540518
-0.00938322969053389
-0.010409649660855957
-0.010993113206531112
-0.011391036038655362
-0.011404539100125824
-0.01097325530046399
0.010538411398886997
0.008004425147906185
0.005294478736389576
0.0027988677591290916
0.00048571044962715315
-0.0017259013593649143
-0.0038032890142281734
-0.005345544418691444
-0.006930688871131949
-0.008031072581272038
-0.008996264198680569
-0.009638723650644738
-0.009985477736200607
-0.009911023666383738
-0.009646055672596769
-0.009059795177130152
-0.008122643213603079
-0.006954526342484606
-0.005615694179177008
-0.0037571399906619475
-0.0018861498259214883
0.0004925461912477565
0.002898060834156629
0.0054923017146872475
0.008714186296527544
-0.012391665050951057
-0.013375049777576002
-0.013939661572287574
-0.013893055439060513
-0.013524080517038059
-0.012755171257390157
-0.011700571620942537
-0.010391609268020248
-0.008851559721272738
-0.007070103841484693
-0.005211164933432884
-0.0031044644242873448
-0.0011084901712316026
0.001091699722116063
0.0031719822400879316
0.005191615854471543
0.007304956182898051
0.009176880273976822
0.010959270739211878
0.012454310170525446
0.013647651962372625
0.014516422903494733
0.01518873697184098
0.015343015124670494
0.015066071603297818
-0.013433251902975472
-0.009984064569938575
-0.00662859400086613
-0.003555088107924984
-0.0005706952212155102
0.0022943159057371596
0.004733680597790074
0.007017280664977907
0.009051510611670746
0.010534180502130302
0.011769803547752205
0.012787672843798515
0.013300985206359408
0.01341682040655145
0.01315345504262558
0.012464173986776248
0.01129232745454604
0.00977772498683191
0.0077976289514803225
0.005343137368488966
0.002622936084152087
-0.0003666437618006743
-0.003842184917514376
-0.007702784558448846
-0.011858453162726086
0.015587594404535934
0.017342065213641088
0.018249430736143765
0.018699124015969897
0.01843286640774143
0.017617972798960685
0.016343798672511574
0.014733766924563319
0.012536677714262843
0.010222574428045125
0.0075624020816622926
0.004754841889810509
0.0016343936290747559
-0.0014687558915421816
-0.004601675833661025
-0.007644688211335213
-0.010271716711041394
-0.012574668136194246
-0.01509731488318308
-0.017128113321638095
-0.018655702815419672
-0.01951261163562676
-0.02014022413761397
-0.020003542378185288
-0.019319529807996047
0.020611297397762907
0.015229338245416045
0.010012689293148164
0.005244293576607991
0.0007427303646694228
-0.0030833581080355944
-0.0072512222929714265
-0.010656370647010367
-0.013253073569417035
-0.015469542312552239
-0.017091377798812382
-0.01800812114981068
-0.01856700434262776
-0.018479320994757735
-0.017819357164267954
-0.0165717648419069
-0.014904857793454117
-0.012744725526107115
-0.00992109097984926
-0.007014836632348178
-0.003180088150912245
0.0007373146187775502
0.005276160079278702
0.009873652689748767
0.014783716950683803
-0.02540672319074451
-0.026947017820153154
-0.027716776694363877
-0.027778101015226573
-0.026669536735297133
-0.024902465582757785
-0.022588227189878546
-0.019866279370746823
-0.016615070361634343
-0.01340185812949987
-0.009647015507203961
-0.005753324837889336
-0.001730059736980091
0.001998337581108686
0.006061086880183103
0.009957591541207808
0.01366379543552494
0.017187468403496078
0.020432132208237884
0.02333563374249365
0.02574875651034874
0.027705128442195064
0.029176714742033743
0.029751131195129923
0.029415199090187093
-0.026895401787722196
-0.019736017388415676
-0.012697712542779394
-0.006653850683963667
-0.0007060490036529516
0.0046072789048827185
0.009315595157220878
0.01389834293367627
0.017640343843399887
0.02079676720840865
0.023585980229881218
0.02571294010929811
0.02661979711521613
0.02732431210871095
0.026847190105696105
0.025700602639324135
0.0234322313381611
0.0204738850134799
0.0166040409919798
0.011571067511064185
0.005717880652606909
-0.0013734245352821195
-0.008726229986064232
-0.017207812701853058
-0.025500158187472984
0.03302990038606102
0.03730577298902591
0.0398441089776403
0.041480252356883275
0.041578480153206296
0.03998276674898613
0.03763282688026095
0.03415449273336019
0.029389936459380792
0.0239436351076687
0.017548029136704
0.010915256561042176
0.0037334027511795854
-0.0036114770284404337
-0.010828167719599189
-0.01785450441703233
-0.023696336324638082
-0.02927762431622151
-0.03318762167001475
-0.036111292101305335
-0.03858116492262728
-0.039411980296707796
-0.03882836761700698
-0.03745044731482423
-0.034387860569205154
0.06555903820054337
0.04945788505012565
0.03339989204009689
0.01691782772398616
0.0024591741251887957
-0.011436012332041156
-0.021770310185094864
-0.030508193937360803
-0.03737458854780685
-0.04117323757554694
-0.043618811660307844
-0.04380999111534201
-0.04273307151958258
-0.0403945102942408
-0.03717712360832415
-0.033129011802336
-0.02818821414522977
-0.023017072476409422
-0.017486891379491696
-0.011513616000886235
-0.00531024878427967
0.0011415056336597023
0.007933840526179813
0.01478341007950173
0.021938855330745976
-0.1587985267513357
-0.13374539567130575
-0.11217697507219976
-0.09443008272434913
-0.07840432382015451
-0.06444614513470333
-0.05228956234602152
-0.04142924151893555
-0.03218734882788408
-0.023623676400761306
-0.015798436045800092
-0.00905297550112551