0.20000000119367692
0.20000014580169587
0.20000053961470263
0.20000116822828282
0.2000020791832938
0.2000032955566228
0.20000480272179808
0.2000066257938113
0.20000923385186234
0.20001162211199797
0.2000159286651099
0.20001925297439918
0.2000228885385182
0.20001836392059422
0.20002530550481026
0.20003286882723598
0.20003216001153354
0.20004355499404428
0.2000513391439867
0.20005571836241126
0.20005241010730077
0.20016099119086947
0.20016770066333908
0.19968108134272955
0.19978384520392362
0.20013986320318
0.2000922980015126
0.20010602112773257
0.20015630593438402
0.20012468079460788
0.2000636277513931
0.20014288172106964
0.20012123897407166
0.20015637496383584
0.2001778993251972
0.20020712638697577
0.20026018824671243
0.20036076456805393
0.20005536064375154
0.20017126117171463
0.2000734493513396
0.20012034954283117
0.20008120734816057
0.20027593250899248
0.20022741529352386
0.2003092496146643
0.2002566153280393
0.20028193736349048
0.20026600895542415
0.20030093549928174
0.20035993678855296
0.20042249658854086
0.20048953051072693
0.20017409197147015
0.2004564955848609
0.20049015937505887
0.20023297230847903
0.20062998652195901
0.20061655848915194
0.20051317587051287
0.20074124559491366
0.2001342958369055
0.20078107084540087
0.20047334001810896
0.20051246122170832
0.20050306086873218
0.20060467762952178
0.2006333078142982
0.20066834283531726
0.20068207964146834
0.20070731686732654
0.2007070492460784
0.2007026354456847
0.20080945936750558
0.20072744767379713
0.2008996779285437
0.20083715293302576
0.20112688401016787
0.2008844265928437
0.20090085672125044
0.2005986662709593
0.20096128934839286
0.20096070393677973
0.20100715008769918
0.20101640908865254
0.20107325756416644
0.2010508790858102
0.20108074963764963
0.2009742826404769
0.20104254225350962
0.2011577959792599
0.20111279806250526
0.201231320179503
0.2012841914531616
0.20123445855141844
0.20129776673325983
0.20130157306360352
0.20138060257256246
0.20138274510990214
0.20141409760412549
0.20145280704890184
0.20148470621935982
0.2015225239353665
0.20152596838645634
0.20157046767149547
0.20159539009914446
0.2016499587136445
0.20167084509810204
0.20166501567853665
0.20168795010924628
0.20172295293834852
0.20173472765514167
0.20180406971687953
0.20187063926499368
0.2018904121458889
0.2019439747777127
0.20196443127017977
0.20200708165953227
0.20203804641892759
0.2020914048856376
0.20209851785756464
0.2021773133708008
0.2022083312981242
0.20222360492827882
0.20225976223319583
0.20229832821238805
0.20234695165177907
0.20237655571546997
0.20239699059015565
0.20241176715237677
0.20242832435522637
0.20244665437206244
0.20251134469168225
0.20253011094462378
0.2025719224790082
0.20260819123011223
0.202640053874747
0.2030272222641944
0.2027342748085935
0.20275491928699646
0.20278548423918827
0.20282676972527294
0.2028286486039519
0.20272168358257006
0.20303556478774562
0.2029854758635486
0.20303908487136105
0.20313226554504676
0.20317281101093196
0.2032036646242361
0.20324397771895017
0.20329900030281417
0.203334244630289
0.20338375283144328
0.2034224726021001
0.20361879387112994
0.20346276976916974
0.20356807036528757
0.20362907281443926
0.20367090813535413
0.2037291847777345
0.2038636359880787
0.2037999269950171
0.20385026966650804
0.2039388599222639
0.2039656363617143
0.20399747957530406
0.2040373246194377
0.20408755240672408
0.20410861526315557
0.20418358444628068
0.2042186388524419
0.20431533305923735
0.2043332029888877
0.20440508418530903
0.2044597789220191
0.2045300829940806
0.20461063621727105
0.20464784349100282
0.20476424139663038
0.20482769675631318
0.20489931202319592
0.20495901453760912
0.2050344596548507
0.20511532580199496
0.20516815782252387
0.2052365161220745
0.2053495913883001
0.20521590021480263
0.2051781146828991
0.20537474589624438
0.20534160091850653
0.20548006584741718
0.2055095123514123
0.20562383281466523
0.2056741345685567
0.2057666316058338
0.20586177257347515
0.2059352226513273
0.20599566928457638
0.20606850356574657
0.2061497667569996
0.20621478439328852
0.20625251063230118
0.20637497517748774
0.2063798441759149
0.20648720885170366
0.20652745938158057
0.20654254557694657
0.20660863853447584
0.20667569848451886
0.2066899984378814
0.20673323458959147
0.20697080426987596
0.20700405967239333
0.20710691578511992
0.2071694384419032
0.2072486382930442
0.20732578348684913
0.20737670812734538
0.20744999105971645
0.20754990625031397
0.20761372284105828
0.20769825372642536
0.20771242583616328
0.2077765745092182
0.2078527853375018
0.20792873327413777
0.20792078350666812
0.2079805042146552
0.20805271380868753
0.2081240326277415
0.20817192653475244
0.20823431389833677
0.20830369102071475
0.20837406949303638
0.208425222755952
0.20851062246016866
0.2088981103820067
0.20894823247656172
0.2090670824362983
0.20906825040009785
0.20916452589564818
0.20915534232380859
0.20924906015612366
0.20931128965901735
0.20937389348087462
0.2094524755890432
0.20949619094334657
0.20957938619419905
0.20965372721623202
0.20973108787277964
0.20982805578344182
0.20991531365318797
0.2100127535165607
0.21009377598458293
0.2101968518496698
0.21032088155498962
0.21040551228765525
0.21056308406118757
0.21061971086020767
0.2108144749346519
0.21095793852628683
0.21088179266640017
0.21095556103401608
0.2110226247669543
0.21111222219832035
0.21119558545268752
0.21129474305483714
0.21138975460292797
0.21149067463154236
0.21159279311453794
0.21176996582754584
0.211883685962466
0.2120042448400099
0.2121444570663749
0.21227356913630377
0.21240272869113613
0.21252360405555895
0.2126662042265639
0.21281637104950918
0.2129536035014912
0.21309755647721296
0.21323354586373452
0.21336954251415627
0.2135057150060181
0.21363671883650093
0.213758086935442
0.21334806816343846
0.21347694911715728
0.21370828064711403
0.2138468757647229
0.2140218126885037
0.21414007935414564
0.2143459075831354
0.21447015159772673
0.21464497398378607
0.214793641980355
0.21498277682587752
0.2151274430054211
0.21528274508421222
0.21542204587498684
0.21557878195451696
0.2157258813867372
0.21583805814981583
0.2159631265678029
0.21606215639555426
0.21620911869411635
0.2163132845503617
0.21639972913778238
0.21648056447836078
0.21658585610769693
0.21667853794045722
0.2170204544041244
0.2171952640378399
0.21737316173160998
0.217555358155477
0.21773635750945528
0.2179113039891273
0.21807584644859834
0.21820281489052956
0.21836263095968367
0.21847326206752432
0.21862952716965822
0.21874862405038914
0.21888392916527935
0.21902798902541856
0.21912308457076252
0.21925845742349673
0.21939866431801075
0.21952257077855186
0.21962555357492866
0.21974654639237237
0.21987754868453085
0.22000344274920508
0.22014627458557853
0.22025432751460206
0.220435679952225
0.221637012009237
0.22180685277671885
0.22192777279731757
0.22206958150985398
0.22223375261772652
0.2223367182720146
0.22245022376255164
0.22258235441657984
0.2227692627993836
0.22289201210085724
0.223048570070294
0.22322240994311265
0.22340344362139797
0.22359860788962524
0.22379212703709964
0.22398648601896418
0.2242377202918661
0.22443683616594579
0.22478299527624865
0.2250727119509679
0.22537190683065605
0.22564720936284655
0.22606817480957422
0.2263761315813442
0.2268225357969514
0.22722310386104655
0.22741981297337396
0.2275830850185136
0.227804962532856
0.22803944355327263
0.22829364858774542
0.2285736542571038
0.22888428148490095
0.22926058005132532
0.2296043021554349
0.23005270141886755
0.23053958841460584
0.2309914266443072
0.23153155209027143
0.23204903610459396
0.23258712771766935
0.23322677524681157
0.23388929878580875
0.23454985064336148
0.23529280455122628
0.23604539356348841
0.23686343845751812
0.23772202347906665
0.23856659296821583
0.2394002973985038
0.23617087581972684
0.23689255069281895
0.2377602329209793
0.23873748381525656
0.2398619926034521
0.240959999158473
0.2423114354255675
0.24364048825402798
0.24510349335701
0.24666974930716914
0.24833830676097812
0.25012009926824247
0.2520390158104317
0.25402600127587316
0.2562124032920183
0.2585058641174682
0.26094644965346625
0.2635895133177969
0.26630924565630915
0.26932852496626203
0.27251097866986373
0.2760981929742312
0.2799241108840093
0.2841935278861669
0.2889875105467049
0.32864526435284724
0.321974119946095
0.3153569461789865
0.3086357345353019
0.30149562196193613
0.2940540225983278
0.2858495244452079
0.27695406350130947
0.2673160539601044
0.25675496268286724
0.24555805954043655
0.2336599360520002
0.22158234384984624
0.20910052933316378
0.1961173319043541
0.1832361985478449
0.16973293511286316
0.1561657435756997
0.14152498314121523
0.12685040117498356
0.11158170734758577
0.09675797452420588
0.08255029474088423
0.069755621547364
0.058997944208326006
0.17187095238679456
0.17515689823879332
0.17791126211951733
0.18027000685415018
0.1823080982477101
0.18402103213525822
0.18551449799558398
0.18684939033421538
0.18808632870774092
0.1892343327590961
0.1902466867963132
0.191241980011651
0.19217406829818195
0.1930639157821517
0.19397391854319532
0.1948354274399504
0.1957056147176219
0.19664483590739515
0.19756546982940226
0.198517747877955
0.19943208086856704
0.20046776146354298
0.20146520999201392
0.20257337533472478
0.20362864244323126
0.2051953411733534
0.20558258488662706
0.20602170545411025
0.20646546352943063
0.20692395102410696
0.20740537970733638
0.20789070963835102
0.2083942170180366
0.2088969980244439
0.20949517353816124
0.2100457295772937
0.21058587107804078
0.2111907101373432
0.21177369535931334
0.21236108462355097
0.21295894399809925
0.21353162833023373
0.21409666536543165
0.21464549932935945
0.2152099108999598
0.21576392933378852
0.21629200925094325
0.21679638410556915
0.2172330032638612
0.21767763300874984
0.21590040892616386
0.21639864029586395
0.2168649014062131
0.21734693184780715
0.217861456096673
0.21833586954518544
0.21880022235994095
0.21926329290182026
0.2196794638073601
0.22007603495400374
0.2204881264020179
0.2208431968802046
0.2212122987241312
0.2215457554765129
0.2218724591124222
0.22213302904528112
0.22241152529091607
0.22265784100955713
0.22288473318479016
0.2230165580011872
0.22316765681745993
0.2233538929713576
0.2234990978534852
0.22353339400003844
0.22363993986557412
0.22462777761076272
0.2250097029282482
0.22537036047150186
0.22565824240458565
0.2259370900523353
0.22617421043624242
0.2263786802684552
0.22662844709217492
0.22681606062720572
0.22696797927657372
0.22714361968779348
0.22728284720996403
0.22736539877440093
0.2275157647958002
0.22759879647091055
0.22773342200975188
0.2278547276255431
0.22796340258658118
0.22809091870089215
0.22820119262933242
0.22833575366586864
0.22848722985319708
0.2286402824553721
0.22883912351076716
0.22905083070828458
0.23104624163492424
0.231177194698138
0.2311294914559048
0.231193470872201
0.23138196334410396
0.23134273563295932
0.2314375679612685
0.23153350651342913
0.23168052726658384
0.23182548879509013
0.2319489484197317
0.23213383284419004
0.23232329086358386
0.23252121062908276
0.23276409153793007
0.23301709103826174
0.23328209429083052
0.23354202671320742
0.23388230324580989
0.23423088652765622
0.23455953173903593
0.23497252523284196
0.23529358621930035
0.2357331879034869
0.23616531851627134
0.23521313064994923
0.2353314373588346
0.2355350702270285
0.23572841748460582
0.23596925221685475
0.23623386864284218
0.23650262491510732
0.2368011841224835
0.23709519912681298
0.23747201582558716
0.23776825092481707
0.2381330318604481
0.23848882051364986
0.23890530033799245
0.23923021134673791
0.2396319380771609
0.23997853357442253
0.24031976946926628
0.24068585782470306
0.24101721415029356
0.24133220531356284
0.2416168432078321
0.24191221152983908
0.24215292375760747
0.24235459124291453
0.2406110191417441
0.24107210875152005
0.24148360047288703
0.2419705045680943
0.24243924268346592
0.2427902541940621
0.24321444999235287
0.24357973586957213
0.24391756142054163
0.24427128003248683
0.24456864154079577
0.24486800351004434
0.24513377144942583
0.24537791985849397
0.2455990379934814
0.24577794782381082
0.24595299844004978
0.24607938089472306
0.24618495463072035
0.24625037979932304
0.2463725203876834
0.24639295007992296
0.24645508846604489
0.2464258974877799
0.24649646211896184
0.24826383618783524
0.24855501564728175
0.24886378899012832
0.24912210599577572
0.24932609742200912
0.2495221868443408
0.24970527556174657
0.24985779730227603
0.2499650458031157
0.25010958984847403
0.25018265125056244
0.2502619767066258
0.25028564844063556
0.2504188840157387
0.2504319058531494
0.25053625266495483
0.2505729718045257
0.2507209775323587
0.25078429673960956
0.2509006977629083
0.2510269332277577
0.2511890035651022
0.25137627376294364
0.2515706433092952
0.2519361201757455
0.25445319960448126
0.254493357544553
0.25436838453268096
0.25433516370861253
0.2544928762365396
0.2544986019794407
0.2544971342047147
0.25455982760744417
0.2546957798922793
0.25477768419882857
0.25495972588851423
0.2551297896335323
0.2553501171554307
0.25560250578736665
0.25585176019653083
0.25615868266801206
0.2564605768674924
0.25688599664834694
0.2572585996303969
0.2577535811319106
0.25820654722580905
0.25865452503752706
0.2592009344065361
0.2597220495343487
0.26026358896135665
0.258535635062387
0.25867041464376656
0.25889970032295234
0.25915013080330723
0.2594349120857621
0.2597718249425607
0.2601260068170189
0.2605171307042717
0.26090171624694836
0.26130192553772463
0.26176917783912645
0.2622486703816015
0.2627258079202109
0.26315035528764485
0.2637232792868396
0.2641607486786179
0.2646028404620702
0.2650771040157077
0.2655294540512504
0.26596532778038234
0.2663538753722956
0.26669448863811074
0.2670578674732976
0.26730041792594195
0.267596274207912
0.2651103737692226
0.26564330004801173
0.2662440339332366
0.2668455154611379
0.2674817985704746
0.26799720952207473
0.2685328447970729
0.26890184882815
0.26942638683726977
0.2699114708445069
0.27029092182940057
0.2706014890680888
0.27094839021881745
0.2712533901744384
0.2715056039640118
0.27174856485014
0.27189529652225575
0.2720675162017692
0.27219042742823024
0.2722801973516276
0.27231686061315025
0.2723014961946087
0.2722986996417944
0.27236594820123183
0.2722932947526147
0.2749082928038399
0.27537149875599437
0.27564002932828385
0.2759861647460586
0.27626903186505897
0.27651664759224487
0.27672498335936807
0.2768741639302984
0.2769729982653894
0.277142704526984
0.2771473676652826
0.2772009070354874
0.2773220266536632
0.27728525862297076
0.27741166717866506
0.27743789674163893
0.2775309347539145
0.27755981822884057
0.2776738254274367
0.27780040381687016
0.2779590229751537
0.27815170289868296
0.2784146625659989
0.2787349852733307
0.2790745893977117
0.28281366786959533
0.28270692809899545
0.28261504926234904
0.2825359209623626
0.282421876801242
0.2824976156865938
0.2825031341155166
0.2826160322104783
0.282690938349363
0.28282061430349287
0.28302087796745273
0.2832584152995989
0.2835309193292372
0.28384625963565674
0.2842200985901903
0.2846115892086342
0.2851354427557401
0.2855898924642443
0.2861980388328414
0.28678061933676163
0.28721887656640743
0.28801009694402996
0.2887508778976568
0.2894335364428574
0.29033977805710104
0.28761223220381466
0.2878630246093513
0.2880689737519333
0.28841492946198233
0.28877946388287146
0.28921314437624285
0.28970855343717683
0.29019987030114286
0.29084789137143424
0.29137587862653114
0.2919798115368102
0.29270704009881654
0.2932902398416741
0.2940436365299209
0.29463697540684486
0.2953262122575583
0.29594435186594914
0.2965503254660888
0.2971567987514755
0.29777117463226604
0.2983351859983435
0.2988256003904706
0.29925731017165774
0.29961776314502736
0.29999446000534835
0.2961303991616434
0.29707224558267387
0.29797434530470907
0.2988125237064738
0.29947405560812307
0.30034051450053295
0.30098410343254595
0.30171068078672697
0.3023732766735191
0.3029734018873786
0.30349413184188634
0.3039525293987732
0.3044426680114007
0.3048093759600147
0.30513978245458184
0.30546489710128233
0.30562420278572433
0.3057795404093513
0.30602874401581465
0.30599957925476823
0.30599188577624603
0.30604432469125925
0.30592046985351884
0.30583555592004824
0.3057560686846411
0.3096278713301028
0.3103198870957389
0.3108077119935178
0.3111996585873427
0.3115575884429607
0.311870786846807
0.3121341314527671
0.3123253447524343
0.3124737033329606
0.3126030008067984
0.3126921126094782
0.31269723407942634
0.3127437665388692
0.312745346955742
0.3128071203993364
0.31282532635475707
0.31286877557577164
0.31293642836505764
0.31303734837617847
0.3131511079720369
0.31332177497119246
0.31354911932720725
0.3138622169143378
0.3142424538207326
0.3147144290510524
0.32029241053274293
0.3201482838511202
0.32003809355035706
0.31989176135603736
0.3197634427491594
0.319725652749576
0.3197276012735415
0.319751782661977
0.3198606816226743
0.3200062140205968
0.32020341028810184
0.32048600945754785
0.32083785037183227
0.32122138266358763
0.3217175931242694
0.3222738901266479
0.3228834798711816
0.3235923526513089
0.3243320466535431
0.32512754753601747
0.32602191226823846
0.32704702376641936
0.328026458704014
0.32908589030478824
0.33024692269881634
0.3264591649846288
0.3266764429046381
0.32698384407455455
0.3273816867531895
0.3278792609059745
0.32847269114899447
0.32912200470668357
0.3298608320845977
0.3306437753692706
0.33147336244713116
0.33247715671334827
0.33334331233739556
0.33438576561840244
0.33531653697991026
0.3362144165333899
0.33711381047367023
0.3380313442353692
0.3389417607386
0.3398067630178537
0.34067487464640495
0.34138621847151496
0.34211837843975457
0.342740942404612
0.3432946994751965
0.3437159865088031
0.3379478596985144
0.3392828408830097
0.34042239258324203
0.34174320463628544
0.3427540919422836
0.34384818468114237
0.3449979206842392
0.3458717056332699
0.3468405058682402
0.3477104231843222
0.34846200274494343
0.3491317143019009
0.34975284692236513
0.3502555061015995
0.3507552614452988
0.3511950029850871
0.3514272785126133
0.3516073702942111
0.35184685035287155
0.3517915569494017
0.35183012933060925
0.35179900792027796
0.3515250888608995
0.35141977683818043
0.35102126508310594
0.35716875165690243
0.35794359591970276
0.3586405253247054
0.3591976937965876
0.3597007426191348
0.3600484485952294
0.36030928342305274
0.36057573796452413
0.36068728169981606
0.3608143831196836
0.3609684935979604
0.36092492927232894
0.36097372209728057
0.36097294312049116
0.3608996731525872
0.36093122026094504
0.36093041380960744
0.3610303111237239
0.3610975815954803
0.36127687493119537
0.3615210928723487
0.36186239696169803
0.3622676593461746
0.36283232247159836
0.36359487469961177
0.37168749191025424
0.3714871390945082
0.37108851996810893
0.3709988684428457
0.3706579944678053
0.3706251478114183
0.370618913911442
0.3705373665159734
0.3706548026868273
0.3708828925036393
0.37115717091709605
0.3715536872883173
0.3720303038151331
0.3726226020380185
0.3733249926881313
0.37413228779049756
0.375040867549569
0.3761566312201833
0.37719777955793493
0.37847086107044553
0.3796312183203988
0.3809637550012535
0.38249646461378434
0.38406093948718
0.3857870593923074
0.3798642298555724
0.3801448804464837
0.3805613382514107
0.38114420066929505
0.38185206561093415
0.3826907902720497
0.3837115802035546
0.384803891266191
0.3859483470101642
0.38714900171600125
0.38855350870387506
0.3897851845066074
0.3911301203435506
0.3926337440264973
0.394006698527117
0.3953684544471223
0.3967234545275909
0.3981102675284809
0.3993608895375465
0.40052872183769966
0.40164786645450773
0.4025969649387391
0.40352947381756826
0.40422442783999846
0.40486632937599126
0.3961283279037917
0.398158312649713
0.39991234285253663
0.40168633286486954
0.403277371307658
0.40482641846368816
0.4063333868960373
0.407844295410027
0.40917082475941613
0.41044044405485414
0.411639167914116
0.4126629590967911
0.41356466446788037
0.4142903579679683
0.4149594401294065
0.41546702935692265
0.4158441264108458
0.4161884745941805
0.41621120832453573
0.41630664944152806
0.4163777184923648
0.41605525717597425
0.41579081806622087
0.41536818783028984
0.4149142899064724
0.4241853662529339
0.4254136138288389
0.4264327502202181
0.42722752629053007
0.42792816289082497
0.4284313488726294
0.4288516351713321
0.42908391826609593
0.4292943550396909
0.42946258786451447
0.42942754978593245
0.42945828125628993
0.4294455190002442
0.4294061470010845
0.42926724993207793
0.42916809999434136
0.42925104899300304
0.42931026341883155
0.4293511418716863
0.42956782053075454
0.42990503589589385
0.430386221723924
0.43098150423473525
0.4318709441316177
0.4329800208809748
0.4454931529949316
0.4450194007400087
0.4443392155476169
0.4438738756823931
0.44353789984280656
0.44326859477030384
0.44333275540023814
0.44321230144005136
0.44333196405789416
0.4435542323668425
0.443962032546295
0.4445169660523786
0.4452134823306829
0.4460986783647238
0.44716265879686085
0.44839119164767766
0.4497397009379035
0.45126030783254173
0.4529554752190292
0.45490990430760075
0.45692696499680746
0.4591099525056431
0.46145064628541554
0.46366631860382457
0.4662831762932979
0.4564027319850311
0.45687505047983923
0.45748335013378805
0.45841807555798425
0.45955541167467284
0.4608165950872509
0.4623663004457352
0.4640075297054453
0.46586589935901407
0.46774923566835586
0.4697342849035772
0.47179505952037665
0.4739277091811673
0.47607242380372444
0.47821547895132993
0.4802860764897812
0.4824126060554028
0.4843910096082775
0.4862675238703758
0.4880926753198562
0.4897940330950548
0.4912928348857956
0.49263439938593606
0.4936384202291406
0.4945052020281345
0.4808958071551644
0.4838002401860733
0.486619181950889
0.4895561612582852
0.49199623284264693
0.4943948607689567
0.4968008759279237
0.49905531292643596
0.5010503351761725
0.502905195752111
0.5047545344719307
0.5064451272881809
0.5077780302965916
0.5089267546510692
0.5099306635382931
0.5107167518370217
0.5112569674897182
0.5116351532370791
0.5118583446106235
0.5117640253045279
0.5117395895063854
0.5112633675268108
0.5108387661112346
0.5101012310538549
0.5093215925608827
0.5241916736807348
0.5258664384258126
0.5275659037563133
0.528851114845241
0.5298337396883183
0.5306584413443908
0.5312111792751553
0.5316186443689342
0.5318936658804384
0.5319135889466042
0.5320050881935442
0.5318580813837286
0.5317555843455356
0.5316254596532118
0.5313278373613405
0.531314289110805
0.5311472813198004
0.5311476584162446
0.53129730018843
0.5315872508723045
0.5320699938534372
0.5327571744377686
0.5337391345378117
0.5350599855010649
0.5367105929279123
0.5570870563949659
0.5561634127772562
0.5554177898414113
0.5543469311465488
0.5539792186361844
0.5533478911186406
0.5530275395977707
0.552951018017211
0.5529974583833864
0.5532880994143227
0.5538547700419117
0.5547330345204098
0.5558251790497859
0.5571486749520006
0.5588681394186633
0.5608394988248069
0.563005618961043
0.5656806999141488
0.5683700007143627
0.5712209568117559
0.5745868042451411
0.5782137221492681
0.5816997888269839
0.5856491472529399
0.5897324457375965
0.5732658316930169
0.5740169973744756
0.5749361182438295
0.5762754697295351
0.5780872240096617
0.5802275619116403
0.5827079562037962
0.5853635382202278
0.5883796963458405
0.5914457744014361
0.5947431266905228
0.5981031468578103
0.6017831626807041
0.6050393040916078
0.60878042209731
0.6121280207543318
0.6155776900382219
0.6188396554081808
0.6218356251617365
0.6248336134674911
0.627602995436124
0.6300203739302598
0.6321542604243031
0.6338368845500602
0.6351603092098776
0.6121159071699129
0.6171946314827071
0.6221773065297419
0.6265113942899451
0.6311758655831047
0.6353541919450646
0.6393739044626061
0.6429864145876127
0.6464219837314723
0.6495845758971113
0.6522610706672931
0.6549445876936347
0.657179073311016
0.6591276676490169
0.6606549476033666
0.6619066386613353
0.6628508350933542
0.6633859570481081
0.6636483676905379
0.6636553956710793
0.6633471052876829
0.6627190545315671
0.6618438024804606
0.6604777019785927
0.6591708315119783
0.6849541539460146
0.6879972259066209
0.6905022004796669
0.6925325572077772
0.694275810712038
0.6955457319748349
0.6966055967218895
0.6972222648723971
0.6975256591763976
0.697830690061218
0.6976430762085707
0.6973100354243537
0.6970848360123012
0.6967544496572553
0.6963868936926783
0.6960972055386535
0.6957219789766564
0.6957304001551002
0.6957933525349621
0.6961334711159974
0.6968595808630359
0.6981753414419992
0.6997752131888468
0.7019979853443852
0.7049792389369488
0.7412534933874191
0.7395091752177129
0.7378592091988435
0.7363795954011036
0.7351138837126902
0.7340146422980084
0.7333293302141014
0.7329962973164073
0.7327532893069832
0.7332035519933279
0.7342771748877801
0.7356179952426701
0.7373833915770457
0.7398335369881861
0.7428633823152124
0.7463075246920525
0.7502644836270898
0.7546236200040514
0.7598156009113216
0.7653366659230403
0.7713414103324191
0.7772370036957345
0.7839412104090698
0.7908102701113613
0.7978124739960871
0.7673188386907627
0.7680379101914265
0.7698109397489342
0.7721955328898098
0.7754260103104468
0.7794488458241888
0.7839871667071392
0.7892474281776273
0.794713756161421
0.8006673091876478
0.8068162548643102
0.8130418193018806
0.8195007015509418
0.8260365442775589
0.8324464610802832
0.8387882935705273
0.844781751957994
0.8505895059556399
0.856326235073034
0.8613871570553415
0.8664426371766563
0.8707294125616054
0.8746831235884496
0.8778452200808746
0.880622101974134
0.836909690721378
0.8466870468322436
0.8560167490831248
0.8653645562338692
0.8741013700541692
0.8821146042949269
0.8895384840616478
0.8962853038102785
0.9028257372349792
0.9081191369072805
0.9137216326168147
0.9184964001175132
0.9224773446625588
0.9260214523764319
0.9291266945814038
0.9314095173465541
0.9332428810973892
0.9345791753340379
0.9352458605173126
0.9353872146383847
0.9346867778955914
0.9339004937722541
0.9319476089374005
0.929702565139183
0.9272879899448164
0.9782006588453424
0.9835506223279463
0.9887151649007334
0.9924399328601421
0.9956648809077848
0.9980098386623364
0.9998592935858385
1.0011021986431439
1.0018525503535083
1.0021799120958135
1.0020918299761092
1.001627439691399
1.000942644301745
1.0001084139035814
0.9991629131352675
0.9982832652538389
0.9973871685995708
0.9974459936253389
0.9973084930568283
0.9975663770952139
0.9989136235644737
1.0013007964679475
1.0047369065843794
1.0099982836292474
1.01665361089259
1.0930104494331185
1.0893986669049167
1.0857830520214997
1.0819960947638665
1.078771475056277
1.0756246682201014
1.073357781190955
1.0718356362959873
1.0710316144192862
1.0708624154427815
1.0721811336203166
1.075005250753873
1.0788611959896737
1.084208614076324
1.0908402891935864
1.0990773144958934
1.108532562479057
1.1192297603809365
1.1304529041760338
1.142593272411909
1.1557329392171547
1.1687161545816616
1.1823491889098987
1.1955587571358708
1.2089914429887443
1.1370010368494123
1.1338138937198903
1.1348596387342
1.138232890095991
1.1472391192614984
1.1574425121713832
1.170699046825875
1.1850245193118905
1.2006969352247139
1.216680785371536
1.2325531289306073
1.2480261974435578
1.263018829748301
1.2771584637846534
1.2910942533787957
1.303749116975345
1.3157562932835893
1.3266416930038398
1.3370206669771507
1.3468118374919862
1.355859834476294
1.3640056754774244
1.3721932148613032
1.3792227568424194
1.3859016169524265
1.302363489511342
1.342265261286753
1.3715364567362687
1.3948850102466568
1.412910257693695
1.4270092493650164
1.4396655810968069
1.4503801166784227
1.4601364216776183
1.469261167529428
1.4770282966656985
1.4848018665119018