-4.771447979491753e-22
-2.5320470376914353e-18
-6.414531195765002e-17
-4.496606001806872e-16
-1.8198153162017248e-15
-5.420067763499754e-15
-1.326965956211569e-14
-2.8351162279883866e-14
-5.480033230254898e-14
-9.809673411675662e-14
-1.6525493756726406e-13
-2.6501645462041157e-13
-4.080426639613293e-13
-6.071086764216263e-13
-8.772981324518816e-13
-1.2361992077577908e-12
-1.7041023424438213e-12
-2.3041982571118748e-12
-3.062778722950407e-12
-4.009437969740075e-12
-5.177276183300248e-12
-6.603104538754195e-12
-8.327652661070881e-12
-1.0395777022608198e-11
-1.2856672665553765e-11
-1.5764086081850933e-11
-1.917653127128485e-11
-2.315750765621895e-11
-2.7775720416728915e-11
-3.310530438829084e-11
-3.9226049266580146e-11
-4.6223629534418295e-11
-5.418983547357106e-11
-6.322280888732059e-11
-7.342728077407136e-11
-8.491481393445485e-11
-9.780404770188576e-11
-1.1222094608951347e-10
-1.2829905188581132e-10
-1.4617974226309288e-10
-1.6601248931300707e-10
-1.8795512530115802e-10
-2.1217411127766112e-10
-2.388448110864867e-10
-2.6815176956133963e-10
-3.0028899504906833e-10
-3.3546024757297973e-10
-3.7387933243484177e-10
-4.157703973188151e-10
-4.613682372193714e-10
-5.109186027836578e-10
-5.646785152012823e-10
-6.229165884699914e-10
-6.859133551102165e-10
-7.539616002010756e-10
-8.27366701477945e-10
-9.064469745750822e-10
-9.915340286047735e-10
-1.0829731247276514e-9
-1.181123544873504e-9
-1.2863589663046596e-9
-1.399067847062584e-9
-1.5196538126706651e-9
-1.648536059359507e-9
-1.7861497595660576e-9
-1.9329464777162785e-9
-2.0893945972180458e-9
-2.2559797530251714e-9
-2.4332052749027883e-9
-2.6215926430931497e-9
-2.8216819482221233e-9
-3.034032367972403e-9
-3.259222648478829e-9
-3.49785159991247e-9
-3.75053860286597e-9
-4.017924125024698e-9
-4.300670249354267e-9
-4.599461217570018e-9
-4.915003979509692e-9
-5.248028762601742e-9
-5.5992896497841405e-9
-5.969565173306905e-9
-6.3596589175015064e-9
-6.770400144683304e-9
-7.202644425379331e-9
-7.657274292483865e-9
-8.135199904233615e-9
-8.637359727197161e-9
-9.164721233395186e-9
-9.718281614306519e-9
-1.029906851457956e-8
-1.0908140778777686e-8
-1.1546589220455987e-8
-1.2215537408965648e-8
-1.2916142473315513e-8
-1.3649595927861273e-8
-1.441712451996834e-8
-1.5219991092809318e-8
-1.6059495475659075e-8
-1.6936975392855062e-8
-1.7853807396470682e-8
-1.88114078232456e-8
-1.9811233772307554e-8
-2.0854784110485215e-8
-2.1943600504097784e-8
-2.3079268472468837e-8
-2.4263418470943385e-8
-2.5497727001201338e-8
-2.678391775320319e-8
-2.8123762766425733e-8
-2.951908363458062e-8
-3.097175272914428e-8
-3.248369446325958e-8
-3.405688658333156e-8
-3.569336149356724e-8
-3.7395207623904664e-8
-3.916457081884809e-8
-4.100365577813581e-8
-4.291472752172471e-8
-4.490011290503537e-8
-4.696220216553499e-8
-4.9103450516533705e-8
-5.132637977741161e-8
-5.3633580053130996e-8
-5.602771145547846e-8
-5.851150587011265e-8
-6.108776877219096e-8
-6.375938109344417e-8
-6.65293011333432e-8
-6.940056652901393e-8
-7.237629627194526e-8
-7.54596927890376e-8
-7.865404406986467e-8
-8.196272585833685e-8
-8.53892039069067e-8
-8.89370362863896e-8
-9.260987576237546e-8
-9.641147224406646e-8
-1.0034567528781488e-7
-1.0441643668207642e-7
-1.0862781310214493e-7
-1.1298396883535696e-7
-1.1748917858549765e-7
-1.2214783035948352e-7
-1.269644284310652e-7
-1.3194359638834422e-7
-1.3709008027560866e-7
-1.4240875181518452e-7
-1.4790461172345057e-7
-1.5358279313531552e-7
-1.594485651020723e-7
-1.65507336218895e-7
-1.7176465833367752e-7
-1.782262303781505e-7
-1.8489790230370616e-7
-1.9178567914034057e-7
-1.9889572516041596e-7
-2.0623436818419883e-7
-2.138081039935573e-7
-2.2162360088877463e-7
-2.2968770437677314e-7
-2.3800744200146998e-7
-2.4659002831089464e-7
-2.5544286998558567e-7
-2.645735711078729e-7
-2.7398993860597766e-7
-2.8369998784091026e-7
-2.937119483889086e-7
-3.040342699818084e-7
-3.14675628632664e-7
-3.2564493295513277e-7
-3.369513306721699e-7
-3.486042153285927e-7
-3.6061323320644043e-7
-3.729882904618164e-7
-3.8573956048086394e-7
-3.988774914734989e-7
-4.124128142853594e-7
-4.2635655048142483e-7
-4.407200206673691e-7
-4.555148530882743e-7
-4.707529924816053e-7
-4.864467092412507e-7
-5.026086088457815e-7
-5.19251641612938e-7
-5.363891127585533e-7
-5.540346927810518e-7
-5.722024281900963e-7
-5.909067525753711e-7
-6.10162498054429e-7
-6.299849070782075e-7
-6.503896446350553e-7
-6.713928108672444e-7
-6.930109540910051e-7
-7.152610842627069e-7
-7.381606868902958e-7
-7.617277374192479e-7
-7.859807160965777e-7
-8.109386233432026e-7
-8.366209956448296e-7
-8.630479219946787e-7
-8.902400608917343e-7
-9.182186579308871e-7
-9.470055639854527e-7
-9.766232540439972e-7
-1.0070948466813446e-6
-1.0384441242350773e-6
-1.0706955536567765e-6
-1.1038743081330516e-6
-1.138006289452208e-6
-1.173118151163962e-6
-1.2092373225868908e-6
-1.2463920336420044e-6
-1.2846113406244371e-6
-1.3239251528558697e-6
-1.3643642603595091e-6
-1.4059603624878456e-6
-1.4487460976458366e-6
-1.49275507408143e-6
-1.538021901816619e-6
-1.5845822257663067e-6
-1.6324727600942029e-6
-1.6817313238425409e-6
-1.7323968779188282e-6
-1.784509563453855e-6
-1.838110741646837e-6
-1.8932430350925382e-6
-1.949950370733287e-6
-2.0082780244018157e-6
-2.068272667149287e-6
-2.1299824133299236e-6
-2.193456870573237e-6
-2.2587471917103047e-6
-2.3259061287486075e-6
-2.3949880889666026e-6
-2.4660491932675894e-6
-2.5391473368227593e-6
-2.6143422521704083e-6
-2.6916955748685754e-6
-2.7712709117843966e-6
-2.8531339121715157e-6
-2.937352341656892e-6
-3.0239961592686995e-6
-3.1131375976651693e-6
-3.2048512466454132e-6
-3.2992141402079218e-6
-3.3963058472191453e-6
-3.496208565935803e-6
-3.5990072224980616e-6
-3.704789573653146e-6
-3.8136463138773012e-6
-3.925671187085891e-6
-4.040961103223017e-6
-4.15961625987139e-6
-4.281740269242699e-6
-4.40744029071646e-6
-4.536827169274785e-6
-4.6700155800632585e-6
-4.807124179447172e-6
-4.948275762862283e-6
-5.0935974297821575e-6
-5.243220756260012e-6
-5.397281975259389e-6
-5.555922165409697e-6
-5.7192874483986914e-6
-5.887529195626779e-6
-6.060804244504979e-6
-6.2392751249660865e-6
-6.4231102967108585e-6
-6.612484397741006e-6
-6.807578504875399e-6
-7.008580406812814e-6
-7.215684890421841e-6
-7.429094041087012e-6
-7.649017557788085e-6
-7.875673083804157e-6
-8.109286553849452e-6
-8.350092558605684e-6
-8.598334727713715e-6
-8.854266132133517e-6
-9.118149707104992e-6
-9.390258696854786e-6
-9.670877122351232e-6
-9.96030027338995e-6
-0.00001025883522660268
-0.000010566801390708214
-0.000010884531080939655
-0.0000112123701240112
-0.000011550678495996003
-0.0000118998309945852
-0.000012260217948329761
-0.000012632245964849854
-0.000013016338720565433
-0.000013412937794611333
-0.000013822503549711317
-0.000014245516062882404
-0.000014682476109566905
-0.000015133906204105364
-0.00001560035170092286
-0.000016082381959604742
-0.00001658059157916067
-0.000017095601705012995
-0.000017628061414505295
-0.00001817864918582801
-0.000018748074456153734
-0.000019337079275292302
-0.000019946440061585328
-0.000020576969466763985
-0.000021229518358264708
-0.000021904977926829985
-0.000022604281928692962
-0.000023328409071968496
-0.000024078385558223412
-0.00002485528779027178
-0.000025660245259024622
-0.000026494443622554857
-0.000027359127992348914
-0.000028255606442365844
-0.00002918525375856656
-0.000030149515447082974
-0.00003114991202244913
-0.0000321880435970447
-0.00003326559479706007
-0.00003438434003103798
-0.000035546149139606516
-0.000036752993458896104
-0.00003800695233151352
-0.0000393102201031117
-0.000040665113646144014
-0.00004207408045640139
-0.00004353970737218676
-0.000045064729970568835
-0.000046652042701936733
-0.00004830470982854883
-0.00005002597724035399
-0.00005181928522937831
-0.00005368828231099256
-0.00005563684019172988
-0.000057669069990727535
-0.00005978933983812408
-0.00006200229398292059
-0.00006431287355794018
-0.00006672633917067028
-0.00006924829550003397
-0.000071884718107431
-0.00007464198268894352
-0.00007752689702572595
-0.00008054673591731358
-0.00008370927942104095
-0.00008702285475386499
-0.00009049638226368876
-0.00009413942592345972
-0.00009796224886193976
-0.00010197587450764277
-0.00010619215400319224
-0.00011062384062853672
-0.00011528467207315897
-0.00012018946151668533
-0.00012535419859833542
-0.00013079616152262977
-0.00013653404171225334
-0.00014258808263486203
-0.00014898023466467078
-0.00015573432811472968
-0.0001628762669157076
-0.0001704342457749417
-0.00017843899412200477
-0.00018692405066146137
-0.00019592607297084803
-0.00020548518733588887
-0.00021564538488163471
-0.00022645497108600014
-0.00023796707704155478
-0.000250240242285859
-0.00026333908084193137
-0.00027733504425304055
-0.00029230729803539915
-0.00030834373112948946
-0.0003255421218309455
-0.00034401148842134566
-0.0003638736585660247
-0.00038526509874807984
-0.00040833905396197673
-0.00043326805904088795
-0.0004602468969340344
-0.0004894960968455851
-0.0005212660873262906
-0.0005558421478108876
-0.0005935503381544885
-0.0006347646325423553
-0.000679915544443652
-0.0007295006083513635
-0.000784097187752794
-0.0008443782162859898
-0.0009111316624942489
-0.0009852847561829185
-0.0010679343500266188
-0.001160385251629658
-0.0012641990005080718
-0.0013812564604762652
-0.001513838868937102
-0.0016647338090505467
-0.001837375226478535
-0.0020360305333428433
-0.0022660537225821387
-0.0025342323868392707
-0.0028492704741801007
-0.0032224707095448893
-0.0036687164175815902
-0.004207911934688795
-0.004867142162463996
-0.005683989867131436
-0.0067117725781322595
-0.008028069981048543
-0.009749109335111576
-0.012055042050361314
-0.015236508688896285
-0.019785310473490643
-0.026582900207661422
-0.03732374973448664
-0.05555607320339046
-0.08950170605746167
-0.1601958178331969
-0.3191808919921216
-0.5661337316846657
-0.4708268882531553
-0.20914991272238972
-0.09514708233009317
-0.060247523735470564
-0.042389992069402055
-0.03118414997234727
-0.023781478084951513
-0.01869772029521043
-0.015080629377916833
-0.012425255769170264
-0.010422340137611364
-0.008875884157236398
-0.007657568365716371
-0.006680853459593725
-0.005885802162392291
-0.005229903607137031
-0.004682360867349847
-0.0042204365215651385
-0.0038270559480199
-0.0034891994911192582
-0.0031968013975891664
-0.002941981520009674
-0.0027184999649861536
-0.0025213638858667562
-0.002346539875956052
-0.0021907408073943953
-0.00205126591167422
-0.0019258794462013555
-0.0018127176718042148
-0.0017102168411326664
-0.0016170569467547095
-0.0015321174084114472
-0.0014544418892522926
-0.0013832101532753969
-0.0013177153981931546
-0.0012573458789240759
-0.0012015699176214432
-0.0011499236049507232
-0.0011020006539737514
-0.0010574439861791047
-0.0010159387195465375
-0.0009772062976002962
-0.0009409995518781799
-0.0009070985317799251
-0.0008753069683708854
-0.0008454492640935457
-0.0008173679208240274
-0.0007909213346887011
-0.0007659818989513141
-0.0007424343667121887
-0.0007201744334233524
-0.0006991075060992362
-0.0006791476315887659
-0.0006602165607831883
-0.0006422429293810024
-0.0006251615388728636
-0.0006089127239342827
-0.000593441794567606
-0.0005786985429999842
-0.0005646368068986983
-0.0005512140816477688
-0.0005383911754694073
-0.0005261319020432801
-0.0005144028060463718
-0.0005031729176036795
-0.0004924135322435703
-0.00048209801333721504
-0.000472201614451205
-0.00046270131933222113
-0.00045357569754779725
-0.0004448047740557361
-0.00043636991117858775
-0.00042825370165063936
-0.00042043987156434835
-0.0004129131921740969
-0.0004056593996496209
-0.00039866512195952693
-0.0003919178121764342
-0.0003854056875590956
-0.00037911767384475977
-0.0003730433542532432
-0.0003671729227396567
-0.00036149714111022855
-0.0003560072996206361
-0.0003506951807549389
-0.0003455530258798522
-0.00034057350452187306
-0.00033574968603436467
-0.0003310750134378823
-0.0003265432792500336
-0.0003221486031331192
-0.0003178854111977105
-0.0003137484168313869
-0.00030973260292095487
-0.0003058332053517563
-0.0003020456976817391
-0.0002983657768979067
-0.00029478935016064186
-0.00029131252246701497
-0.00028793158515404024
-0.00028464300518092443
-0.00028144341512695455
-0.00027832960385362613
-0.0002752985077800104
-0.00027234720272325424
-0.00026947289626732266
-0.0002666729206150194
-0.0002639447258951703
-0.0002612858738851638
-0.00025869403212550534
-0.0002561669683945959
-0.0002537025455199175
-0.0002512987165030651
-0.00024895351993552427
-0.00024666507568646813
-0.0002444315808440165
-0.00024225130589291844
-0.0002401225911124663
-0.00023804384318102504
-0.00023601353197392284
-0.00023403018753991034
-0.00023209239724819372
-0.0002301988030923707
-0.00022834809914215736
-0.00022653902913553748
-0.00022477038419830303
-0.0002230410006887366
-0.00022134975815438202
-0.00021969557739810855
-0.0002180774186449756
-0.00021649427980385607
-0.00021494519481916056
-0.00021342923210674355
-0.00021194549306875814
-0.0002104931106840172
-0.0002090712481678447
-0.0002076790976993827
-0.00020631587921120088
-0.00020498083923743926
-0.00020367324981903232
-0.00020239240746063709
-0.00020113763213812624
-0.00019990826635284635
-0.00019870367423032337
-0.00019752324066188106
-0.00019636637048538964
-0.00019523248770419234
-0.00019412103474181414
-0.00019303147173061174
-0.00019196327583258696
-0.0001909159405906278
-0.0001898889753090062
-0.00018888190446065162
-0.00018789426712147728
-0.0001869256164287213
-0.00018597551906294105
-0.00018504355475269533
-0.0001841293157999861
-0.00018323240662655393
-0.00018235244333869062
-0.00018148905331097817
-0.00018064187478679906
-0.00017981055649627308
-0.00017899475728898074
-0.0001781941457827421
-0.00017740840002590115
-0.0001766372071738063
-0.00017588026317822897
-0.00017513727248889596
-0.00017440794776755797
-0.0001736920096125707
-0.000172989186295023
-0.00017229921350468412
-0.00017162183410606715
-0.00017095679790396075
-0.00017030386141764705
-0.00016966278766428414
-0.0001690333459499655
-0.00016841531166883372
-0.0001678084661101551
-0.00016721259627190855
-0.00016662749468177862
-0.0001660529592246506
-0.00016548879297630144
-0.0001649348040433155
-0.00016439080540876758
-0.00016385661478348398
-0.00016333205446256667
-0.00016281695118717016
-0.0001623111360110948
-0.00016181444417220613
-0.00016132671496814837
-0.00016084779163669845
-0.00016037752123998676
-0.00015991575455305603
-0.00015946234595591108
-0.00015901715332947565
-0.00015858003795508367
-0.00015815086441724654
-0.00015772950050990631
-0.0001573158171456223
-0.0001569096882679165
-0.0001565109907664224
-0.00015611960439508137
-0.00015573541169270006
-0.00015535829790628558
-0.00015498815091693777
-0.00015462486116803428
-0.00015426832159562724
-0.00015391842756138564
-0.00015357507678741752
-0.0001532381692932201
-0.00015290760733467306
-0.00015258329534490034
-0.00015226513987704246
-0.00015195304954873764
-0.00015164693498842934
-0.0001513467087832031
-0.0001510522854283157
-0.00015076358127826981
-0.00015048051449930813
-0.00015020300502347896
-0.00014993097450388104
-0.00014966434627151795
-0.0001494030452931872
-0.0001491469981308322
-0.00014889613290189506
-0.00014865037924108554
-0.0001484096682630595
-0.0001481739325262322
-0.00014794310599777755
-0.00014771712401951968
-0.00014749592327478422
-0.00014727944175628536
-0.00014706761873493806
-0.00014686039472952303
-0.00014665771147713856
-0.00014645951190465312
-0.00014626574010083763
-0.00014607634128929498
-0.0001458912618022016
-0.0001457104490547212
-0.00014553385152018958
-0.0001453614187058307
-0.00014519310112938555
-0.00014502885029620325
-0.00014486861867695877
-0.0001447123596860604
-0.0001445600276605928
-0.00014441157783977982
-0.0001442669663451465
-0.0001441261501610486
-0.00014398908711580176
-0.00014385573586329684
-0.00014372605586510068
-0.00014360000737300216
-0.00014347755141212593
-0.0001433586497642644
-0.0001432432649519365
-0.0001431313602225707
-0.00014302289953331177
-0.00014291784753611602
-0.00014281616956323897
-0.00014271783161311786
-0.00014262280033658015
-0.00014253104302344298
-0.00014244252758946005
-0.00014235722256345925
-0.00014227509707505812
-0.00014219612084241347
-0.00014212026416049792
-0.00014204749788948508
-0.0001419777934435853
-0.00014191112278004754
-0.00014184745838848303
-0.00014178677328036734
-0.00014172904097899632
-0.00014167423550939814
-0.00014162233138877885
-0.00014157330361699053
-0.00014152712766734484
-0.00014148377947756182
-0.00014144323544106513
-0.00014140547239831683
-0.00014137046762849738
-0.0001413381988413121
-0.0001413086441689838
-0.00014128178215854384
-0.00014125759176413178
-0.00014123605233962045
-0.00014121714363131375
-0.00014120084577092377
-0.00014118713926857104
-0.00014117600500610641
-0.00014116742423043167
-0.00014116137854707986
-0.00014115784991394683
-0.00014115682063505516
-0.00014115827335458493
-0.00014116219105101657
-0.00014116855703131205
-0.000141177354925357
-0.00014118856868048092
-0.00014120218255601668
-0.00014121818111816517
-0.00014123654923477456
-0.00014125727207039187
-0.00014128033508132854
-0.00014130572401090062
-0.00014133342488474506
-0.00014136342400620686
-0.00014139570795191348
-0.00014143026356736317
-0.0001414670779626762
-0.00014150613850838237
-0.00014154743283134512
-0.000141590948810784
-0.00014163667457430925
-0.0001416845984940911
-0.0001417347091832156
-0.00014178699549189958
-0.00014184144650398198
-0.0001418980515334167
-0.0001419568001207947
-0.0001420176820300622
-0.00014208068724519052
-0.00014214580596698888
-0.0001422130286099563
-0.00014228234579922243
-0.00014235374836754213
-0.00014242722735234256
-0.000142502773992866
-0.00014258037972734772
-0.00014266003619026242
-0.0001427417352096335
-0.0001428254688043985
-0.00014291122918181422
-0.00014299900873498435
-0.00014308880004032775
-0.00014318059585522158
-0.00014327438911557503
-0.00014337017293358383
-0.00014346794059542922
-0.00014356768555905854
-0.0001436694014520351
-0.00014377308206945343
-0.00014387872137178935
-0.0001439863134829325
-0.00014409585268818987
-0.00014420733343232075
-0.00014432075031766778
-0.00014443609810227724
-0.00014455337169810506
-0.0001446725661692179
-0.00014479367673005504
-0.0001449166987437386
-0.00014504162772040644
-0.00014516845931557225
-0.0001452971893285639
-0.0001454278137009184
-0.00014556032851491051
-0.00014569472999205203
-0.00014583101449159607
-0.0001459691785091724
-0.00014610921867534788
-0.0001462511317543043
-0.0001463949146424911
-0.0001465405643673208
-0.00014668807808590505
-0.00014683745308382974
-0.00014698868677390995
-0.00014714177669504294
-0.00014729672051101746
-0.00014745351600939236
-0.00014761216110043004
-0.00014777265381596448
-0.00014793499230836263
-0.00014809917484953308
-0.00014826519982986882
-0.000148433065757321
-0.00014860277125640936
-0.00014877431506728683
-0.0001489476960448897
-0.0001491229131579572
-0.00014929996548824142
-0.00014947885222964437
-0.0001496595726873931
-0.00014984212627723454
-0.00015002651252467972
-0.00015021273106422195
-0.00015040078163860575
-0.00015059066409811692
-0.00015078237839988404
-0.000150975924607162
-0.00015117130288874652
-0.00015136851351826616
-0.00015156755687357467
-0.00015176843343615485
-0.00015197114379053727
-0.00015217568862372
-0.00015238206872458454
-0.00015259028498345424
-0.00015280033839143095
-0.0001530122300400633
-0.00015322596112069193
-0.00015344153292410929
-0.00015365894684004193
-0.00015387820435671664
-0.00015409930706046241
-0.00015432225663526808
-0.00015454705486242824
-0.0001547737036201456
-0.00015500220488313536
-0.00015523256072236746
-0.00015546477330463643
-0.00015569884489228492
-0.00015593477784291076
-0.00015617257460904993
-0.0001564122377379157
-0.00015665376987112074
-0.00015689717374443987
-0.00015714245218754919
-0.00015738960812384397
-0.00015763864457017814
-0.00015788956463671147
-0.00015814237152669312
-0.0001583970685362767
-0.00015865365905443077
-0.0001589121465626917
-0.00015917253463510898
-0.00015943482693807706
-0.00015969902723023872
-0.00015996513936238738
-0.00016023316727738088
-0.00016050311501006055
-0.00016077498668718625
-0.00016104878652737907
-0.0001613245188411165
-0.00016160218803064474
-0.0001618817985900065
-0.00016216335510501595
-0.0001624468622532772
-0.00016273232480417966
-0.0001630197476189536
-0.00016330913565064959
-0.00016360049394427388
-0.00016389382763678774
-0.00016418914195720196
-0.00016448644222661962
-0.0001647857338584003
-0.00016508702235820796
-0.00016539031332413477
-0.0001656956124468333
-0.00016600292550966083
-0.0001663122583887962
-0.0001666236170534326
-0.00016693700756591974
-0.0001672524360819338
-0.00016756990885070667
-0.00016788943221517785
-0.00016821101261223039
-0.0001685346565728711
-0.00016886037072255563
-0.0001691881617812972
-0.0001695180365640194
-0.00016985000198077113
-0.00017018406503700484
-0.00017052023283386364
-0.0001708585125684457
-0.00017119891153417958
-0.00017154143712102443
-0.00017188609681589653
-0.00017223289820293987
-0.00017258184896388446
-0.0001729329568784177
-0.0001732862298245156
-0.0001736416757788617
-0.0001739993028171636
-0.00017435911911463424
-0.00017472113294630966
-0.00017508535268753638
-0.0001754517868143682
-0.00017582044390397435
-0.00017619133263513942
-0.00017656446178869025
-0.00017693984024796654
-0.00017731747699930688
-0.00017769738113253725
-0.0001780795618414635
-0.00017846402842439658
-0.0001788507902846479
-0.00017923985693109657
-0.0001796312379787177
-0.00018002494314912877
-0.00018042098227114353
-0.00018081936528140121
-0.00018122010222488706
-0.00018162320325557817
-0.00018202867863704902
-0.00018243653874305387
-0.00018284679405819768
-0.00018325945517857123
-0.0001836745328123917
-0.00018409203778069913
-0.00018451198101801893
-0.00018493437357302203
-0.00018535922660926893
-0.00018578655140592183
-0.00018621635935841432
-0.00018664866197927996
-0.00018708347089883788
-0.00018752079786593437
-0.00018796065474878916
-0.0001884030535357251
-0.00018884800633600337
-0.00018929552538059032
-0.00018974562302301383
-0.00019019831174020278
-0.00019065360413333238
-0.0001911115129286488
-0.00019157205097839567
-0.0001920352312616924
-0.00019250106688540981
-0.00019296957108509743
-0.0001934407572259245
-0.000193914638803625
-0.00019439122944541658
-0.00019487054291100444
-0.00019535259309356776
-0.0001958373940207235
-0.00019632495985559114
-0.0001968153048977498
-0.0001973084435843552
-0.00019780439049112757
-0.00019830316033348023
-0.000198804767967554
-0.0001993092283913554
-0.00019981655674584302
-0.0002003267683161024
-0.00020083987853243657
-0.00020135590297155515
-0.0002018748573577858
-0.00020239675756420145
-0.0002029216196138782
-0.00020344945968113303
-0.00020398029409270744
-0.00020451413932909155
-0.0002050510120257563
-0.00020559092897449947
-0.00020613390712468757
-0.00020667996358464594
-0.00020722911562298354
-0.00020778138066994948
-0.00020833677631881969
-0.00020889532032730446
-0.00020945703061897393
-0.0002100219252847131
-0.00021059002258409987
-0.00021116134094696618
-0.00021173589897488087
-0.000212313715442647
-0.000212894809299807
-0.0002134791996722704
-0.00021406690586383
-0.00021465794735780965
-0.0002152523438186127
-0.00021585011509342962
-0.00021645128121386485
-0.00021705586239760487
-0.00021766387905018425
-0.00021827535176659844
-0.00021889030133316874
-0.00021950874872927805
-0.00022013071512909932
-0.0002207562219034977
-0.00022138529062183405
-0.00022201794305382456
-0.00022265420117143915
-0.00022329408715082315
-0.00022393762337420285
-0.00022458483243187756
-0.00022523573712422297
-0.00022589036046364585
-0.00022654872567668552
-0.00022721085620605388
-0.00022787677571270404
-0.0002285465080780027
-0.00022922007740585725
-0.00022989750802486234
-0.0002305788244905361
-0.00023126405158755607
-0.0002319532143319977
-0.00023264633797363962
-0.00023334344799827246
-0.00023404457013006134
-0.0002347497303339464
-0.00023545895481798715
-0.000236172270035905
-0.00023688970268946003
-0.0002376112797310135
-0.0002383370283660898
-0.00023906697605587555
-0.00023980115051990014
-0.00024053957973862292
-0.00024128229195616503
-0.00024202931568295474
-0.00024278067969852186
-0.00024353641305429116
-0.00024429654507632763
-0.00024506110536826053
-0.00024583012381417354
-0.0002466036305814995
-0.00024738165612401663
-0.0002481642311848499
-0.0002489513867995476
-0.0002497431542990964
-0.00025053956531315364
-0.00025134065177311694
-0.0002521464459154421
-0.0002529569802847945
-0.0002537722877374328
-0.00025459240144451635
-0.00025541735489546515
-0.0002562471819014707
-0.00025708191659891763
-0.0002579215934528944
-0.00025876624726083107
-0.00025961591315606345
-0.00026047062661154505
-0.0002613304234435048
-0.000262195339815303
-0.0002630654122411786
-0.00026394067759015087
-0.00026482117308994824
-0.0002657069363309854
-0.00026659800527035875
-0.0002674944182359805
-0.00026839621393069343
-0.0002693034314364999
-0.00027021611021876705
-0.0002711342901305742
-0.0002720580114170974
-0.000272987314719986
-0.0002739222410819191
-0.0002748628319511429
-0.0002758091291860693
-0.0002767611750599715
-0.00027771901226573183
-0.0002786826839206315
-0.0002796522335712865
-0.0002806277051985193
-0.00028160914322245423
-0.0002825965925075217
-0.0002835900983676634
-0.0002845897065715689
-0.00028559546334794815
-0.00028660741539093603
-0.0002876256098654916
-0.00028865009441300806
-0.0002896809171568425
-0.0002907181267080481
-0.00029176177217113576
-0.00029281190314988146
-0.00029386856975332994
-0.0002949318226017432
-0.00029600171283273354
-0.0002970782921074596
-0.00029816161261687907
-0.0002992517270881388
-0.00030034868879102013
-0.00030145255154448637
-0.00030256336972333566
-0.00030368119826496546
-0.00030480609267618055
-0.0003059381090401262
-0.0003070773040233721
-0.0003082237348830085
-0.00030937745947392625
-0.0003105385362561476
-0.0003117070243022994
-0.0003128829833051392
-0.0003140664735853575
-0.00031525755609921956
-0.0003164562924465485
-0.00031766274487877484
-0.000318876976307055
-0.0003200990503105065
-0.0003213290311446523
-0.00032256698374987907
-0.0003238129737601735
-0.00032506706751172235
-0.000326329332052037
-0.0003275998351487998
-0.00032887864529911986
-0.00033016583173884256
-0.00033146146445199034
-0.0003327656141803721
-0.00033407835243327903
-0.00033539975149742094
-0.00033672988444698
-0.00033806882515368953
-0.0003394166482973617
-0.00034077342937624755
-0.0003421392447177643
-0.00034351417148934617
-0.0003448982877093798
-0.0003462916722584796
-0.0003476944048907079
-0.000349106566245204
-0.000350528237857845
-0.0003519595021731121
-0.0003534004425561592
-0.00035485114330511847
-0.00035631168966352344
-0.00035778216783291744
-0.00035926266498576427
-0.0003607532692784909
-0.000362254069864714
-0.0003637651569086893
-0.0003652866215990689
-0.00036681855616275526
-0.00036836105387899674
-0.0003699142090938372
-0.0003714781172345939
-0.00037305287482471307
-0.00037463857949882414
-0.0003762353300180341
-0.0003778432262855317
-0.000379462369362287
-0.00038109286148313914
-0.00038273480607322935
-0.0003843883077644121
-0.00038605347241221267
-0.0003877304071129456
-0.0003894192202212213
-0.0003911200213674498
-0.0003928329214760289
-0.00039455803278355575
-0.0003962954688574557
-0.00039804534461495054
-0.0003998077763421246
-0.00040158288171367315
-0.0004033707798126404
-0.00040517159115072387
-0.00040698543768881304
-0.0004088124428578641
-0.00041065273158019346
-0.0004125064302910509
-0.0004143736669607344
-0.0004162545711167825
-0.0004181492738668407
-0.0004200579079218063
-0.0004219806076192685
-0.00042391750894762336
-0.00042586874957026353
-0.00042783446885041377
-0.0004298148078764292
-0.0004318099094873475
-0.0004338199182990016
-0.00043584498073063506
-0.000437885245031904
-0.0004399408613103365
-0.0004420119815593591
-0.00044409875968679115
-0.00044620135154382
-0.0004483199149544438
-0.0004504546097456453
-0.0004526055977777622
-0.00045477304297581746
-0.00045695711136099326
-0.00045915797108302624
-0.00046137579245293393
-0.0004636107479765062
-0.0004658630123883153
-0.0004681327626863092
-0.00047042017816716867
-0.00047272544046217765
-0.0004750487335738842
-0.00047739024391323017
-0.0004797501603376616
-0.0004821286741896543
-0.00048452597933608095
-0.00048694227220841274
-0.0004893777518434529
-0.0004918326199249772
-0.0004943070808262032
-0.0004968013416528402
-0.0004993156122871832
-0.0005018501054329271
-0.0005044050366608203
-0.0005069806244552617
-0.0005095770902616868
-0.0005121946585349244
-0.0005148335567885436
-0.0005174940156449188
-0.0005201762688865473
-0.0005228805535081373
-0.0005256071097698822
-0.0005283561812515961
-0.0005311280149079908
-0.0005339228611250977
-0.0005367409737776293
-0.0005395826102876935
-0.0005424480316844193
-0.0005453375026649169
-0.0005482512916564268
-0.0005511896708796768
-0.0005541529164134823
-0.0005571413082607354
-0.0005601551304155562
-0.0005631946709319467
-0.0005662602219937432
-0.0005693520799860497
-0.0005724705455680687
-0.0005756159237472669
-0.0005787885239555013
-0.000581988660126199
-0.0005852166507733591
-0.0005884728190722652
-0.0005917574929416509
-0.0005950710051276291
-0.0005984136932896284
-0.0006017859000875844
-0.0006051879732715797
-0.0006086202657728083
-0.0006120831357968006
-0.0006155769469185315
-0.0006191020681794536
-0.0006226588741866484
-0.0006262477452141762
-0.0006298690673063699
-0.0006335232323835638
-0.0006372106383500727
-0.0006409316892041801
-0.0006446867951510748
-0.0006484763727175918
-0.0006523008448700318
-0.0006561606411341313
-0.0006600561977178678
-0.0006639879576368883
-0.0006679563708427759
-0.0006719618943539894
-0.0006760049923898976
-0.0006800861365076727
-0.0006842058057422772
-0.0006883644867495676
-0.0006925626739526335
-0.0006968008696913782
-0.0007010795843756175
-0.0007053993366414282
-0.0007097606535112496
-0.0007141640705575407
-0.0007186101320702996
-0.0007230993912281369
-0.0007276324102737516
-0.0007322097606929597
-0.0007368320233983797
-0.0007414997889168556
-0.0007462136575818657
-0.0007509742397298067
-0.0007557821559014738
-0.0007606380370477852
-0.0007655425247408305
-0.0007704962713896183
-0.0007754999404610517
-0.0007805542067062666
-0.0007856597563923443
-0.0007908172875395583
-0.0007960275101644648
-0.0008012911465288101
-0.0008066089313944279
-0.0008119816122847694
-0.0008174099497520456
-0.0008228947176518659
-0.0008284367034238989
-0.0008340367083800112
-0.0008396955479994075
-0.0008454140522307926
-0.0008511930658027089
-0.000857033448541285
-0.0008629360756958975
-0.0008689018382736514
-0.0008749316433816246
-0.0008810264145783
-0.0008871870922339512
-0.0008934146339002597
-0.0008997100146892042
-0.0009060742276621972
-0.0009125082842291277
-0.0009190132145576106
-0.0009255900679933596
-0.0009322399134912034
-0.0009389638400579649
-0.000945762957206208
-0.0009526383954213358
-0.0009595913066396856
-0.0009666228647407551
-0.0009737342660516863
-0.0009809267298659247
-0.000988201498975812
-0.0009955598402194587
-0.0010030030450427483
-0.001010532430076875
-0.0010181493377314976
-0.0010258551368043844
-0.0010336512231082654
-0.0010415390201143598
-0.0010495199796151035
-0.001057595582404358
-0.0010657673389774087
-0.0010740367902506702
-0.0010824055083019102
-0.0010908750971313887
-0.0010994471934449588
-0.0011081234674597726
-0.0011169056237333034
-0.0011257954020161337
-0.0011347945781300707
-0.001143904964871295
-0.0011531284129410048
-0.0011624668119025999
-0.0011719220911677848
-0.0011814962210118054
-0.0011911912136193257
-0.0012010091241612415
-0.0012109520519044232
-0.001221022141354901
-0.0012312215834358192
-0.0012415526167011874
-0.0012520175285874804
-0.0012626186567031622
-0.0012733583901584976
-0.0012842391709367075
-0.0012952634953079113
-0.001306433915287469
-0.001317753040140152
-0.001329223537932431
-0.001340848137133547
-0.0013526296282680569
-0.0013645708656218256
-0.001376674769002036
-0.001388944325555375
-0.0014013825916448705
-0.0014139926947880884
-0.0014267778356591041
-0.0014397412901569007
-0.0014528864115420006
-0.0014662166326445563
-0.0014797354681463021
-0.0014934465169397387
-0.0015073534645662085
-0.0015214600857382842
-0.001535770246946843
-0.0015502879091587932
-0.0015650171306071995
-0.0015799620696784616
-0.001595126987900258
-0.001610516253033367
-0.0016261343422738564
-0.0016419858455668827
-0.001658075469039265
-0.0016744080385547478
-0.0016909885033967724
-0.0017078219400847349
-0.001724913556327457
-0.001742268695123211
-0.0017598928390077117
-0.0017777916144609306
-0.0017959707964757751
-0.0018144363132979403
-0.001833194251342891
-0.001852250860299031
-0.0018716125584229968
-0.0018912859380373847
-0.0019112777712393875