0.03999023675860386
0.07998047351720772
0.11997071027581158
0.15996094703441543
0.1999511837930193
0.23994142055162315
0.279931657310227
0.31992189406883087
0.35991213082743473
0.3999023675860386
0.4398926043446425
0.4798828411032463
0.5198730778618502
0.559863314620454
0.5998535513790579
0.6398437881376617
0.6798340248962658
0.7198242616548695
0.7598144984134731
0.7998047351720772
0.839794971930681
0.879785208689285
0.9197754454478887
0.9597656822064926
0.9997559189650964
1.0397461557237004
1.0797363924823042
1.119726629240908
1.1597168659995116
1.1997071027581159
1.2396973395167195
1.2796875762753235
1.3196778130339273
1.3596680497925315
1.3996582865511353
1.439648523309739
1.4796387600683427
1.5196289968269463
1.5596192335855505
1.5996094703441543
1.6395997071027582
1.679589943861362
1.719580180619966
1.75957041737857
1.7995606541371734
1.8395508908957774
1.8795411276543814
1.9195313644129852
1.9595216011715888
1.9995118379301928
2.039502074688797
2.079492311447401
2.1194825482060047
2.1594727849646085
2.1994630217232123
2.239453258481816
2.27944349524042
2.3194337319990233
2.359423968757627
2.3994142055162317
2.439404442274835
2.479394679033439
2.5193849157920427
2.559375152550647
2.599365389309251
2.6393556260678546
2.679345862826459
2.719336099585063
2.7593263363436664
2.7993165731022707
2.839306809860873
2.879297046619478
2.919287283378082
2.9592775201366854
2.9992677568952892
3.0392579936538926
3.079248230412497
3.119238467171101
3.159228703929705
3.1992189406883087
3.239209177446913
3.2791994142055163
3.3191896509641206
3.359179887722724
3.3991701244813277
3.439160361239932
3.4791505979985358
3.51914083475714
3.5591310715157425
3.5991213082743467
3.639111545032951
3.679101781791555
3.7190920185501586
3.759082255308763
3.799072492067366
3.8390627288259704
3.8790529655845734
3.9190432023431776
3.959033439101782
3.9990236758603857
4.03901391261899
4.079004149377594
4.1189943861361975
4.158984622894802
4.198974859653405
4.238965096412009
4.278955333170613
4.318945569929217
4.35893580668782
4.398926043446425
4.438916280205028
4.478906516963632
4.518896753722236
4.55888699048084
4.598877227239445
4.6388674639980465
4.67885770075665
4.718847937515254
4.758838174273859
4.7988284110324635
4.838818647791066
4.87880888454967
4.9187991213082745
4.958789358066878
4.998779594825482
5.038769831584085
5.078760068342691
5.118750305101294
5.158740541859898
5.198730778618502
5.238721015377106
5.278711252135709
5.318701488894313
5.358691725652918
5.39868196241152
5.438672199170126
5.478662435928729
5.518652672687333
5.558642909445936
5.598633146204541
5.638623382963145
5.678613619721746
5.71860385648035
5.758594093238956
5.798584329997559
5.838574566756164
5.878564803514767
5.918555040273371
5.958545277031973
5.9985355137905785
6.038525750549183
6.078515987307785
6.11850622406639
6.158496460824994
6.198486697583597
6.238476934342202
6.2784671711008055
6.31845740785941
6.358447644618012
6.398437881376617
6.438428118135221
6.478418354893826
6.518408591652428
6.558398828411033
6.598389065169637
6.638379301928241
6.6783695386868445
6.718359775445448
6.758350012204051
6.798340248962655
6.83833048572126
6.878320722479864
6.918310959238466
6.9583011959970715
6.998291432755675
7.03828166951428
7.0782719062728825
7.118262143031485
7.158252379790091
7.1982426165486935
7.238232853307297
7.278223090065902
7.318213326824507
7.35820356358311
7.398193800341714
7.438184037100317
7.478174273858922
7.518164510617526
7.558154747376129
7.598144984134732
7.638135220893336
7.678125457651941
7.718115694410544
7.758105931169147
7.798096167927749
7.838086404686355
7.8780766414449594
7.918066878203564
7.958057114962168
7.998047351720771
8.038037588479376
8.07802782523798
8.118018061996583
8.158008298755188
8.19799853551379
8.237988772272395
8.277979009030997
8.317969245789604
8.357959482548205
8.39794971930681
8.437939956065414
8.477930192824019
8.517920429582622
8.557910666341225
8.597900903099829
8.637891139858434
8.677881376617037
8.71787161337564
8.757861850134244
8.79785208689285
8.837842323651453
8.877832560410056
8.91782279716866
8.957813033927264
8.99780327068587
9.037793507444473
9.077783744203076
9.11777398096168
9.157764217720283
9.19775445447889
9.237744691237491
9.277734927996093
9.317725164754698
9.3577154015133
9.397705638271907
9.437695875030508
9.477686111789115
9.517676348547718
9.557666585306324
9.597656822064927
9.637647058823529
9.677637295582132
9.717627532340739
9.75761776909934
9.797608005857947
9.837598242616549
9.877588479375154
9.917578716133756
9.957568952892363
9.997559189650964
10.03754942640957
10.07753966316817
10.117529899926778
10.157520136685381
10.197510373443986
10.237500610202588
10.27749084696119
10.317481083719796
10.3574713204784
10.397461557237005
10.437451793995606
10.477442030754212
10.517432267512813
10.557422504271418
10.59741274103002
10.637402977788627
10.677393214547228
10.717383451305835
10.757373688064437
10.79736392482304
10.837354161581644
10.877344398340252
10.917334635098854
10.957324871857457
10.99731510861606
11.037305345374666
11.077295582133267
11.117285818891872
11.157276055650478
11.197266292409083
11.23725652916768
11.27724676592629
11.317237002684891
11.357227239443493
11.3972174762021
11.4372077129607
11.477197949719308
11.517188186477911
11.557178423236515
11.597168659995118
11.637158896753725
11.677149133512328
11.717139370270932
11.757129607029533
11.797119843788138
11.837110080546742
11.877100317305349
11.917090554063947
11.957080790822552
11.997071027581157
12.037061264339764
12.077051501098365
12.117041737856969
12.15703197461557
12.197022211374176
12.23701244813278
12.277002684891384
12.316992921649987
12.356983158408589
12.396973395167194
12.4369636319258
12.476953868684404
12.516944105443006
12.556934342201611
12.596924578960216
12.63691481571882
12.676905052477423
12.716895289236025
12.75688552599463
12.796875762753235
12.836865999511838
12.876856236270442
12.916846473029043
12.956836709787652
12.996826946546253
13.036817183304857
13.076807420063464
13.116797656822065
13.15678789358067
13.196778130339274
13.236768367097877
13.276758603856482
13.316748840615084
13.356739077373689
13.396729314132292
13.436719550890896
13.476709787649504
13.516700024408102
13.556690261166708
13.59668049792531
13.636670734683914
13.67666097144252
13.716651208201126
13.756641444959728
13.79663168171833
13.836621918476933
13.876612155235538
13.916602391994143
13.956592628752746
13.99658286551135
14.036573102269951
14.07656333902856
14.116553575787162
14.156543812545765
14.196534049304372
14.23652428606297
14.276514522821575
14.316504759580182
14.356494996338784
14.396485233097387
14.436475469855992
14.476465706614594
14.5164559433732
14.556446180131804
14.596436416890409
14.636426653649014
14.676416890407612
14.71640712716622
14.75639736392482
14.796387600683428
14.836377837442033
14.876368074200634
14.916358310959238
14.956348547717845
14.996338784476443
15.036329021235051
15.076319257993653
15.116309494752258
15.15629973151086
15.196289968269465
15.236280205028072
15.276270441786671
15.316260678545277
15.356250915303882
15.396241152062487
15.436231388821088
15.476221625579694
15.516211862338293
15.5562020990969
15.596192335855498
15.636182572614107
15.67617280937271
15.716163046131317
15.756153282889919
15.796143519648526
15.836133756407127
15.876123993165729
15.916114229924336
15.956104466682941
15.996094703441543
16.036084940200148
16.076075176958753
16.116065413717354
16.15605565047596
16.19604588723456
16.236036123993166
16.27602636075177
16.316016597510377
16.356006834268978
16.39599707102758
16.435987307786185
16.47597754454479
16.51596778130339
16.555958018061993
16.595948254820602
16.635938491579207
16.67592872833781
16.71591896509641
16.75590920185502
16.79589943861362
16.835889675372222
16.875879912130827
16.915870148889432
16.955860385648037
16.995850622406643
17.035840859165244
17.07583109592385
17.11582133268245
17.155811569441056
17.195801806199658
17.235792042958266
17.275782279716868
17.31577251647547
17.355762753234075
17.395752989992676
17.43574322675128
17.475733463509883
17.515723700268488
17.555713937027093
17.5957041737857
17.635694410544303
17.675684647302905
17.715674884061507
17.75566512082011
17.795655357578713
17.83564559433732
17.875635831095924
17.91562606785453
17.955616304613134
17.99560654137174
18.035596778130337
18.075587014888946
18.115577251647547
18.155567488406152
18.195557725164754
18.23554796192336
18.275538198681964
18.315528435440566
18.35551867219917
18.39550890895778
18.435499145716378
18.475489382474983
18.515479619233584
18.555469855992186
18.5954600927508
18.635450329509396
18.675440566268
18.7154308030266
18.75542103978521
18.795411276543813
18.835401513302415
18.875391750061016
18.91538198681963
18.95537222357823
18.995362460336835
19.035352697095437
19.07534293385404
19.115333170612647
19.155323407371245
19.195313644129854
19.235303880888456
19.275294117647057
19.315284354405666
19.355274591164264
19.39526482792287
19.435255064681478
19.47524530144008
19.51523553819868
19.555225774957286
19.595216011715895
19.635206248474496
19.675196485233098
19.7151867219917
19.755176958750308
19.79516719550891
19.83515743226751
19.875147669026116
19.915137905784725
19.955128142543327
19.99511837930193
20.03510861606053
20.07509885281914
20.115089089577744
20.15507932633634
20.195069563094947
20.235059799853556
20.275050036612157
20.315040273370762
20.35503051012936
20.395020746887973
20.43501098364657
20.475001220405176
20.514991457163774
20.55498169392238
20.594971930680988
20.634962167439593
20.674952404198194
20.7149426409568
20.7549328777154
20.79492311447401
20.834913351232608
20.874903587991213
20.914893824749818
20.954884061508423
20.994874298267028
21.034864535025626
21.07485477178423
21.114845008542837
21.15483524530144
21.19482548206004
21.23481571881865
21.274805955577254
21.314796192335855
21.354786429094457
21.394776665853065
21.43476690261167
21.474757139370272
21.514747376128874
21.55473761288748
21.59472784964608
21.634718086404686
21.674708323163287
21.714698559921892
21.754688796680504
21.794679033439103
21.834669270197708
21.874659506956313
21.914649743714914
21.954639980473523
21.99463021723212
22.034620453990726
22.07461069074933
22.114600927507936
22.154591164266535
22.19458140102514
22.234571637783745
22.274561874542346
22.314552111300955
22.35454234805956
22.394532584818165
22.434522821576763
22.47451305833536
22.51450329509397
22.55449353185258
22.59448376861118
22.634474005369782
22.674464242128387
22.714454478886985
22.754444715645597
22.7944349524042
22.834425189162804
22.8744154259214
22.91440566268001
22.954395899438616
22.994386136197214
23.034376372955823
23.074366609714428
23.11435684647303
23.154347083231634
23.194337319990236
23.234327556748845
23.27431779350745
23.314308030266048
23.354298267024657
23.39428850378326
23.434278740541863
23.474268977300465
23.514259214059066
23.55424945081767
23.594239687576277
23.634229924334882
23.674220161093483
23.714210397852085
23.754200634610697
23.794190871369292
23.834181108127893
23.874171344886502
23.914161581645104
23.954151818403712
23.994142055162314
24.034132291920915
24.074122528679528
24.11411276543813
24.15410300219673
24.194093238955332
24.234083475713938
24.274073712472543
24.31406394923114
24.35405418598975
24.39404442274835
24.434034659506956
24.47402489626556
24.514015133024166
24.554005369782768
24.59399560654137
24.633985843299975
24.67397608005858
24.713966316817178
24.753956553575787
24.793946790334388
24.833937027092993
24.8739272638516
24.913917500610204
24.95390773736881
24.993897974127414
25.033888210886012
25.07387844764462
25.113868684403222
25.153858921161824
25.193849157920432
25.23383939467903
25.27382963143764
25.31381986819624
25.353810104954846
25.39380034171345
25.43379057847205
25.473780815230658
25.51377105198926
25.553761288747864
25.59375152550647
25.633741762265068
25.673731999023676
25.713722235782285
25.753712472540883
25.79370270929949
25.833692946058086
25.873683182816695
25.913673419575304
25.9536636563339
25.993653893092507
26.033644129851105
26.073634366609713
26.113624603368322
26.153614840126927
26.19360507688553
26.23359531364413
26.273585550402736
26.31357578716134
26.35356602391994
26.393556260678547
26.433546497437156
26.473536734195754
26.513526970954363
26.553517207712964
26.593507444471566
26.633497681230168
26.673487917988773
26.713478154747378
26.753468391505983
26.793458628264585
26.833448865023193
26.87343910178179
26.9134293385404
26.95341957529901
26.993409812057607
27.033400048816205
27.073390285574817
27.113380522333415
27.15337075909202
27.19336099585062
27.23335123260923
27.27334146936783
27.313331706126434
27.35332194288504
27.393312179643644
27.433302416402253
27.473292653160854
27.513282889919456
27.553273126678057
27.59326336343666
27.633253600195268
27.673243836953866
27.71323407371247
27.753224310471076
27.793214547229677
27.833204783988286
27.873195020746884
27.913185257505493
27.9531754942641
27.9931657310227
28.033155967781305
28.073146204539903
28.113136441298515
28.15312667805712
28.193116914815715
28.233107151574323
28.27309738833293
28.31308762509153
28.35307786185014
28.393068098608744
28.433058335367345
28.47304857212594
28.51303880888455
28.55302904564315
28.593019282401762
28.633009519160364
28.672999755918966
28.712989992677567
28.752980229436176
28.792970466194774
28.832960702953383
28.872950939711984
28.91294117647059
28.952931413229187
28.992921649987792
29.0329118867464
29.072902123505003
29.112892360263608
29.152882597022213
29.192872833780818
29.23286307053942
29.27285330729803
29.312843544056623
29.352833780815224
29.392824017573844
29.43281425433244
29.472804491091047
29.51279472784964
29.55278496460825
29.592775201366855
29.632765438125457
29.672755674884066
29.712745911642664
29.75273614840127
29.792726385159874
29.832716621918475
29.872706858677084
29.91269709543569
29.95268733219429
29.992677568952885
30.032667805711494
30.072658042470103
30.112648279228708
30.152638515987306
30.192628752745904
30.232618989504516
30.27260922626312
30.31259946302172
30.352589699780324
30.39257993653893
30.43257017329753
30.472560410056143
30.512550646814745
30.552540883573343
30.59253112033194
30.632521357090553
30.67251159384916
30.712501830607764
30.75249206736637
30.792482304124974
30.83247254088357
30.872462777642177
30.912453014400782
30.952443251159387
30.992433487917985
31.032423724676587
31.072413961435196
31.1124041981938
31.152394434952406
31.192384671710997
31.23237490846961
31.272365145228214
31.31235538198682
31.35234561874542
31.39233585550403
31.432326092262635
31.472316329021233
31.512306565779838
31.55229680253845
31.59228703929705
31.632277276055653
31.672267512814255
31.712257749572863
31.752247986331458
31.792238223090067
31.83222845984867
31.872218696607273
31.912208933365882
31.952199170124477
31.992189406883085
32.03217964364168
32.072169880400295
32.11216011715889
32.152150353917506
32.192140590676104
32.23213082743471
32.272121064193314
32.31211130095192
32.35210153771052
32.39209177446912
32.43208201122772
32.47207224798633
32.512062484744945
32.55205272150354
32.59204295826214
32.63203319502075
32.67202343177935
32.712013668537956
32.752003905296554
32.79199414205516
32.831984378813765
32.87197461557237
32.91196485233098
32.95195508908958
32.99194532584818
33.03193556260678
33.07192579936539
33.111916036123986
33.1519062728826
33.191896509641204
33.23188674639981
33.271876983158414
33.31186721991701
33.35185745667562
33.39184769343422
33.43183793019282
33.47182816695143
33.51181840371004
33.55180864046864
33.59179887722724
33.631789113985846
33.671779350744444
33.711769587503056
33.751759824261654
33.79175006102025
33.831740297778865
33.87173053453747
33.911720771296075
33.95171100805468
33.991701244813285
34.03169148157188
34.07168171833049
34.111671955089086
34.1516621918477
34.191652428606304
34.2316426653649
34.27163290212351
34.31162313888211
34.35161337564072
34.391603612399315
34.43159384915792
34.47158408591653
34.51157432267513
34.551564559433736
34.591554796192334
34.63154503295094
34.67153526970955
34.71152550646815
34.75151574322675
34.79150597998535
34.83149621674396
34.87148645350256
34.91147669026117
34.951466927019766
34.99145716377837
35.031447400536976
35.07143763729558
35.111427874054186
35.1514181108128
35.1914083475714
35.231398584329995
35.27138882108861
35.311379057847205
35.35136929460581
35.391359531364415
35.43134976812301
35.471340004881625
35.51133024164022
35.551320478398836
35.59131071515743
35.63130095191603
35.67129118867464
35.71128142543324
35.75127166219185
35.79126189895046
35.83125213570906
35.87124237246766
35.91123260922627
35.95122284598487
35.99121308274348
36.03120331950207
36.071193556260674
36.11118379301928
36.15117402977789
36.19116426653649
36.231154503295095
36.2711447400537
36.311134976812305
36.35112521357091
36.39111545032951
36.43110568708811
36.47109592384672
36.511086160605316
36.55107639736393
36.591066634122534
36.63105687088113
36.67104710763974
36.71103734439834
36.75102758115695
36.79101781791556
36.83100805467415
36.870998291432755
36.91098852819136
36.950978764949966
36.990969001708564
37.03095923846717
37.070949475225774
37.11093971198437
37.15092994874299
37.1909201855016
37.2309104222602
37.27090065901879
37.3108908957774
37.350881132536
37.39087136929461
37.4308616060532
37.47085184281181
37.51084207957042
37.55083231632902
37.59082255308763
37.63081278984623
37.67080302660483
37.710793263363435
37.75078350012203
37.79077373688065
37.83076397363926
37.870754210397855
37.91074444715646
37.95073468391506
37.99072492067367
38.03071515743227
38.070705394190874
38.11069563094947
38.15068586770808
38.19067610446669
38.230666341225295
38.27065657798389
38.31064681474249
38.3506370515011
38.39062728825971
38.4306175250183
38.47060776177691
38.510597998535516
38.550588235294114
38.59057847205273
38.63056870881133
38.67055894556994
38.71054918232853
38.75053941908713
38.79052965584574
38.83051989260435
38.870510129362955
38.91050036612155
38.95049060288016
38.99048083963876
39.03047107639736
39.07046131315596
39.11045154991457
39.150441786673184
39.19043202343179
39.23042226019038
39.27041249694899
39.31040273370759
39.350392970466196
39.3903832072248
39.4303734439834
39.47036368074201
39.510353917500616
39.55034415425921
39.59033439101782
39.630324627776425
39.67031486453502
39.71030510129363
39.75029533805223
39.79028557481084
39.83027581156945
39.87026604832805
39.91025628508665
39.95024652184525
39.99023675860386
40.030226995362455
40.07021723212106
40.110207468879665
40.15019770563828
40.19018794239688
40.23017817915549
40.27016841591408
40.31015865267268
40.35014888943129
40.390139126189894
40.4301293629485
40.47011959970711
40.5101098364657
40.550100073224314
40.59009030998292
40.630080546741524
40.67007078350012
40.71006102025872
40.75005125701733
40.790041493775945
40.83003173053454
40.87002196729314
40.91001220405175
40.95000244081035
40.98999267756895
41.02998291432755
41.06997315108616
41.10996338784476
41.14995362460337
41.189943861361975
41.22993409812057
41.269924334879185
41.30991457163778
41.34990480839639
41.38989504515499
41.4298852819136
41.46987551867221
41.5098657554308
41.54985599218941
41.58984622894802
41.62983646570662
41.669826702465215
41.70981693922381
41.749807175982426
41.78979741274104
41.829787649499636
41.86977788625824
41.909768123016846
41.949758359775444
41.989748596534056
42.029738833292654
42.06972907005125
42.10971930680986
42.14970954356846
42.189699780327075
42.22969001708567
42.269680253844264
42.30967049060288
42.34966072736148
42.38965096412008
42.42964120087869
42.4696314376373
42.5096216743959
42.54961191115451
42.58960214791311
42.62959238467171
42.66958262143031
42.70957285818891
42.74956309494752
42.78955333170613
42.829543568464736
42.86953380522334
42.90952404198194
42.949514278740544
42.98950451549915
43.02949475225775
43.06948498901636
43.10947522577496
43.149465462533556
43.18945569929216
43.22944593605077
43.26943617280937
43.30942640956798
43.349416646326574
43.38940688308517
43.429397119843784
43.4693873566024
43.50937759336101
43.5493678301196
43.589358066878205
43.6293483036368
43.669338540395415
43.709328777154006
43.749319013912626
43.789309250671224
43.82929948742983
43.869289724188434
43.909279960947046
43.949270197705644
43.98926043446424
44.029250671222854
44.06924090798145
44.10923114474005
44.14922138149866
44.18921161825727
44.22920185501587
44.26919209177447
44.30918232853307
44.34917256529167
44.38916280205028
44.429153038808884
44.46914327556749
44.5091335123261
44.54912374908469
44.5891139858433
44.62910422260191
44.66909445936051
44.70908469611912
44.74907493287771
44.78906516963633
44.829055406394914
44.86904564315353
44.90903587991214
44.94902611667072
44.989016353429335
45.02900659018794
45.068996826946545
45.10898706370516
45.14897730046376
45.18896753722236
45.228957773980966
45.268948010739564
45.308938247498176
45.348928484256774
45.38891872101538
45.42890895777397
45.4688991945326
45.508889431291195
45.5488796680498
45.5888699048084
45.628860141567
45.66885037832561
45.7088406150842
45.7488308518428
45.78882108860141
45.82881132536002
45.86880156211863
45.90879179887723
45.94878203563584
45.98877227239443
46.02876250915303
46.068752745911645
46.10874298267025
46.148733219428856
46.188723456187454
46.22871369294606
46.268703929704664
46.30869416646327
46.34868440322187
46.38867463998047
46.42866487673908
46.46865511349769
46.50864535025629
46.5486355870149
46.58862582377349
46.628616060532096
46.66860629729071
46.70859653404931
46.748586770807904
46.78857700756652
46.828567244325114
46.86855748108373
46.908547717842325
46.94853795460093
46.988528191359535
47.02851842811813
47.068508664876745
47.10849890163534
47.14848913839395
47.18847937515255
47.22846961191115
47.268459848669764
47.30845008542836
47.34844032218697
47.388430558945565
47.42842079570417
47.46841103246278
47.508401269221395
47.54839150597998
47.588381742738584
47.62837197949719
47.66836221625579
47.7083524530144
47.748342689773004
47.78833292653161
47.82832316329021
47.86831340004882
47.908303636807425
47.94829387356603
47.98828411032463
48.028274347083226
48.06826458384183
48.10825482060045
48.148245057359055
48.188235294117646
48.22822553087626
48.26821576763486
48.30820600439346
48.34819624115207
48.388186477910665
48.42817671466926
48.468166951427875
48.50815718818648
48.548147424945086
48.5881376617037
48.62812789846228
48.66811813522089
48.7081083719795
48.74809860873809
48.7880888454967
48.828079082255314
48.86806931901391
48.90805955577252
48.94804979253112
48.988040029289735
49.02803026604833
49.068020502806924
49.108010739565536
49.14800097632414
49.18799121308274
49.22798144984135
49.26797168659995
49.307961923358555
49.34795216011716
49.38794239687576
49.427932633634356
49.46792287039297
49.50791310715157
49.547903343910185
49.587893580668776
49.62788381742739
49.66787405418599
49.7078642909446
49.7478545277032
49.78784476446181
49.82783500122041
49.867825237979005
49.90781547473762
49.94780571149622
49.98779594825483
50.02778618501341
50.067776421772024
50.107766658530636
50.14775689528924
50.187747132047846
50.227737368806444
50.26772760556504
50.30771784232365
50.34770807908226
50.387698315840865
50.42768855259945
50.46767878935806
50.50766902611667
50.54765926287528
50.58764949963388
50.62763973639248
50.66762997315108
50.70762020990969
50.7476104466683
50.7876006834269
50.8275909201855
50.8675811569441
50.90757139370271
50.947561630461315
50.98755186721992
51.02754210397852
51.06753234073712
51.10752257749573
51.147512814254334
51.18750305101294
51.22749328777154
51.267483524530135
51.30747376128875
51.34746399804735
51.38745423480596
51.42744447156457
51.46743470832317
51.507424945081766
51.54741518184037
51.58740541859898
51.62739565535759
51.66738589211617
51.707376128874785
51.74736636563339
51.787356602391995
51.82734683915061
51.867337075909205
51.9073273126678
51.94731754942641
51.98730778618501
52.027298022943626
52.06728825970221
52.10727849646082
52.14726873321943
52.18725896997803
52.227249206736644
52.26723944349524
52.307229680253855
52.34721991701245
52.38721015377106
52.42720039052966
52.46719062728826
52.50718086404686
52.54717110080547
52.58716133756407
52.62715157432268
52.66714181108128
52.70713204783988
52.74712228459849
52.787112521357095
52.82710275811571
52.86709299487431
52.907083231632896
52.94707346839151
52.98706370515011
53.027053941908726
53.0670441786673
53.10703441542593
53.14702465218453
53.18701488894313
53.22700512570174
53.266995362460335
53.30698559921895
53.346975835977545
53.38696607273615
53.426956309494756
53.466946546253354
53.506936783011966
53.546927019770564
53.58691725652917
53.626907493287774
53.66689773004639
53.706887966804985
53.74687820356358
53.78686844032219
53.8268586770808
53.866848913839405
53.90683915059802
53.9468293873566
53.98681962411521
54.02680986087381
54.06680009763241
54.106790334391036
54.146780571149634
54.186770807908225
54.22676104466683
54.26675128142543
54.30674151818404
54.34673175494264
54.38672199170124
54.42671222845985
54.46670246521846
54.50669270197706
54.54668293873566
54.58667317549426
54.62666341225287
54.66665364901148
54.70664388577008
54.74663412252867
54.78662435928729
54.826614596045886
54.866604832804505
54.906595069563096
54.94658530632171
54.9865755430803
55.02656577983891
55.06655601659752
55.106546253356115
55.14653649011471
55.18652672687332
55.22651696363193
55.266507200390535
55.30649743714913
55.34648767390773
55.38647791066634
55.42646814742494
55.466458384183554
55.50644862094215
55.546438857700764
55.586429094459355
55.62641933121797
55.66640956797657
55.70639980473517
55.74639004149377
55.78638027825238
55.826370515010986
55.86636075176959
55.9063509885282
55.94634122528679
55.9863314620454
56.026321698804004
56.06631193556261
56.10630217232122
56.146292409079805
56.18628264583842
56.22627288259703
56.26626311935563
56.30625335611424
56.346243592872824
56.38623382963143
56.42622406639004
56.46621430314865
56.506204539907245
56.54619477666586
56.586185013424455
56.62617525018306
56.666165486941665
56.70615572370028
56.74614596045886
56.78613619721749
56.826126433976086
56.86611667073469
56.906106907493296
56.94609714425188
56.98608738101049
57.0260776177691
57.06606785452771
57.1060580912863
57.14604832804491
57.186038564803525
57.226028801562116
57.26601903832073
57.30600927507932
57.34599951183793
57.38598974859653
57.425979985355134
57.46597022211375
57.50596045887235
57.54595069563095
57.58594093238955
57.62593116914816
57.665921405906765
57.70591164266537
57.74590187942397
57.78589211618258
57.82588235294118
57.865872589699784
57.905862826458375
57.94585306321699
57.985843299975585
58.02583353673419
58.0658237734928
58.10581401025141
58.145804247010005
58.18579448376862
58.225784720527216
58.265774957285814
58.305765194044426
58.345755430803024
58.385745667561636
58.425735904320234
58.46572614107884
58.505716377837444
58.54570661459606
58.585696851354655
58.625687088113246
58.66567732487186
58.70566756163045
58.74565779838905
58.78564803514769
58.82563827190627
58.86562850866488
58.90561874542348
58.945608982182094
58.98559921894068
59.02558945569928
59.0655796924579
59.1055699292165
59.1455601659751
59.18555040273371
59.22554063949232
59.265530876250914
59.30552111300952
59.34551134976813
59.38550158652673
59.42549182328533
59.46548206004394
59.50547229680254
59.54546253356115
59.58545277031975
59.625443007078346
59.66543324383695
59.705423480595556
59.74541371735417
59.78540395411278
59.82539419087138
59.86538442762998
59.90537466438858
59.94536490114717
59.98535513790577
60.02534537466438
60.06533561142299
60.1053258481816
60.145316084940205
60.18530632169882
60.225296558457416
60.265286795216014
60.30527703197461
60.345267268733224
60.38525750549181
60.425247742250434
60.46523797900903
60.505228215767644
60.54521845252624
60.585208689284855
60.62519892604344
60.66518916280205
60.70517939956065
60.74516963631925
60.78515987307786
60.82515010983646
60.86514034659506
60.905130583353674
60.94512082011229
60.98511105687089
61.02510129362949
61.06509153038808
61.105081767146686
61.1450720039053
61.18506224066388
61.225052477422494
61.26504271418111
61.30503295093971
61.34502318769832
61.385013424456915
61.42500366121553
61.46499389797414
61.50498413473274
61.54497437149134
61.58496460824995
61.624954845008546
61.66494508176714
61.70493531852575
61.744925555284354
61.78491579204297
61.824906028801564
61.864896265560176
61.904886502318774
61.94487673907737
61.98486697583597
62.02485721259457
62.064847449353174
62.10483768611181
62.14482792287039
62.184818159629
62.2248083963876
62.26479863314621
62.30478886990481
62.34477910666341
62.38476934342199
62.424759580180634
62.46474981693922
62.50474005369782
62.54473029045643
62.58472052721504
62.62471076397364
62.66470100073225
62.70469123749084
62.74468147424945
62.78467171100806
62.82466194776666
62.86465218452527
62.90464242128386
62.944632658042465
62.984622894801085
63.024613131559676
63.06460336831827
63.1045936050769
63.14458384183549
63.1845740785941
63.224564315352694
63.264554552111306
63.3045447888699
63.34453502562851
63.38452526238712
63.42451549914573
63.464505735904325
63.504495972662916
63.544486209421535
63.58447644618013
63.62446668293873
63.66445691969734
63.704447156455934
63.74443739321455
63.78442762997316
63.824417866731764
63.86440810349035
63.90439834024895
63.944388577007565
63.98437881376617
64.02436905052478
64.06435928728337
64.104349524042
64.14433976080059
64.18432999755919
64.22432023431779
64.2643104710764
64.30430070783501
64.34429094459361
64.38428118135221
64.4242714181108
64.46426165486942
64.50425189162802
64.54424212838663
64.58423236514521
64.62422260190384
64.66421283866245
64.70420307542103
64.74419331217965
64.78418354893824
64.82417378569686
64.86416402245544
64.90415425921405
64.94414449597267
64.98413473273126
65.02412496948989
65.06411520624847
65.10410544300709
65.14409567976568
65.18408591652428
65.2240761532829
65.2640663900415
65.30405662680009
65.3440468635587
65.38403710031731
65.42402733707591
65.46401757383451
65.50400781059311
65.54399804735172
65.58398828411032
65.62397852086893
65.66396875762753
65.70395899438613
65.74394923114474
65.78393946790334
65.82392970466196
65.86391994142053
65.90391017817916
65.94390041493777
65.98389065169636
66.02388088845498
66.06387112521357
66.10386136197218
66.14385159873078
66.18384183548937
66.22383207224797
66.2638223090066
66.3038125457652
66.3438027825238
66.38379301928241
66.42378325604099
66.46377349279962
66.5037637295582
66.54375396631683
66.58374420307541
66.62373443983402
66.66372467659264
66.70371491335123
66.74370515010985
66.78369538686844
66.82368562362706
66.86367586038564
66.90366609714427
66.94365633390287
66.98364657066145
67.02363680742008
67.06362704417866
67.10361728093729
67.14360751769587
67.18359775445448
67.22358799121308
67.26357822797169
67.3035684647303
67.34355870148889
67.3835489382475
67.42353917500611
67.46352941176471
67.50351964852331
67.5435098852819
67.5835001220405
67.62349035879913
67.66348059555773
67.70347083231631
67.74346106907494
67.78345130583352
67.82344154259215
67.86343177935075
67.90342201610936
67.94341225286796
67.98340248962657
68.02339272638517
68.06338296314377
68.10337319990236
68.14336343666098
68.18335367341959
68.22334391017817
68.26333414693678
68.3033243836954
68.343314620454
68.38330485721261
68.4232950939712
68.4632853307298
68.5032755674884
68.54326580424701
68.58325604100563
68.62324627776422
68.66323651452284
68.70322675128143
68.74321698804003
68.78320722479863
68.82319746155724
68.86318769831584
68.90317793507445
68.94316817183307
68.98315840859165
69.02314864535026
69.06313888210886
69.10312911886747
69.14311935562607
69.18310959238467
69.22309982914328
69.26309006590188
69.30308030266049
69.3430705394191
69.3830607761777
69.4230510129363
69.46304124969491
69.5030314864535
69.54302172321209
69.5830119599707
69.62300219672932
69.66299243348791
69.70298267024653
69.74297290700513
69.78296314376371
69.82295338052234
69.86294361728093
69.90293385403953
69.94292409079816
69.98291432755674
70.02290456431537
70.06289480107395
70.10288503783256
70.14287527459116
70.18286551134976
70.22285574810837
70.26284598486698
70.3028362216256
70.3428264583842
70.3828166951428
70.42280693190138
70.46279716865999
70.50278740541862
70.54277764217721
70.58276787893581
70.62275811569441
70.66274835245301
70.70273858921162
70.74272882597022
70.78271906272883
70.82270929948743
70.86269953624603
70.90268977300464
70.94268000976325
70.98267024652185
71.02266048328045
71.06265072003904
71.10264095679767
71.14263119355627
71.18262143031485
71.22261166707347
71.26260190383206
71.30259214059069
71.34258237734927
71.38257261410789
71.42256285086648
71.46255308762508
71.5025433243837
71.5425335611423
71.58252379790092
71.62251403465952
71.66250427141811
71.70249450817671
71.74248474493533
71.7824749816939
71.82246521845254
71.86245545521112
71.90244569196975
71.94243592872834
71.98242616548696
72.02241640224557
72.06240663900414
72.10239687576276
72.14238711252135
72.18237734927996
72.22236758603856
72.26235782279716
72.30234805955578
72.34233829631438
72.38232853307298
72.42231876983158
72.46230900659019
72.5022992433488
72.5422894801074
72.58227971686601
72.62226995362461
72.66226019038321
72.70225042714182
72.74224066390042
72.78223090065902
72.82222113741763
72.86221137417623
72.90220161093482
72.94219184769344
72.98218208445205
73.02217232121063
73.06216255796924
73.10215279472786
73.14214303148646
73.18213326824507
73.22212350500365
73.26211374176226
73.30210397852088
73.34209421527947
73.3820844520381
73.42207468879668
73.4620649255553
73.5020551623139
73.54204539907249
73.58203563583112
73.62202587258969
73.6620161093483
73.70200634610691
73.74199658286551
73.78198681962412
73.82197705638272
73.86196729314132
73.90195752989993
73.94194776665853
73.98193800341713
74.02192824017573
74.06191847693434
74.10190871369295
74.14189895045155
74.18188918721017
74.22187942396874
74.26186966072736
74.30185989748598
74.34185013424457
74.3818403710032
74.42183060776178
74.4618208445204
74.50181108127899
74.54180131803759
74.5817915547962
74.6217817915548
74.66177202831341
74.701762265072
74.74175250183062
74.78174273858922
74.82173297534781
74.8617232121064
74.90171344886502
74.94170368562362
74.98169392238223
75.02168415914085
75.06167439589943
75.10166463265804
75.14165486941664
75.18164510617525
75.22163534293385
75.26162557969246
75.30161581645106
75.34160605320966
75.38159628996827
75.42158652672687
75.4615767634855
75.50156700024407
75.54155723700268
75.5815474737613
75.6215377105199
75.66152794727851
75.7015181840371
75.74150842079571
75.78149865755431
75.82148889431292
75.8614791310715
75.90146936783012
75.94145960458873
75.98144984134734
76.02144007810594
76.06143031486454
76.10142055162315
76.14141078838175
76.18140102514036
76.22139126189894
76.26138149865757
76.30137173541615
76.34136197217475
76.38135220893338
76.42134244569198
76.46133268245059
76.50132291920917
76.54131315596779
76.58130339272638
76.62129362948498
76.66128386624361
76.7012741030022
76.7412643397608
76.78125457651942
76.82124481327801
76.8612350500366
76.90122528679524
76.94121552355382
76.98120576031242
77.02119599707103
77.06118623382964
77.10117647058823
77.14116670734684
77.18115694410545
77.22114718086405
77.26113741762266
77.30112765438126
77.34111789113987
77.38110812789847
77.42109836465706
77.46108860141568
77.50107883817427
77.54106907493286
77.58105931169148
77.62104954845009
77.6610397852087
77.70103002196728
77.74102025872591
77.7810104954845
77.8210007322431
77.8609909690017
77.90098120576032
77.94097144251893
77.98096167927751
78.02095191603613
78.06094215279472
78.10093238955335
78.14092262631192
78.18091286307055
78.22090309982914
78.26089333658774
78.30088357334637
78.34087381010494
78.38086404686358
78.42085428362215
78.46084452038076
78.50083475713937
78.54082499389798
78.58081523065658
78.62080546741518
78.6607957041738
78.70078594093239
78.740776177691
78.7807664144496
78.82075665120821
78.8607468879668
78.90073712472542
78.94072736148402
78.98071759824262
79.02070783500123
79.06069807175982
79.10068830851841
79.14067854527701
79.18066878203564
79.22065901879424
79.26064925555285
79.30063949231146
79.34062972907005
79.38061996582866
79.42061020258726
79.46060043934587
79.50059067610447
79.54058091286306
79.58057114962168
79.62056138638027
79.6605516231389
79.70054185989748
79.7405320966561
79.7805223334147
79.8205125701733
79.86050280693189
79.9004930436905
79.94048328044913
79.98047351720771
80.02046375396633
80.06045399072491
80.10044422748354
80.14043446424212
80.18042470100073
80.22041493775933
80.26040517451794
80.30039541127655
80.34038564803512
80.38037588479376
80.42036612155235
80.46035635831097
80.50034659506954
80.54033683182816
80.58032706858677
80.62031730534537
80.660307542104
80.70029777886258
80.74028801562119
80.78027825237979
80.82026848913839
80.860258725897
80.90024896265561
80.94023919941422
80.9802294361728
81.0202196729314
81.06020990969002
81.10020014644863
81.14019038320724
81.18018061996584
81.22017085672444
81.26016109348305
81.30015133024165
81.34014156700025
81.38013180375886
81.42012204051744
81.46011227727607
81.50010251403467
81.54009275079325
81.58008298755189
81.62007322431049
81.66006346106909
81.70005369782768
81.74004393458628
81.78003417134488
81.8200244081035
81.86001464486209
81.9000048816207
81.93999511837931
81.9799853551379
82.01997559189651
82.0599658286551
82.09995606541372
82.13994630217232
82.17993653893093
82.21992677568952
82.25991701244814
82.29990724920674
82.33989748596532
82.37988772272395
82.41987795948255
82.45986819624115
82.49985843299976
82.53984866975837
82.57983890651698
82.61982914327557
82.65981938003418
82.69980961679278
82.73979985355138
82.77979009030997
82.8197803270686
82.8597705638272
82.8997608005858
82.93975103734442
82.97974127410299
83.0197315108616
83.05972174762022
83.09971198437881
83.13970222113741
83.17969245789604
83.21968269465461
83.25967293141323
83.29966316817183
83.33965340493043
83.37964364168904
83.41963387844763
83.45962411520625
83.49961435196485
83.53960458872346
83.57959482548208
83.61958506224067
83.65957529899927
83.69956553575787
83.73955577251648
83.77954600927507
83.81953624603369
83.85952648279228
83.89951671955089
83.9395069563095
83.97949719306811
84.01948742982668
84.05947766658531
84.0994679033439
84.1394581401025
84.17944837686112
84.21943861361972
84.25942885037834
84.29941908713693
84.33940932389555
84.37939956065415
84.41938979741273
84.45938003417135
84.49937027092994
84.53936050768853
84.57935074444715
84.61934098120577
84.6593312179644
84.69932145472296
84.73931169148157
84.77930192824016
84.81929216499879
84.85928240175738
84.89927263851598
84.9392628752746
84.9792531120332
85.0192433487918
85.0592335855504
85.09922382230901
85.13921405906761
85.17920429582622
85.21919453258481
85.25918476934342
85.29917500610205
85.33916524286062
85.37915547961924
85.41914571637783
85.45913595313645
85.49912618989504
85.53911642665366
85.57910666341226
85.61909690017086
85.65908713692947
85.69907737368806
85.73906761044668
85.77905784720527
85.81904808396388
85.85903832072248
85.89902855748109
85.9390187942397
85.9790090309983
86.01899926775693
86.0589895045155
86.09897974127409
86.13896997803272
86.17896021479132
86.21895045154992
86.25894068830851
86.29893092506711
86.33892116182572
86.37891139858432
86.41890163534293
86.45889187210155
86.49888210886013
86.53887234561874
86.57886258237735
86.61885281913597
86.65884305589455
86.69883329265315
86.73882352941177
86.77881376617034
86.81880400292899
86.85879423968757
86.8987844764462
86.9387747132048
86.97876494996339
87.01875518672202
87.05874542348059
87.0987356602392
87.1387258969978
87.17871613375641
87.21870637051498
87.2586966072736
87.29868684403222
87.33867708079083
87.37866731754943
87.41865755430801
87.45864779106662
87.49863802782525
87.53862826458385
87.57861850134245
87.61860873810107
87.65859897485966
87.69858921161826
87.73857944837687
87.77856968513547
87.81855992189409
87.85855015865268
87.89854039541129
87.93853063216989
87.97852086892848
88.0185111056871
88.05850134244571
88.09849157920428
88.1384818159629
88.17847205272152
88.2184622894801
88.25845252623873
88.29844276299733
88.33843299975592
88.37842323651454
88.41841347327313
88.45840371003175
88.49839394679032
88.53838418354894
88.57837442030755
88.61836465706614
88.65835489382475
88.69834513058333
88.73833536734196
88.77832560410056
88.81831584085919
88.85830607761777
88.89829631437638
88.93828655113498
88.97827678789358
89.0182670246522
89.05825726141077
89.09824749816939
89.138237734928
89.1782279716866
89.2182182084452
89.25820844520382
89.29819868196242
89.33818891872102
89.37817915547964
89.41816939223824
89.45815962899684
89.49814986575542
89.53814010251405
89.57813033927266
89.61812057603125
89.65811081278983
89.69810104954847
89.73809128630705
89.77808152306564
89.81807175982428
89.85806199658286
89.89805223334145
89.93804247010007
89.97803270685867
90.0180229436173
90.05801318037588
90.0980034171345
90.13799365389309
90.1779838906517
90.21797412741032
90.2579643641689
90.29795460092753
90.33794483768611
90.37793507444472
90.41792531120332
90.45791554796193
90.49790578472052
90.53789602147913
90.57788625823774
90.61787649499635
90.65786673175494
90.69785696851355
90.73784720527216
90.77783744203076
90.81782767878937
90.85781791554794
90.89780815230655
90.9377983890652
90.97778862582376
91.01777886258239
91.05776909934097
91.0977593360996
91.13774957285818
91.1777398096168
91.21773004637541
91.257720283134
91.29771051989262
91.33770075665122
91.37769099340981
91.4176812301684
91.45767146692702
91.4976617036856
91.53765194044422
91.57764217720282
91.61763241396145
91.65762265072004
91.69761288747866
91.73760312423725
91.77759336099585
91.81758359775446
91.85757383451306
91.89756407127167
91.93755430803027
91.97754454478886
92.01753478154747
92.05752501830607
92.09751525506469
92.13750549182329
92.1774957285819
92.2174859653405
92.2574762020991
92.29746643885771
92.33745667561632
92.37744691237491
92.41743714913353
92.45742738589212
92.49741762265073
92.53740785940933
92.57739809616794
92.61738833292654
92.65737856968514
92.69736880644373
92.73735904320235
92.77734927996094
92.81733951671954
92.85732975347815
92.89731999023675
92.93731022699538
92.97730046375396
93.01729070051258
93.05728093727116
93.0972711740298
93.13726141078837
93.17725164754698
93.2172418843056
93.25723212106419
93.29722235782282
93.33721259458142
93.37720283133999
93.41719306809863
93.45718330485721
93.49717354161581
93.53716377837443
93.57715401513305
93.61714425189163
93.65713448865023
93.69712472540884
93.73711496216745
93.77710519892602
93.81709543568465
93.85708567244325
93.89707590920186
93.93706614596049
93.97705638271907
94.01704661947767
94.05703685623627
94.09702709299488
94.13701732975349
94.17700756651207
94.21699780327069
94.25698804002928
94.2969782767879
94.3369685135465
94.3769587503051
94.41694898706373
94.4569392238223
94.49692946058092
94.53691969733953
94.57690993409811
94.61690017085672
94.65689040761535
94.69688064437393
94.73687088113255
94.77686111789113
94.81685135464974
94.85684159140834
94.89683182816694
94.93682206492556
94.97681230168416
95.01680253844279
95.05679277520136
95.09678301195996
95.13677324871857
95.17676348547717
95.21675372223578
95.25674395899438
95.296734195753
95.33672443251157
95.37671466927023
95.4167049060288
95.45669514278741
95.49668537954601
95.53667561630463
95.57666585306322
95.61665608982182
95.65664632658041
95.69663656333904
95.73662680009764
95.77661703685625
95.81660727361485
95.85659751037343
95.89658774713206
95.93657798389066
95.97656822064926
96.01655845740787
96.05654869416645
96.09653893092508
96.13652916768366
96.1765194044423
96.2165096412009
96.25649987795947
96.29649011471811
96.3364803514767
96.37647058823529
96.4164608249939
96.45645106175252
96.49644129851112
96.53643153526971
96.57642177202831
96.61641200878692
96.65640224554551
96.69639248230413
96.73638271906273
96.77637295582133
96.81636319257994
96.85635342933853
96.89634366609715
96.93633390285575
96.97632413961435
97.01631437637296
97.05630461313154
97.09629484989017
97.13628508664875
97.1762753234074
97.21626556016598
97.25625579692456
97.29624603368319
97.33623627044177
97.37622650720039
97.416216743959
97.45620698071758
97.49619721747618
97.5361874542348
97.5761776909934
97.61616792775202
97.65615816451063
97.69614840126923
97.73613863802782
97.77612887478642
97.81611911154504
97.85610934830362
97.89609958506225
97.93608982182084
97.97608005857947
98.01607029533805
98.05606053209667
98.09605076885526
98.13604100561385
98.17603124237246
98.21602147913107
98.25601171588968
98.29600195264828
98.33599218940688
98.37598242616548
98.41597266292409
98.4559628996827
98.4959531364413
98.5359433731999
98.57593360995853
98.61592384671711
98.6559140834757
98.69590432023432
98.7358945569929
98.77588479375152
98.81587503051013
98.85586526726871
98.89585550402734
98.93584574078594
98.97583597754453
99.01582621430315
99.05581645106176
99.09580668782037
99.13579692457895
99.17578716133755
99.21577739809617
99.25576763485478
99.29575787161338
99.33574810837197
99.37573834513057
99.4157285818892
99.4557188186478
99.4957090554064
99.53569929216499
99.57568952892362
99.61567976568222
99.65567000244081
99.69566023919941
99.73565047595801
99.77564071271664
99.81563094947523
99.85562118623383
99.89561142299245
99.93560165975106
99.97559189650966
100.01558213326824
100.05557237002682
100.09556260678546
100.13555284354405
100.17554308030267
100.21553331706127
100.25552355381987
100.29551379057848
100.33550402733707
100.37549426409569
100.41548450085428
100.45547473761289
100.49546497437149
100.53545521113008
100.57544544788871
100.6154356846473
100.65542592140594
100.69541615816452
100.73540639492313
100.77539663168173
100.81538686844033
100.8553771051989
100.89536734195754
100.93535757871612
100.97534781547475
101.01533805223335
101.05532828899194
101.09531852575056
101.13530876250914
101.17529899926777
101.21528923602636
101.25527947278496
101.29526970954358
101.33525994630216
101.37525018306079
101.41524041981938
101.45523065657798
101.4952208933366
101.53521113009518
101.5752013668538
101.6151916036124
101.655181840371
101.69517207712961
101.7351623138882
101.77515255064682
101.81514278740542
101.85513302416402
101.89512326092263
101.93511349768124
101.97510373443984
102.01509397119844
102.05508420795704
102.09507444471565
102.13506468147423
102.17505491823286
102.21504515499146
102.25503539175006
102.29502562850867
102.33501586526725
102.37500610202588
102.41499633878448
102.45498657554307
102.49497681230167
102.53496704906027
102.5749572858189
102.6149475225775
102.65493775933612
102.6949279960947
102.73491823285332
102.77490846961192
102.81489870637051
102.85488894312914
102.89487917988772
102.93486941664634
102.97485965340493
103.01484989016353
103.05484012692216
103.09483036368074
103.13482060043935
103.17481083719797
103.21480107395658
103.25479131071518
103.29478154747376
103.33477178423234
103.37476202099099
103.41475225774957
103.4547424945082
103.49473273126678
103.53472296802539
103.57471320478399
103.61470344154259
103.65469367830121
103.6946839150598
103.73467415181841
103.77466438857701
103.8146546253356
103.8546448620942
103.89463509885282
103.93462533561146
103.97461557237003
104.01460580912862
104.05459604588725
104.09458628264584
104.13457651940442
104.17456675616306
104.21455699292164
104.25454722968027
104.29453746643885
104.33452770319747
104.37451793995606
104.41450817671466
104.45449841347329
104.49448865023187
104.53447888699048
104.5744691237491
104.61445936050771
104.65444959726631
104.6944398340249
104.73443007078347
104.77442030754212
104.81441054430073
104.85440078105933
104.89439101781791
104.93438125457652
104.97437149133512
105.01436172809372
105.05435196485232
105.09434220161094
105.13433243836954
105.17432267512814
105.21431291188676
105.25430314864536
105.29429338540399
105.33428362216256
105.37427385892117
105.41426409567975
105.45425433243835
105.49424456919698
105.53423480595558
105.57422504271419
105.6142152794728
105.65420551623141
105.69419575299
105.73418598974862
105.7741762265072
105.81416646326579
105.85415670002442
105.89414693678302
105.93413717354161
105.97412741030023
106.01411764705881
106.05410788381745
106.09409812057604
106.1340883573346
106.17407859409326
106.21406883085186
106.25405906761046
106.29404930436905
106.33403954112765
106.37402977788626
106.41402001464488
106.45401025140347
106.49400048816207
106.53399072492067
106.57398096167928
106.6139711984379
106.6539614351965
106.69395167195509
106.73394190871369
106.7739321454723
106.81392238223088
106.85391261898951
106.89390285574811
106.93389309250671
106.97388332926532
107.01387356602393
107.05386380278253
107.09385403954113
107.13384427629973
107.17383451305834
107.21382474981692
107.25381498657555
107.29380522333415
107.33379546009277
107.37378569685136
107.41377593360997
107.45376617036858
107.49375640712717
107.53374664388579
107.57373688064438
107.61372711740299
107.6537173541616
107.69370759092018
107.73369782767881
107.7736880644374
107.81367830119603
107.85366853795458
107.8936587747132
107.93364901147183
107.97363924823043
108.01362948498905
108.05361972174762
108.09360995850622
108.13360019526482
108.17359043202345
108.21358066878207
108.25357090554066
108.29356114229927
108.33355137905784
108.37354161581645
108.41353185257506
108.45352208933366
108.49351232609226
108.53350256285086
108.57349279960947
108.61348303636808
108.65347327312669
108.69346350988528
108.7334537466439
108.77344398340249
108.8134342201611
108.8534244569197
108.8934146936783
108.93340493043692
108.9733951671955
109.01338540395412
109.05337564071269
109.09336587747131
109.13335611422991
109.17334635098852
109.21333658774714
109.25332682450573
109.29331706126436
109.33330729802296
109.37329753478154
109.41328777154015
109.45327800829877
109.49326824505734
109.53325848181598
109.57324871857458
109.61323895533317
109.65322919209177
109.6932194288504
109.73320966560901
109.77319990236758
109.81319013912619
109.85318037588479
109.89317061264342
109.93316084940201
109.9731510861606
110.01314132291924
110.05313155967782
110.09312179643639
110.13311203319503
110.17310226995362
110.21309250671223
110.25308274347083
110.29307298022943
110.33306321698805
110.37305345374664
110.41304369050522
110.45303392726386
110.49302416402244
110.53301440078107
110.5730046375397
110.61299487429827
110.65298511105688
110.69297534781546
110.73296558457409
110.77295582133269
110.81294605809128
110.85293629484988
110.89292653160851
110.93291676836711
110.97290700512569
111.0128972418843
111.0528874786429
111.09287771540153
111.13286795216013
111.17285818891871
111.21284842567735
111.25283866243593
111.29282889919455
111.33281913595314
111.37280937271173
111.41279960947034
111.45278984622895
111.49278008298754
111.53277031974616
111.57276055650476
111.61275079326333
111.65274103002197
111.69273126678056
111.73272150353918
111.77271174029778
111.8127019770564
111.85269221381499
111.89268245057357
111.9326726873322
111.9726629240908
112.01265316084942
112.05264339760801
112.09263363436662
112.13262387112522
112.1726141078838
112.21260434464244
112.25259458140103
112.29258481815961
112.33257505491824
112.37256529167684
112.41255552843546
112.45254576519406
112.49253600195266
112.53252623871126
112.57251647546985
112.61250671222848
112.65249694898706
112.69248718574565
112.73247742250429
112.77246765926286
112.81245789602147
112.85244813278008
112.8924383695387
112.9324286062973
112.97241884305589
113.01240907981449
113.0523993165731
113.09238955333171
113.13237979009031
113.17237002684891
113.21236026360754
113.25235050036612
113.2923407371247
113.33233097388333
113.37232121064193
113.41231144740055
113.45230168415915
113.49229192091772
113.53228215767636
113.57227239443498
113.61226263119354
113.65225286795217
113.69224310471077
113.73223334146938
113.77222357822795
113.81221381498659
113.85220405174518
113.89219428850376
113.93218452526239
113.97217476202098
114.01216499877961
114.0521552355382
114.0921454722968
114.13213570905542
114.172125945814
114.2121161825726
114.25210641933121
114.29209665608983
114.33208689284842
114.37207712960705
114.41206736636562
114.45205760312423
114.49204783988284
114.53203807664146
114.57202831340004
114.61201855015864
114.65200878691729
114.69199902367586
114.73198926043447
114.77197949719306
114.81196973395168
114.85195997071027
114.89195020746888
114.9319404442275
114.97193068098608
115.0119209177447
115.05191115450329
115.0919013912619
115.1318916280205
115.1718818647791
115.21187210153772
115.25186233829632
115.29185257505492
115.33184281181353
115.37183304857211
115.41182328533074
115.45181352208932
115.49180375884794
115.53179399560655
115.57178423236516
115.61177446912376
115.65176470588236
115.69175494264096
115.73174517939957
115.77173541615815
115.81172565291675
115.85171588967535
115.89170612643397
115.93169636319259
115.97168659995117
116.0116768367098
116.05166707346838
116.09165731022702
116.1316475469856
116.17163778374422
116.21162802050281
116.2516182572614
116.29160849402001
116.33159873077862
116.37158896753724
116.41157920429583
116.45156944105443
116.49155967781303
116.53154991457163
116.57154015133025
116.61153038808885
116.65152062484745
116.69151086160605
116.73150109836467
116.77149133512327
116.81148157188187
116.85147180864047
116.8914620453991
116.93145228215768
116.97144251891626
117.01143275567489
117.05142299243347
117.09141322919211
117.1314034659507
117.17139370270931
117.21138393946792
117.25137417622649
117.2913644129851
117.33135464974372
117.37134488650233
117.4113351232609
117.45132536001955
117.4913155967781
117.53130583353673
117.57129607029538
117.61128630705394
117.65127654381254
117.69126678057117
117.73125701732975
117.77124725408834
117.81123749084696
117.85122772760556
117.89121796436419
117.93120820112277
117.97119843788136
118.01118867464
118.05117891139857
118.0911691481572
118.1311593849158
118.1711496216744
118.211139858433
118.25113009519163
118.2911203319502
118.3311105687088
118.37110080546742
118.41109104222602
118.45108127898465
118.49107151574324
118.53106175250183
118.57105198926044
118.61104222601904
118.65103246277766
118.69102269953626
118.73101293629486
118.77100317305346
118.81099340981206
118.85098364657065
118.89097388332925
118.93096412008788
118.97095435684645
119.01094459360507
119.05093483036367
119.0909250671223
119.13091530388088
119.1709055406395
119.21089577739811
119.25088601415669
119.29087625091529
119.3308664876739
119.37085672443254
119.41084696119111
119.45083719794974
119.49082743470834
119.53081767146692
119.57080790822556
119.61079814498413
119.65078838174276
119.69077861850135
119.73076885525995
119.77075909201858
119.81074932877716
119.85073956553573
119.89072980229435
119.93072003905297
119.97071027581154
120.01070051257018
120.05069074932877
120.0906809860874
120.13067122284598
120.17066145960459
120.2106516963632
120.25064193312181
120.29063216988041
120.33062240663901
120.37061264339764
120.4106028801562
120.45059311691483
120.49058335367343
120.53057359043203
120.57056382719065
120.61055406394922
120.65054430070782
120.69053453746645
120.73052477422505
120.77051501098362
120.81050524774227
120.85049548450087
120.89048572125948
120.93047595801806
120.97046619477666
121.01045643153529
121.05044666829386
121.09043690505248
121.13042714181107
121.17041737856971
121.2104076153283
121.25039785208688
121.29038808884552
121.3303783256041
121.3703685623627
121.4103587991213
121.4503490358799
121.4903392726385
121.53032950939712
121.57031974615572
121.61030998291433
121.65030021967291
121.69029045643154
121.73028069319012
121.77027092994874
121.81026116670735
121.85025140346593
121.89024164022457
121.93023187698319
121.97022211374178
122.01021235050038
122.05020258725898
122.09019282401758
122.13018306077616
122.17017329753477
122.21016353429337
122.25015377105203
122.2901440078106
122.3301342445692
122.37012448132776
122.41011471808639
122.45010495484499
122.49009519160361
122.53008542836221
122.57007566512084
122.61006590187942
122.65005613863804
122.69004637539663
122.73003661215523
122.77002684891383
122.81001708567246
122.85000732243105
122.88999755918965
122.92998779594828
122.96997803270685
123.00996826946547
123.04995850622407
123.08994874298268
123.12993897974127
123.1699292164999
123.20991945325848
123.24990969001709
123.28989992677572
123.32989016353427
123.36988040029291
123.4098706370515
123.44986087381008
123.48985111056871
123.52984134732733
123.56983158408595
123.60982182084452
123.64981205760313
123.68980229436173
123.72979253112035
123.76978276787895
123.80977300463755
123.84976324139612
123.88975347815474
123.92974371491337
123.96973395167194
124.00972418843055
124.04971442518914
124.08970466194778
124.12969489870635
124.169685135465
124.20967537222361
124.24966560898218
124.28965584574078
124.32964608249938
124.369636319258
124.40962655601659
124.4496167927752
124.48960702953381
124.52959726629243
124.56958750305103
124.60957773980962
124.64956797656825
124.68955821332682
124.72954845008545
124.76953868684399
124.80952892360263
124.84951916036127
124.88950939711985
124.92949963387844
124.96948987063706
125.00948010739565
125.04947034415426
125.08946058091286
125.12945081767145
125.16944105443008
125.20943129118868
125.24942152794728
125.28941176470589
125.3294020014645
125.3693922382231
125.40938247498168
125.4493727117403
125.4893629484989
125.52935318525749
125.56934342201612
125.6093336587747
125.64932389553331
125.68931413229193
125.72930436905054
125.76929460580914
125.80928484256772
125.84927507932633
125.88926531608493
125.92925555284353
125.96924578960217
126.00923602636075
126.04922626311935
126.08921649987796
126.12920673663653
126.16919697339517
126.2091872101538
126.2491774469124
126.28916768367098
126.32915792042957
126.3691481571882
126.40913839394678
126.44912863070539
126.48911886746399
126.52910910422261
126.56909934098121
126.6090895777398
126.64907981449844
126.68907005125702
126.72906028801563
126.76905052477424
126.80904076153283
126.84903099829145
126.88902123505005
126.92901147180865
126.96900170856726
127.00899194532583
127.04898218208444
127.08897241884307
127.12896265560167
127.16895289236027
127.20894312911886
127.24893336587746
127.28892360263607
127.32891383939469
127.36890407615329
127.40889431291187
127.44888454967051
127.4888747864291
127.52886502318768
127.56885525994632
127.6088454967049
127.64883573346353
127.68882597022211
127.7288162069807
127.76880644373932
127.8087966804979
127.84878691725655
127.88877715401513
127.92876739077374
127.96875762753234
128.00874786429094
128.04873810104957
128.08872833780816
128.12871857456673
128.16870881132536
128.208699048084
128.24868928484258
128.28867952160118
128.32866975835978
128.36865999511838
128.40865023187698
128.44864046863557
128.4886307053942
128.5286209421528
128.5686111789114
128.60860141567002
128.6485916524286
128.68858188918722
128.7285721259458
128.76856236270442
128.80855259946304
128.8485428362216
128.88853307298024
128.92852330973884
128.96851354649743
129.00850378325603
129.0484940200147
129.08848425677326
129.12847449353185
129.16846473029042
129.20845496704905
129.24844520380768
129.28843544056627
129.3284256773249
129.36841591408347
129.40840615084207
129.44839638760067
129.4883866243593
129.5283768611179
129.5683670978765
129.60835733463512
129.6483475713937
129.6883378081523
129.72832804491088
129.76831828166954
129.8083085184281
129.84829875518673
129.88828899194533
129.92827922870396
129.96826946546253
130.0082597022211
130.04824993897978
130.08824017573835
130.12823041249695
130.16822064925555
130.20821088601417
130.2482011227728
130.28819135953137
130.32818159629
130.36817183304856
130.4081620698072
130.4481523065658
130.4881425433244
130.528132780083
130.56812301684158
130.60811325360018
130.6481034903588
130.6880937271174
130.728083963876
130.76807420063463
130.80806443739323
130.84805467415183
130.88804491091042
130.92803514766902
130.96802538442762
131.00801562118622
131.04800585794487
131.08799609470344
131.12798633146204
131.16797656822064
131.20796680497926
131.24795704173786
131.28794727849646
131.32793751525506
131.36792775201368
131.40791798877225
131.44790822553088
131.48789846228948
131.52788869904808
131.56787893580668
131.6078691725653
131.64785940932393
131.6878496460825
131.72783988284107
131.76783011959972
131.80782035635832
131.84781059311695
131.88780082987554
131.92779106663414
131.9677813033927
132.0077715401513
132.04776177690997
132.08775201366853
132.12774225042713
132.16773248718573
132.20772272394436
132.24771296070296
132.28770319746155
132.32769343422018
132.36768367097875
132.40767390773738
132.44766414449595
132.48765438125457
132.5276446180132
132.56763485477177
132.6076250915304
132.64761532828902
132.6876055650476
132.7275958018062
132.76758603856481
132.8075762753234
132.84756651208198
132.88755674884064
132.92754698559924
132.96753722235783
133.0075274591164
133.04751769587506
133.08750793263366
133.12749816939223
133.16748840615082
133.20747864290948
133.24746887966805
133.28745911642665
133.32744935318527
133.36743958994387
133.40742982670247
133.44742006346107
133.4874103002197
133.5274005369783
133.5673907737369
133.60738101049552
133.6473712472541
133.68736148401268
133.72735172077128
133.7673419575299
133.80733219428853
133.84732243104713
133.88731266780573
133.92730290456433
133.9672931413229
134.0072833780815
134.04727361484015
134.08726385159872
134.12725408835732
134.16724432511592
134.20723456187457
134.24722479863314
134.28721503539174
134.32720527215037
134.36719550890896
134.40718574566756
134.44717598242616
134.4871662191848
134.52715645594338
134.56714669270198
134.6071369294606
134.6471271662192
134.68711740297778
134.7271076397364
134.767097876495
134.8070881132536
134.84707835001223
134.88706858677082
134.92705882352942
134.967049060288
135.00703929704662
135.04702953380524
135.0870197705638
135.1270100073224
135.167000244081
135.20699048083964
135.24698071759826
135.28697095435683
135.32696119111546
135.36695142787406
135.40694166463263
135.44693190139125
135.48692213814988
135.52691237490848
135.56690261166705
135.60689284842567
135.6468830851843
135.68687332194287
135.7268635587015
135.7668537954601
135.80684403221872
135.84683426897732
135.88682450573592
135.9268147424945
135.96680497925314
136.0067952160117
136.04678545277034
136.08677568952893
136.12676592628753
136.1667561630461
136.20674639980473
136.24673663656336
136.28672687332195
136.32671711008055
136.36670734683918
136.40669758359778
136.44668782035635
136.48667805711497
136.52666829387357
136.56665853063217
136.6066487673908
136.6466390041494
136.686629240908
136.7266194776666
136.76660971442521
136.80659995118378
136.8465901879424
136.886580424701
136.9265706614596
136.9665608982182
137.0065511349768
137.04654137173543
137.08653160849403
137.12652184525263
137.16651208201125
137.20650231876985
137.24649255552845
137.28648279228702
137.32647302904567
137.36646326580427
137.40645350256287
137.44644373932147
137.48643397608006
137.52642421283866
137.56641444959726
137.60640468635592
137.64639492311449
137.68638515987308
137.72637539663168
137.7663656333903
137.8063558701489
137.84634610690748
137.88633634366613
137.9263265804247
137.9663168171833
138.0063070539419
138.04629729070052
138.08628752745912
138.12627776421772
138.16626800097637
138.20625823773494
138.24624847449354
138.28623871125214
138.32622894801074
138.36621918476934
138.406209421528
138.44619965828656
138.48618989504516
138.52618013180376
138.56617036856235
138.60616060532098
138.64615084207958
138.6861410788382
138.72613131559677
138.7661215523554
138.806111789114
138.8461020258726
138.88609226263122
138.92608249938982
138.9660727361484
139.006062972907
139.04605320966562
139.08604344642418
139.1260336831828
139.1660239199414
139.20601415670004
139.24600439345863
139.28599463021723
139.32598486697583
139.36597510373443
139.40596534049305
139.44595557725162
139.48594581401025
139.52593605076885
139.56592628752742
139.6059165242861
139.64590676104467
139.68589699780327
139.72588723456187
139.7658774713205
139.80586770807906
139.8458579448377
139.88584818159632
139.92583841835489
139.96582865511348
140.0058188918721
140.04580912863074
140.08579936538933
140.1257896021479
140.16577983890653
140.20577007566513
140.24576031242373
140.28575054918232
140.32574078594095
140.36573102269952
140.40572125945818
140.44571149621675
140.48570173297537
140.52569196973397
140.56568220649257
140.6056724432512
140.64566268000976
140.6856529167684
140.72564315352696
140.7656333902856
140.8056236270442
140.84561386380275
140.8856041005614
140.92559433731998
140.9655845740786
141.00557481083723
141.0455650475958
141.08555528435443
141.125545521113
141.16553575787162
141.20552599463025
141.24551623138882
141.28550646814742
141.32549670490602
141.36548694166464
141.40547717842324
141.44546741518184
141.48545765194044
141.52544788869906
141.56543812545766
141.6054283622163
141.64541859897486
141.68540883573345
141.72539907249205
141.76538930925068
141.80537954600928
141.84536978276788
141.8853600195265
141.92535025628507
141.9653404930437
142.00533072980227
142.0453209665609
142.08531120331952
142.1253014400781
142.16529167683674
142.20528191359534
142.2452721503539
142.28526238711254
142.32525262387114
142.3652428606297
142.40523309738836
142.44522333414693
142.48521357090556
142.52520380766413
142.56519404442273
142.60518428118138
142.64517451793995
142.68516475469855
142.72515499145715
142.76514522821577
142.8051354649744
142.84512570173297
142.8851159384916
142.92510617525016
142.96509641200876
143.0050866487674
143.04507688552602
143.0850671222846
143.12505735904318
143.16504759580184
143.2050378325604
143.24502806931903
143.28501830607763
143.32500854283623
143.36499877959483
143.40498901635343
143.44497925311202
143.48496948987065
143.52495972662925
143.5649499633878
143.60494020014647
143.64493043690507
143.68492067366367
143.72491091042224
143.76490114718086
143.8048913839395
143.84488162069806
143.8848718574567
143.92486209421526
143.9648523309739
144.00484256773245
144.04483280449114
144.08482304124968
144.12481327800828
144.16480351476693
144.20479375152553
144.2447839882841
144.2847742250427
144.32476446180132
144.36475469855992
144.40474493531852
144.44473517207712
144.48472540883574
144.5247156455943
144.5647058823529
144.60469611911157
144.64468635587016
144.68467659262876
144.72466682938733
144.76465706614596
144.80464730290456
144.84463753966315
144.88462777642178
144.92461801318038
144.96460824993898
145.0045984866976
145.04458872345623
145.0845789602148
145.12456919697337
145.16455943373202
145.20454967049062
145.24453990724922
145.28453014400782
145.32452038076642
145.36451061752504
145.40450085428364
145.4444910910422
145.48448132780084
145.5244715645594
145.56446180131803
145.60445203807666
145.64444227483526
145.68443251159385
145.72442274835245
145.76441298511105
145.80440322186965
145.84439345862828
145.88438369538687
145.92437393214547
145.9643641689041
146.0043544056627
146.04434464242127
146.0843348791799
146.1243251159385
146.16431535269714
146.2043055894557
146.2442958262143
146.2842860629729
146.3242762997315
146.36426653649013
146.40425677324873
146.4442470100073
146.48423724676593
146.52422748352453
146.56421772028312
146.60420795704175
146.64419819380032
146.68418843055895
146.72417866731755
146.7641689040762
146.80415914083477
146.84414937759337
146.88413961435197
146.9241298511106
146.9641200878692
147.0041103246278
147.0441005613864
147.08409079814498
147.12408103490355
147.16407127166224
147.2040615084208
147.24405174517938
147.284041981938
147.3240322186966
147.36402245545526
147.40401269221383
147.4440029289724
147.48399316573102
147.52398340248965
147.56397363924825
147.60396387600684
147.64395411276544
147.68394434952404
147.72393458628264
147.7639248230413
147.80391505979986
147.84390529655846
147.88389553331706
147.92388577007569
147.96387600683425
148.00386624359288
148.04385648035145
148.08384671711008
148.12383695386868
148.1638271906273
148.2038174273859
148.2438076641445
148.2837979009031
148.32378813766172
148.36377837442035
148.40376861117892
148.4437588479375
148.48374908469611
148.5237393214547
148.56372955821337
148.60371979497197
148.64371003173054
148.68370026848913
148.72369050524773
148.7636807420064
148.80367097876496
148.84366121552355
148.88365145228218
148.9236416890408
148.9636319257994
149.00362216255797
149.0436123993166
149.08360263607517
149.12359287283377
149.1635831095924
149.203573346351
149.2435635831096
149.2835538198682
149.32354405662682
149.3635342933854
149.403524530144
149.44351476690258
149.48350500366124
149.5234952404198
149.56348547717843
149.60347571393706
149.64346595069563
149.68345618745423
149.7234464242128
149.76343666097148
149.80342689773005
149.84341713448867
149.88340737124724
149.92339760800587
149.96338784476447
150.00337808152307
150.0433683182817
150.0833585550403
150.12334879179886
150.16333902855752
150.20332926531609
150.24331950207468
150.28330973883328
150.32329997559188
150.3632902123505
150.4032804491091
150.4432706858677
150.48326092262633
150.52325115938493
150.56324139614352
150.60323163290212
150.64322186966075
150.68321210641932
150.72320234317792
150.76319257993654
150.80318281669514
150.84317305345374
150.88316329021237
150.923153526971
150.96314376372956
151.00313400048813
151.04312423724676
151.08311447400536
151.12310471076398
151.1630949475226
151.2030851842812
151.2430754210398
151.28306565779837
151.32305589455703
151.36304613131563
151.4030363680742
151.4430266048328
151.48301684159142
151.52300707835002
151.56299731510862
151.60298755186724
151.64297778862584
151.6829680253844
151.722958262143
151.76294849890166
151.80293873566023
151.84292897241886
151.88291920917746
151.92290944593606
151.96289968269468
152.00288991945325
152.04288015621188
152.08287039297048
152.12286062972908
152.1628508664877
152.2028411032463
152.24283134000487
152.2828215767635
152.3228118135221
152.36280205028072
152.4027922870393
152.4427825237979
152.48277276055651
152.52276299731514
152.5627532340737
152.6027434708323
152.6427337075909
152.6827239443495
152.72271418110813
152.76270441786676
152.80269465462533
152.84268489138395
152.88267512814255
152.92266536490118
152.96265560165978
153.00264583841835
153.04263607517697
153.08262631193557
153.12261654869414
153.16260678545277
153.20259702221142
153.24258725896996
153.2825774957286
153.32256773248722
153.3625579692458
153.4025482060044
153.442538442763
153.4825286795216
153.52251891628023
153.56250915303883
153.60249938979743
153.64248962655603
153.6824798633146
153.7224701000732
153.76246033683185
153.80245057359048
153.84244081034902
153.88243104710764
153.92242128386624
153.96241152062484
154.00240175738344
154.04239199414206
154.08238223090066
154.1223724676593
154.16236270441786
154.20235294117646
154.24234317793508
154.28233341469368
154.3223236514523
154.3623138882109
154.4023041249695
154.4422943617281
154.4822845984867
154.52227483524533
154.5622650720039
154.60225530876252
154.64224554552112
154.68223578227975
154.7222260190383
154.76221625579694
154.8022064925555
154.8421967293141
154.88218696607274
154.92217720283136
154.96216743958996
155.00215767634853
155.04214791310716
155.08213814986573
155.12212838662438
155.16211862338295
155.20210886014158
155.24209909690018
155.28208933365875
155.3220795704174
155.362069807176
155.40206004393457
155.4420502806932
155.48204051745182
155.5220307542104
155.562020990969
155.60201122772762
155.6420014644862
155.6819917012448
155.7219819380034
155.76197217476204
155.80196241152063
155.84195264827923
155.88194288503786
155.92193312179649
155.96192335855503
156.00191359531362
156.04190383207225
156.08189406883085
156.12188430558945
156.16187454234807
156.2018647791067
156.24185501586527
156.28184525262384
156.32183548938252
156.3618257261411
156.4018159628997
156.4418061996583
156.48179643641691
156.52178667317548
156.56177690993408
156.60176714669274
156.64175738345133
156.68174762020988
156.72173785696853
156.76172809372716
156.8017183304857
156.8417085672443
156.88169880400292
156.92168904076152
156.9616792775201
157.00166951427875
157.04165975103734
157.08164998779597
157.12164022455454
157.16163046131317
157.2016206980718
157.24161093483036
157.28160117158893
157.3215914083476
157.36158164510618
157.40157188186478
157.44156211862338
157.481552355382
157.5215425921406
157.5615328288992
157.6015230656578
157.64151330241643
157.68150353917497
157.7214937759336
157.76148401269222
157.80147424945085
157.84146448620942
157.88145472296804
157.92144495972664
157.96143519648524
158.00142543324384
158.04141567000246
158.08140590676106
158.12139614351963
158.16138638027826
158.20137661703683
158.24136685379545
158.28135709055402
158.32134732731268
158.36133756407128
158.40132780082985
158.44131803758847
158.48130827434707
158.5212985111057
158.5612887478643
158.60127898462292
158.64126922138152
158.6812594581401
158.7212496948987
158.76123993165731
158.80123016841594
158.8412204051745
158.88121064193314
158.92120087869174
158.9611911154503
159.00118135220893
159.04117158896753
159.08116182572613
159.12115206248475
159.16114229924335
159.20113253600198
159.24112277276055
159.28111300951917
159.3211032462778
159.36109348303637
159.40108371979497
159.44107395655357
159.4810641933122
159.52105443007082
159.5610446668294
159.60103490358802
159.6410251403466
159.68101537710518
159.72100561386378
159.76099585062244
159.800986087381
159.8409763241396
159.88096656089826
159.9209567976568
159.96094703441543
160.000937271174
160.04092750793265
160.08091774469122
160.12090798144982
160.16089821820847
160.20088845496707
160.24087869172564
160.28086892848424
160.3208591652429
160.36084940200146
160.40083963876006
160.44082987551866
160.4808201122773
160.52081034903588
160.56080058579448
160.6007908225531
160.6407810593117
160.68077129607025
160.72076153282885
160.76075176958753
160.8007420063461
160.8407322431047
160.88072247986335
160.92071271662195
160.96070295338052
161.0006931901391
161.04068342689777
161.0806736636563
161.1206639004149
161.16065413717354
161.20064437393216
161.24063461069073
161.28062484744933
161.320615084208
161.36060532096658
161.40059555772515
161.44058579448375
161.48057603124238
161.52056626800098
161.56055650475957
161.60054674151817
161.64053697827677
161.6805272150354
161.720517451794
161.76050768855262
161.80049792531122
161.84048816206982
161.88047839882844
161.92046863558704
161.9604588723456
162.00044910910424
162.0404393458628
162.08042958262143
162.12041981938003
162.16041005613866
162.20040029289726
162.24039052965585
162.28038076641448
162.32037100317308
162.36036123993168
162.40035147669025
162.44034171344887
162.48033195020747
162.5203221869661
162.56031242372467
162.6003026604833
162.6402928972419
162.6802831340005
162.7202733707591
162.76026360751771
162.80025384427628
162.84024408103488
162.88023431779354
162.92022455455214
162.9602147913107
163.00020502806933
163.0401952648279
163.0801855015865
163.12017573834515
163.16016597510378
163.20015621186235
163.24014644862098
163.28013668537955
163.32012692213817
163.36011715889677
163.40010739565537
163.44009763241394
163.48008786917256
163.5200781059312
163.56006834268976
163.6000585794484
163.640048816207
163.68003905296555
163.72002928972418
163.76001952648278
163.8000097632414
163.84
163.87999023675863
163.91998047351723
163.9599707102758
163.99996094703442
164.03995118379302
164.07994142055162
164.1199316573102
164.15992189406884
164.19991213082744
164.239902367586
164.27989260434464
164.31988284110327
164.35987307786186
164.39986331462046
164.43985355137903
164.47984378813766
164.51983402489628
164.55982426165485
164.59981449841348
164.63980473517208
164.67979497193065
164.71978520868927
164.7597754454479
164.7997656822065
164.8397559189651
164.87974615572372
164.9197363924823
164.95972662924092
164.99971686599952
165.0397071027581
165.07969733951674
165.1196875762753
165.15967781303397
165.1996680497925
165.23965828655113
165.27964852330973
165.31963876006836
165.35962899682696
165.39961923358555
165.43960947034418
165.47959970710275
165.51958994386138
165.55958018061995
165.59957041737857
165.6395606541372
165.6795508908958
165.7195411276544
165.759531364413
165.7995216011716
165.83951183793016
165.87950207468884
165.91949231144739
165.95948254820598
165.99947278496458
166.0394630217232
166.0794532584818
166.11944349524043
166.15943373199903
166.19942396875763
166.23941420551625
166.27940444227482
166.31939467903345
166.35938491579208
166.39937515255065
166.43936538930922
166.47935562606787
166.51934586282647
166.55933609958504
166.59932633634367
166.63931657310226
166.67930680986086
166.7192970466195
166.7592872833781
166.79927752013668
166.83926775689525
166.8792579936539
166.9192482304125
166.95923846717108
166.9992287039297
167.03921894068833
167.07920917744693
167.11919941420553
167.15918965096415
167.19917988772272
167.23917012448135
167.27916036123992
167.31915059799854
167.35914083475717
167.39913107151574
167.43912130827437
167.47911154503296
167.51910178179156
167.55909201855013
167.5990822553088
167.63907249206738
167.67906272882595
167.71905296558455
167.7590432023432
167.79903343910178
167.83902367586037
167.879013912619
167.9190041493776
167.95899438613623
167.9989846228948
168.03897485965337
168.07896509641202
168.11895533317062
168.15894556992924
168.1989358066878
168.2389260434464
168.278916280205
168.31890651696364
168.35889675372223
168.39888699048086
168.43887722723943
168.47886746399806
168.51885770075668
168.55884793751525
168.59883817427385
168.63882841103248
168.6788186477911
168.71880888454967
168.7587991213083
168.79878935806687
168.83877959482547
168.8787698315841
168.9187600683427
168.9587503051013
168.9987405418599
169.0387307786185
169.07872101537706
169.1187112521357
169.1587014888943
169.1986917256529
169.23868196241153
169.27867219917013
169.3186624359288
169.35865267268733
169.39864290944593
169.43863314620452
169.47862338296315
169.51861361972175
169.55860385648032
169.59859409323897
169.63858432999757
169.67857456675617
169.71856480351477
169.7585550402734
169.79854527703196
169.83853551379056
169.8785257505492
169.91851598730779
169.9585062240664
169.99849646082498
170.0384866975836
170.07847693434223
170.1184671711008
170.15845740785943
170.19844764461803
170.23843788137663
170.27842811813522
170.31841835489385
170.35840859165245
170.39839882841105
170.43838906516962
170.47837930192827
170.51836953868684
170.55835977544547
170.5983500122041
170.63834024896266
170.67833048572123
170.71832072247986
170.7583109592385
170.79830119599706
170.83829143275565
170.87828166951428
170.9182719062729
170.9582621430315
170.99825237979007
171.0382426165487
171.07823285330733
171.1182230900659
171.15821332682452
171.1982035635831
171.23819380034172
171.27818403710032
171.31817427385894
171.35816451061754
171.3981547473761
171.43814498413468
171.47813522089336
171.51812545765193
171.55811569441053
171.59810593116916
171.63809616792776
171.67808640468635
171.71807664144495
171.75806687820358
171.79805711496218
171.83804735172077
171.8780375884794
171.91802782523803
171.9580180619966
171.99800829875517
172.03799853551385
172.07798877227236
172.117979009031
172.15796924578964
172.19795948254819
172.2379497193068
172.27793995606544
172.317930192824
172.35792042958263
172.39791066634126
172.43790090309983
172.47789113985843
172.51788137661703
172.55787161337562
172.59786185013422
172.63785208689282
172.67784232365145
172.71783256041005
172.75782279716864
172.79781303392724
172.83780327068587
172.8777935074445
172.9177837442031
172.9577739809617
172.99776421772026
173.03775445447891
173.07774469123748
173.11773492799608
173.1577251647547
173.1977154015133
173.23770563827193
173.2776958750305
173.3176861117891
173.3576763485477
173.3976665853063
173.4376568220649
173.47764705882355
173.51763729558215
173.5576275323407
173.59761776909934
173.63760800585797
173.67759824261654
173.71758847937514
173.75757871613376
173.7975689528924
173.83755918965093
173.8775494264096
173.91753966316818
173.95752989992678
173.99752013668538
174.03751037344404
174.0775006102026
174.11749084696118
174.1574810837198
174.1974713204784
174.23746155723703
174.2774517939956
174.31744203075422
174.35743226751282
174.3974225042714
174.43741274102996
174.47740297778864
174.5173932145472
174.55738345130584
174.59737368806444
174.63736392482303
174.67735416158166
174.71734439834023
174.75733463509886
174.79732487185743
174.83731510861602
174.87730534537468
174.91729558213325
174.95728581889188
174.9972760556505
175.03726629240913
175.0772565291677
175.1172467659263
175.1572370026849
175.19722723944352
175.23721747620215
175.27720771296072
175.31719794971931
175.3571881864779
175.3971784232365
175.43716865999505
175.47715889675374
175.5171491335123
175.55713937027093
175.5971296070295
175.63711984378818
175.67711008054675
175.71710031730535
175.75709055406392
175.79708079082258
175.83707102758115
175.87706126433977
175.91705150109834
175.95704173785697
175.9970319746156
176.0370222113742
176.07701244813276
176.11700268489142
176.15699292165
176.19698315840856
176.2369733951672
176.2769636319258
176.3169538686844
176.35694410544303
176.39693434220158
176.4369245789602
176.47691481571883
176.51690505247745
176.55689528923602
176.59688552599465
176.63687576275325
176.67686599951185
176.71685623627042
176.75684647302907
176.79683670978764
176.83682694654627
176.8768171833049
176.9168074200635
176.95679765682206
176.99678789358063
177.03677813033931
177.07676836709788
177.11675860385645
177.1567488406151
177.19673907737368
177.23672931413228
177.2767195508909
177.3167097876495
177.35670002440813
177.39669026116667
177.43668049792532
177.47667073468392
177.51666097144255
177.55665120820112
177.59664144495977
177.63663168171837
177.67662191847694
177.71661215523554
177.75660239199414
177.79659262875276
177.8365828655113
177.87657310226996
177.91656333902856
177.95655357578715
177.99654381254578
178.0365340493044
178.07652428606295
178.11651452282155
178.15650475958017
178.19649499633877
178.2364852330974
178.276475469856
178.31646570661462
178.3564559433732
178.3964461801318
178.4364364168904
178.476426653649
178.51641689040764
178.5564071271662
178.59639736392484
178.6363876006834
178.67637783744203
178.71636807420066
178.75635831095929
178.79634854771783
178.83633878447648
178.87632902123508
178.91631925799368
178.95630949475225
178.99629973151085
179.0362899682695
179.0762802050281
179.1162704417867
179.15626067854532
179.19625091530392
179.2362411520625
179.2762313888211
179.31622162557966
179.3562118623383
179.39620209909694
179.4361923358555
179.4761825726141
179.51617280937273
179.55616304613127
179.59615328288993
179.63614351964856
179.67613375640715
179.71612399316572
179.7561142299244
179.7961044666829
179.83609470344155
179.87608494020014
179.91607517695874
179.95606541371734
179.99605565047597
180.0360458872346
180.07603612399316
180.11602636075176
180.15601659751042
180.196006834269
180.2359970710276
180.27598730778618
180.3159775445448
180.3559677813034
180.39595801806198
180.43594825482063
180.4759384915792
180.5159287283378
180.5559189650964
180.59590920185505
180.63589943861362
180.67588967537222
180.71587991213082
180.75587014888944
180.79586038564804
180.83585062240664
180.87584085916524
180.91583109592386
180.95582133268246
180.99581156944103
181.0358018061997
181.07579204295826
181.11578227971683
181.15577251647548
181.19576275323408
181.2357529899927
181.27574322675125
181.31573346350987
181.35572370026853
181.3957139370271
181.43570417378567
181.47569441054432
181.51568464730292
181.55567488406152
181.59566512082014
181.63565535757874
181.67564559433734
181.71563583109588
181.75562606785456
181.7956163046131
181.83560654137176
181.8755967781304
181.91558701488896
181.95557725164753
181.99556748840618
182.03555772516478
182.07554796192335
182.11553819868195
182.15552843544057
182.1955186721992
182.23550890895774
182.27549914571637
182.31548938247496
182.3554796192336
182.39546985599216
182.43546009275082
182.4754503295094
182.515440566268
182.5554308030266
182.59542103978524
182.63541127654386
182.67540151330243
182.715391750061
182.75538198681963
182.79537222357828
182.8353624603368
182.87535269709542
182.91534293385405
182.95533317061262
182.9953234073712
183.03531364412987
183.07530388088844
183.11529411764707
183.15528435440564
183.19527459116424
183.2352648279229
183.2752550646815
183.3152453014401
183.35523553819866
183.3952257749573
183.43521601171588
183.4752062484745
183.5151964852331
183.5551867219917
183.59517695875033
183.63516719550893
183.67515743226753
183.71514766902612
183.75513790578478
183.79512814254335
183.83511837930195
183.87510861606054
183.91509885281914
183.9550890895777
183.99507932633637
184.03506956309494
184.07505979985353
184.11505003661213
184.15504027337076
184.19503051012938
184.23502074688793
184.27501098364658
184.31500122040518
184.3549914571638
184.3949816939224
184.434971930681
184.47496216743957
184.5149524041982
184.55494264095682
184.59493287771542
184.63492311447402
184.67491335123265
184.71490358799116
184.75489382474981
184.79488406150844
184.83487429826707
184.8748645350256
184.91485477178423
184.9548450085428
184.99483524530146
185.03482548206009
185.07481571881866
185.11480595557725
185.15479619233588
185.19478642909448
185.23477666585308
185.27476690261165
185.31475713937027
185.35474737612887
185.39473761288747
185.4347278496461
185.4747180864047
185.5147083231633
185.5546985599219
185.59468879668054
185.63467903343908
185.67466927019768
185.7146595069563
185.75464974371494
185.7946399804735
185.8346302172321
185.87462045399076
185.91461069074933
185.95460092750793
185.99459116426655
186.03458140102515
186.07457163778372
186.11456187454232
186.15455211130097
186.1945423480596
186.23453258481817
186.27452282157674
186.3145130583354
186.35450329509396
186.39449353185256
186.4344837686112
186.47447400536976
186.51446424212838
186.554454478887
186.59444471564564
186.6344349524042
186.67442518916283
186.7144154259214
186.75440566267997
186.79439589943857
186.83438613619725
186.87437637295582
186.91436660971442
186.95435684647305
186.99434708323162
187.03433731999027
187.07432755674887
187.11431779350744
187.1543080302661
187.19429826702466
187.23428850378326
187.27427874054186
187.31426897730046
187.35425921405906
187.39424945081768
187.43423968757625
187.4742299243349
187.51422016109348
187.55421039785205
187.5942006346107
187.6341908713693
187.67418110812793
187.7141713448865
187.75416158164512
187.79415181840372
187.83414205516235
187.87413229192097
187.9141225286795
187.95411276543814
187.9941030021967
188.03409323895534
188.07408347571393
188.11407371247253
188.15406394923116
188.19405418598976
188.23404442274835
188.27403465950698
188.31402489626558
188.35401513302415
188.39400536978278
188.43399560654137
188.47398584329997
188.51397608005857
188.55396631681714
188.5939565535758
188.63394679033442
188.673937027093
188.7139272638516
188.7539175006102
188.79390773736884
188.83389797412747
188.87388821088604
188.9138784476446
188.95386868440323
188.99385892116183
189.03384915792046
189.07383939467906
189.11382963143762
189.15381986819622
189.19381010495485
189.23380034171345
189.27379057847207
189.3137808152307
189.3537710519892
189.39376128874787
189.43375152550644
189.4737417622651
189.5137319990237
189.55372223578226
189.5937124725409
189.63370270929948
189.6736929460581
189.71368318281668
189.75367341957528
189.79366365633388
189.83365389309253
189.87364412985113
189.91363436660976
189.95362460336833
189.9936148401269
190.03360507688558
190.07359531364415
190.11358555040272
190.15357578716134
190.1935660239199
190.23355626067854
190.27354649743714
190.31353673419576
190.35352697095433
190.39351720771296
190.43350744447156
190.47349768123024
190.51348791798875
190.55347815474732
190.593468391506
190.6334586282646
190.67344886502315
190.71343910178177
190.75342933854046
190.793419575299
190.8334098120576
190.8734000488162
190.91339028557482
190.95338052233336
190.99337075909202
191.03336099585067
191.07335123260927
191.1133414693678
191.15333170612644
191.19332194288506
191.23331217964363
191.2733024164022
191.31329265316083
191.35328288991946
191.39327312667808
191.43326336343668
191.47325360019528
191.51324383695385
191.5532340737125
191.5932243104711
191.6332145472297
191.6732047839883
191.71319502074687
191.75318525750552
191.79317549426412
191.8331657310227
191.87315596778132
191.9131462045399
191.9531364412985
191.99312667805714
192.03311691481574
192.07310715157433
192.1130973883329
192.1530876250916
192.19307786185016
192.23306809860873
192.27305833536732
192.31304857212592
192.3530388088846
192.39302904564312
192.4330192824018
192.47300951916037
192.51299975591894
192.55298999267757
192.59298022943622
192.6329704661948
192.6729607029534
192.71295093971196
192.75294117647059
192.7929314132292
192.8329216499878
192.8729118867464
192.91290212350503
192.9528923602636
192.99288259702223
193.03287283378083
193.07286307053943
193.112853307298
193.15284354405662
193.19283378081525
193.23282401757385
193.27281425433242
193.31280449109101
193.35279472784964
193.39278496460827
193.43277520136687
193.47276543812546
193.51275567488403
193.55274591164266
193.5927361484013
193.63272638515988
193.67271662191848
193.71270685867705
193.75269709543568
193.7926873321943
193.83267756895287
193.8726678057115
193.91265804247007
193.9526482792287
193.99263851598727
194.03262875274592
194.07261898950452
194.1126092262631
194.15259946302177
194.19258969978034
194.2325799365389
194.2725701732975
194.3125604100561
194.3525506468148
194.39254088357336
194.43253112033196
194.47252135709056
194.51251159384913
194.55250183060775
194.59249206736638
194.63248230412498
194.67247254088355
194.7124627776422
194.75245301440077
194.7924432511594
194.832433487918
194.8724237246766
194.91241396143516
194.9524041981938
194.99239443495236
195.03238467171101
195.0723749084696
195.11236514522818
195.1523553819868
195.19234561874543
195.23233585550403
195.2723260922626
195.31231632902126
195.35230656577988
195.39229680253845
195.43228703929705
195.47227727605565
195.51226751281422
195.55225774957285
195.59224798633147
195.63223822309007
195.67222845984867
195.71221869660724
195.75220893336592
195.7921991701245
195.83218940688306
195.8721796436417
195.9121698804003
195.95216011715894
195.9921503539175
196.0321405906761
196.07213082743468
196.11212106419333
196.15211130095196
196.19210153771053
196.23209177446913
196.2720820112277
196.31207224798635
196.35206248474492
196.39205272150355
196.43204295826214
196.4720331950207
196.51202343177937
196.55201366853794
196.59200390529656
196.63199414205516
196.67198437881376
196.71197461557233
196.75196485233096
196.79195508908958
196.83194532584818
196.87193556260678
196.9119257993654
196.95191603612403
196.9919062728826
197.03189650964123
197.0718867463998
197.11187698315842
197.15186721991705
197.19185745667565
197.23184769343422
197.27183793019282
197.3118281669514
197.35181840371
197.39180864046864
197.43179887722724
197.4717891139858
197.5117793507444
197.55176958750303
197.5917598242617
197.63175006102026
197.67174029777885
197.71173053453742
197.7517207712961
197.79171100805468
197.83170124481325
197.87169148157187
197.9116817183305
197.95167195508907
197.9916621918477
198.0316524286063
198.0716426653649
198.11163290212352
198.15162313888214
198.19161337564074
198.2316036123993
198.2715938491579
198.31158408591654
198.3515743226751
198.39156455943373
198.43155479619233
198.47154503295093
198.51153526970955
198.55152550646818
198.59151574322675
198.63150597998535
198.67149621674395
198.71148645350252
198.75147669026114
198.7914669270198
198.8314571637784
198.87144740053697
198.9114376372956
198.95142787405422
198.9914181108128
199.0314083475714
199.07139858432998
199.1113888210886
199.15137905784724
199.19136929460583
199.23135953136443
199.271349768123
199.31134000488163
199.35133024164026
199.39132047839882
199.43131071515745
199.47130095191602
199.51129118867465
199.55128142543327
199.59127166219187
199.63126189895047
199.6712521357091
199.71124237246767
199.7512326092263
199.7912228459849
199.83121308274346
199.87120331950211
199.91119355626068
199.9511837930193