-5.209782696952151e-18
-8.419508225952676e-13
-2.1495411500051364e-11
-1.5234631421839603e-10
-6.260273762349592e-10
-1.901479712035927e-9
-4.7689782146711335e-9
-1.0486675919311454e-8
-2.0963167464053714e-8
-3.900663656723457e-8
-6.867046321308995e-8
-1.1573957433430723e-7
-1.8842441482998812e-7
-2.983654401170029e-7
-4.6210960167918795e-7
-7.033176448898589e-7
-1.0561268847804346e-6
-1.5703845987599589e-6
-2.319992005355338e-6
-3.4165810181023347e-6
-5.032659349507313e-6
-7.442262600622456e-6
-0.000011095551704682207
-0.000016763048008231693
-0.00002583279346267837
-0.00004097274460698095
-0.00006776333955522725
-0.00011929370622208892
-0.0002317450460630203
-0.0005344900667453865
-0.0017717480054577424
-0.020628895704025436
-0.013357955217365197
-0.0021528326304060853
-0.0009179259326862718
-0.0005383224551666519
-0.00036989554894469577
-0.00027929958290753956
-0.000224429298978056
-0.0001884277645043796
-0.00016341741851190285
-0.00014529079597106598
-0.00013172342785133358
-0.00012131342807119861
-0.00011317117117567085
-0.00010670811145106097
-0.00010152115930021663
-0.00009732604716138229
-0.0000939172331562984
-0.00009114286620526591
-0.00008888864801392947
-0.00008706713605573848
-0.00008561047681881231
-0.0000844653605802019
-0.0000835894497587728
-0.00008294880592675238
-0.00008251600685446771
-0.00008226874878855295
-0.00008218879545735627
-0.0000822611784966524
-0.00008247358266905425
-0.00008281586861856842
-0.00008327969918863348
-0.000083858244580796
-0.00008454594815586662
-0.00008533833934100007
-0.0000862318834756901
-0.00008722386089230365
-0.0000883122693453289
-0.00008949574525985374
-0.00009077350029106242
-0.00009214527046225583
-0.00009361127574378525
-0.00009517218839533341
-0.00009682910875320181
-0.00009858354742700679
-0.00010043741309562004
-0.00010239300527340271
-0.00010445301156549583
-0.00010662050905318008
-0.0001088989695529694
-0.00011129226858115684
-0.0001138046979327498
-0.00011644098185300036
-0.00011920629684381027
-0.00012210629520819356
-0.00012514713249543965
-0.00012833549906954885
-0.0001316786560853778
-0.00013518447622225862
-0.0001388614895951127
-0.0001427189353403524
-0.0001467668194593006
-0.00015101597959816366
-0.00015547815755241777
-0.0001601660804080273
-0.00016509355137488797
-0.00017027555153298042
-0.0001757283539036084
-0.0001814696514814645
-0.00018751870112466163
-0.00019389648550678106
-0.00020062589569653318
-0.00020773193735783565
-0.00021524196406987208
-0.0002231859418694138
-0.00023159674983712805
-0.00024051052241166564
-0.00024996704015060563
-0.0002600101769072149
-0.0002706884129037225
-0.0002820554250205287
-0.00029417076786255263
-0.0003071006619115567
-0.00032091890845283396
-0.0003357079551416693
-0.00035156014126039797
-0.0003685791581867482
-0.00038688176870519655
-0.00040659983901966874
-0.0004278827502856855
-0.00045090027300630486
-0.00047584600883252985
-0.0005029415316764752
-0.0005324413956165791
-0.0005646392236410712
-0.0005998751526985049
-0.0006385449921906689
-0.0006811115625446954
-0.0007281188286505545
-0.0007802096453063638
-0.0008381482110298785
-0.0009028487160732851
-0.0009754122200956259
-0.0010571745802729342
-0.0011497693878752705
-0.001255211542183546
-0.0013760095841066214
-0.0015153186967152223
-0.0016771521321770563
-0.0018666780585030764
-0.0020906437167248397
-0.002357993410361375
-0.0026807887001436006
-0.0030756124853106113
-0.0035657715384095337
-0.004184862482330531
-0.004982759565207028
-0.006036105868995795
-0.007467643683783982
-0.009484053879318352
-0.012455742076391274
-0.017101595312459857
-0.02497245496823905
-0.03994698354745546
-0.0741575138602396
-0.18355723872741947
-1.0232816431100944
-7.4431034517432355
-0.3346576195974031
-0.10399489857324823
-0.04974083106023917
-0.028943199507815532
-0.018845272702643575
-0.013198408365670747
-0.009727869450975875
-0.007445392609852601
-0.00586567385542677
-0.004727868867756357
-0.003881680202825067
-0.0032355842179283252
-0.002731278978683666
-0.00233020795381703
-0.0020060530803983436
-0.0017403567001037473
-0.0015198664877322848
-0.0013348700765555208
-0.0011781193067683777
-0.0010441171390009301
-0.0009286340032404609
-0.0008283729741739269
-0.0007407336705608396
-0.0006636429766821407
-0.000595431825654034
-0.0005347442655389087
-0.0004804694967767803
-0.00043169048413037385
-0.0003876446817276088
-0.000347693715960821
-0.0003112997658203801
-0.0002780070018144577
-0.0002474268819857874
-0.00021922641498898238
-0.00019311872447698946
-0.00016885541225242657
-0.00014622033757967766
-0.00012502451900236027
-0.00010510193155531324
-0.00008630602244851291
-0.00006850680644259496
-0.00005158843133418832
-0.0000354471264747135
-0.00001998946469940415
-5.130881665234134e-6
9.205592719413804e-6
0.000023090427663979355
0.000036588539879553046
0.000049760121886226506
0.00006266137091955777
0.00007534513572680224
0.0000878614958379255
0.00010025828573273126
0.00011258157460327858
0.00012487611105185088
0.00013718574100540583
0.00014955380632230954
0.00016202353098467983
0.00017463840137696003
0.00018744254694258314
0.00020048112746515732
0.00021380073334357043
0.00022744980552082516
0.00024147908219743547
0.00025594208012514566
0.00027089561916549584
0.0002864003999406484
0.0003025216458499835
0.0003193298225317544
0.00033690145009384064
0.00035532002621975836
0.00037467708169956103
0.0003950733942075088
0.00041662039145543304
0.00043944178146560045
0.00046367545598730074
0.0004894757234785101
0.0005170159412105023
0.0005464916327188616
0.0005781241980957304
0.0006121653519281122
0.0006489024589708298
0.0006886649835345418
0.0007318323286869973
0.0007788434207100959
0.0008302084998159451
0.0008865237197611482
0.0009484893507419288
0.0010169326420495814
0.0010928367628723254
0.0011773777448587824
0.001271972063618996
0.0013783385168455384
0.0014985795360062577
0.0016352892442021503
0.0017916988233557766
0.001971874694111902
0.0021809926610495177
0.0024257232632414324
0.0027147831034639624
0.0030597392856016735
0.0034762091797946736
0.003985694456439536
0.004618464115854428
0.00541823349661567
0.006450043090991005
0.007814108808550348
0.00967144265445237
0.01229424750690996
0.016172816208922747
0.02226498451952372
0.03265564689016772
0.0526272206921841
0.09904946541563864
0.2528975673206486
1.5931613760279209
5.842717737162225
0.3784324235394845
0.12341222777265815
0.060178423638862465
0.03539336708994995
0.023209892514136667
0.01634330201883717
0.012100578653097807
0.009299661357330166
0.007355782189510301
0.0059528831224711165
0.004908059456805911
0.0041095421509686906
0.00348592892707504
0.002989887251116233
0.0025890439110044803
0.0022606558820185627
0.0019883702016300236
0.0017601871224481337
0.0015671418635119492
0.0014024292924129222
0.0012608093461026278
0.001138194859839825
0.00103136057702603
0.0009377342913921181
0.0008552446736550646
0.0007822088699413974
0.0007172484291591459
0.0006592256896909045
0.0006071951312767343
0.0005603658028988781
0.0005180720380903723
0.00047975043433154467
0.0004449216121140631
0.00041317565333939935
0.00038416039552122795
0.00035757195983419243
0.000333147039285068
0.00031065658329294956
0.0002899005973206836
0.00027070383835486596
0.0002529122343036791
0.00023638989160133905
0.0002210165832439185
0.0002066856311794969
0.0001933021139246135
0.00018078134360522774
0.00016904756715111486
0.00015803285474357592
0.00014767614530237274
0.00013792242416574922
0.0001287220124455701
0.0001200299510482252
0.00011180546520477175
0.00010401149768631256
0.0000966143007929798
0.00008958307877994273
0.00008288967368618495
0.00007650828861006181
0.0000704152433763021
0.00006458875828623407
0.000059008762274219875
0.000053656722318796256
0.00004851549140257506
0.000043569172690265146
0.000038802997911976
0.00003420321820942199
0.000029757005932230256
0.000025452366067371185
0.00002127805615267648
0.000017223513668685472
0.000013278790025951688
9.434490370794943e-6
5.681718523425172e-6
2.012026440270925e-6
-1.5826323400151506e-6
-5.109945749803653e-6
-8.577283177900072e-6
-0.000011991732777265906
-0.000015360136449001703
-0.000018689122824934475
-0.00002198513854522673
-0.000025254478105351566
-0.000028503312528429512
-0.0000317377171046935
-0.00003496369842827434
-0.0000381872209533453
-0.00004141423328647424
-0.00004465069442909428
-0.00004790260018507403
-0.000051176009950639724
-0.00005447707411067626
-0.00005781206227401056
-0.00006118739259280995
-0.00006460966242694464
-0.00006808568063368793
-0.00007162250178709455
-0.00007522746265980892
-0.00007890822133412174
-0.00008267279934911516
-0.00008652962733785034
-0.00009048759466378797
-0.00009455610363056113
-0.00009874512891411859
-0.00010306528295602923
-0.00010752788815966076
-0.00011214505685256426
-0.00011692978012190851
-0.00012189602679728389
-0.00012705885405338177
-0.00013243453133944736
-0.0001380406796190403
-0.000143896428233212
-0.0001500225920915619
-0.00015644187236422516
-0.00016317908440754457
-0.00017026141733086716
-0.0001777187304228743
-0.0001855838926404017
-0.00019389317255475517
-0.00020268668760792862
-0.00021200892331153063
-0.00022190933521273922
-0.00023244304915518972
-0.00024367167871820652
-0.00025566428289728905
-0.00026849849232557353
-0.0002822618389283805
-0.00029705333224922274
-0.0003129853363128016
-0.00033018581450316536
-0.00034880102748530443
-0.000368998791973254
-0.0003909724379146793
-0.0004149456408563412
-0.00044117835827093204
-0.00046997416823462107
-0.000501689402824165
-0.0005367445966818714
-0.0005756389475051952
-0.0006189687305200208
-0.0006674509542120522
-0.0007219540364012219
-0.0007835379896819375
-0.0008535076447041075
-0.0009334839852104092
-0.0010255010050268538
-0.00113213909359696
-0.0012567116035094182
-0.0014035303146723833
-0.0015782904025253726
-0.0017886406542426095
-0.0020450483799799276
-0.002362147021745726
-0.002760901085575345
-0.0032722087203891463
-0.003943147267858783
-0.004848336403819529
-0.006111843183531855
-0.00795249979587188
-0.010786326647689512
-0.015486060746950615
-0.02414870520520182
-0.042933565265062076
-0.0971158670544727
-0.3989119554032352
-162.06814684086567
-0.34678132694332153
-0.08903255271586864
-0.03976558136670099
-0.0223557668465187
-0.01426762709711983
-0.009868720634349142
-0.007216515932526367
-0.005496568109250899
-0.00431893230351009
-0.003477963329073312
-0.002856909878512131
-0.002385514181055637
-0.0020194535534812054
-0.001729652782201594
-0.001496401257860186
-0.0013059564138225765
-0.001148501514567824
-0.0010168741743552107
-0.0009057503507382895
-0.0008111065154810511
-0.0007298567145992842
-0.0006596024440146827
-0.0005984569902992096
-0.0005449199486631717
-0.0004977861895405991
-0.00045607888021234274
-0.00041899956595369995
-0.00038589052254301684
-0.0003562060518931492
-0.0003294903742812703
-0.0003053604409476855
-0.0002834924549998605
-0.00026361121423039614
-0.00024548162075727325
-0.0002289018685435091
-0.00021369794048767027
-0.00019971913523082874
-0.00018683440930217685
-0.00017492936911615243
-0.0001639037841481282
-0.00015366952055074053
-0.00014414881583170184
-0.00013527283165642952
-0.00012698043458201253
-0.00011921716446940261
-0.00011193435811698461
-0.00010508840181452506
-0.00009864009139584492
-0.0000925540822634846
-0.0000867984149766329
-0.00008134410450568705
-0.00007616478328603164
-0.00007123638985223958
-0.00006653689617611071
-0.0000620460679296161
-0.00005774525279336631
-0.00005361719267085895
-0.00004964585627741479
-0.00004581628907379925
-0.000042114477927626535
-0.000038527228225094455
-0.00003504205143255662
-0.00003164706133325002
-0.000028330877343717233
-0.00002508253345602683
-0.000021891391456849877
-0.000018747057148409393
-0.000015639298339475212
-0.00001255796338845516
-9.492899065398225e-6
-6.433866452910105e-6
-3.370453526577402e-6
-2.9198293853317565e-7
2.812586631063387e-6
5.954767398747085e-6
9.146659789916184e-6
0.000012401082588980324
0.000015731718803875043
0.000019153280655502952
0.00002268169777234494
0.000026334333508262852
0.000030130235356911553
0.00003409042676451379
0.000038238249325187024
0.00004259976648288486
0.000047204242599123926
0.000052084714762301265
0.00005727867926492575
0.00006282892059846657
0.00006878451858718089
0.00007520207954762625
0.00008214725103520074
0.00008969659810615598
0.00009793994391821251
0.00010698331156066648
0.00011695265110693175
0.0001279986017200411
0.00014030263175838337
0.00015408503319056188
0.0001696154402417694
0.00018722682741877987
0.00020733436895622608
0.00023046119175019295
0.0002572740623667836
0.0002886336459257988
0.0003256665619859859
0.00036987075972653587
0.0004232730724909335
0.0004886707365159528
0.0005700122340579475
0.0006730175646068547
0.0008062269175909904
0.0009828527865152763
0.0012242250013691832
0.0015666119786856255
0.0020758086571204732
0.0028815325870876402
0.004269620275830883
0.006977128805710916
0.013424736178711323
0.035882044267307546
0.2720590289635526
0.4622175331720205
0.042323759509934514
0.014619830971064496
0.007307234581907821
0.004359555562826539
0.0028866160506599544
0.002047285604072052
0.0015245028630554453
0.0011772337899301029
0.000935021744783667
0.000759496075350506
0.0006283156837640642
0.0005277594074985717
0.0004490241619619733
0.0003862528671075763
0.0003354266173409241
0.0002937139310796553
0.0002590736414204801
0.00023000445174394592
0.00020538237943126854
0.00018435253743753633
0.00016625545078742413
0.00015057586769604014
0.000136906548657963
0.00012492222825402112
0.00011436061127110971
0.00010500831315359012
0.00009669032810842476
0.0000892620488758624
0.00008260315568108771
0.00007661289051464563
0.00007120636931929645
0.00006631167965961401
0.00006186757844662473
0.00005782165210111793
0.000054128836039015084
0.00005075021551555725
0.00004765204838347262
0.00004480496407870054
0.00004218330345740856
0.00003976457189727704
0.00003752898400587406
0.00003545908282611808
0.000033539419939811595
0.00003175628559890834
0.000030097480148050676
0.00002855211968045567
0.000027110470197102675
0.000025763805595336913
0.00002450428565722562
0.000023324850886275913
0.000022219131588521856
0.000021181369037833884
0.000020206346926633115
0.000019289331598746082
0.000018426019803565562
0.000017612492910625558
0.00001684517668893685
0.000016120805892611973
0.00001543639300855258
0.000014789200617409782
0.000014176716899042112
0.000013596633880934861
0.000013046828084758006
0.000012525343274217948
0.00001203037504798774
0.000011560257056093028
0.00001111344864759763
0.000010688523782607644
0.000010284161063188082
9.89913475631066e-6
9.532306697880845e-6
9.182618980644582e-6
8.84908734065718e-6
8.530795167288942e-6
8.226888070663708e-6
7.936568948204262e-6
7.659093498724104e-6
7.393766138398346e-6
7.139936278132685e-6
6.896994926354665e-6
6.664371585230101e-6
6.4415314118028e-6
6.227972618612135e-6
6.023224091071745e-6
5.826843201269307e-6
5.6384137999726656e-6
5.457544370500419e-6
5.283866329776001e-6
5.117032463366324e-6
4.956715482612796e-6
4.8026066931429885e-6
4.654414765086588e-6
4.511864596257256e-6
4.3746962603913455e-6
4.24266403328705e-6
4.115535490350889e-6
3.9930906696611895e-6
3.8751212951969e-6
3.761430055370349e-6
3.6518299324278292e-6
3.5461435786899123e-6
3.444202735947914e-6
3.3458476946589732e-6
3.2509267898717927e-6
3.159295931076346e-6
3.070818163411193e-6
2.9853632578749764e-6
2.902807328386749e-6
2.8230324737182923e-6
2.7459264424796903e-6
2.671382319491416e-6
2.5992982320068485e-6
2.5295770743734983e-6
2.4621262498315593e-6
2.396857428251292e-6
2.333686318702625e-6
2.272532455837603e-6
2.213318999141446e-6
2.155972544182802e-6
2.100422945055207e-6
2.0466031472669777e-6
1.9944490303857296e-6
1.94389925980098e-6
1.8948951470084698e-6
1.8473805178686067e-6
1.8013015883258367e-6
1.7566068471159031e-6
1.7132469450190393e-6
1.671174590249262e-6
1.6303444495980678e-6
1.5907130549770362e-6
1.5522387150288125e-6
1.5148814314974664e-6
1.4786028200712069e-6
1.443366035428395e-6
1.4091357002374107e-6
1.3758778378752158e-6
1.343559808647341e-6
1.312150249303844e-6
1.2816190156611568e-6
1.2519371281502599e-6
1.223076720124326e-6
1.1950109887687305e-6
1.1677141484667811e-6
1.1411613864834592e-6
1.1153288208379448e-6
1.0901934602437667e-6
1.0657331660030534e-6
1.0419266157479545e-6
1.018753268928801e-6
9.96193333955276e-7
9.742277369010827e-7
9.528380916896045e-7
9.320066716816806e-7
9.117163825916818e-7
8.919507366624895e-7
8.726938280338042e-7
8.539303092421086e-7
8.356453687941274e-7
8.178247097587619e-7
8.004545293260341e-7
7.835214992838962e-7
7.670127473669417e-7
7.509158394335493e-7
7.352187624300609e-7
7.199099081034726e-7
7.049780574255243e-7
6.904123656937789e-7
6.762023482764985e-7
6.623378669705076e-7
6.48809116942364e-7
6.356066142251478e-7
6.22721183744293e-7
6.101439478476398e-7
5.978663153158067e-7
5.85879970830577e-7
5.741768648798795e-7
5.627492040792216e-7
5.515894418903592e-7
5.406902697190162e-7
5.300446083744158e-7
5.196455998740712e-7
5.09486599578531e-7
4.995611686409333e-7
4.898630667575869e-7
4.803862452059981e-7
4.7112484015782636e-7
4.6207316625441344e-7
4.532257104336146e-7
4.4457712599689735e-7
4.361222269062032e-7
4.2785598230078966e-7
4.1977351122451284e-7
4.118700775545365e-7
4.041410851229836e-7
3.9658207302324663e-7
3.891887110932573e-7
3.8195679556823235e-7
3.74882244895813e-7
3.6796109570689873e-7
3.611894989356677e-7
3.545637160826354e-7
3.480801156149367e-7
3.4173516949816373e-7
3.355254498544428e-7
3.294476257416239e-7
3.2349846004870273e-7
3.176748065028074e-7
3.119736067833159e-7
3.063918877387728e-7
3.00926758702609e-7
2.955754089037348e-7
2.903351049682428e-7
2.8520318850872996e-7
2.801770737977527e-7
2.7525424552219123e-7
2.7043225661539945e-7
2.657087261640948e-7
2.610813373872199e-7
2.565478356839233e-7
2.521060267481034e-7
2.477537747469667e-7
2.4348900056120326e-7
2.393096800844259e-7
2.3521384257972678e-7
2.3119956909113842e-7
2.2726499090803465e-7
2.234082880804752e-7
2.1962768798361962e-7
2.159214639294242e-7
2.122879338238847e-7
2.087254588681804e-7
2.0523244230209868e-7
2.0180732818824865e-7
1.9844860023557618e-7
1.9515478066075738e-7
1.9192442908615308e-7
1.8875614147301073e-7
1.8564854908863154e-7
1.8260031750634454e-7
1.796101456371276e-7
1.7667676479174346e-7
1.7379893777233975e-7
1.7097545799248939e-7
1.6820514862468182e-7
1.654868617743108e-7
1.6281947767925108e-7
1.6020190393416298e-7
1.5763307473863234e-7
1.5511195016839674e-7
1.526375154688166e-7
1.5020878036987866e-7
1.4782477842198613e-7
1.4548456635183877e-7
1.431872234377431e-7
1.4093185090368655e-7
1.3871757133155894e-7
1.3654352809092826e-7
1.3440888478577878e-7
1.3231282471765957e-7
1.302545503647062e-7
1.2823328287600338e-7
1.2624826158081436e-7
1.2429874351216936e-7
1.2238400294435793e-7
1.205033309438873e-7
1.1865603493344216e-7
1.1684143826847525e-7
1.150588798259798e-7
1.1330771360508854e-7
1.1158730833910338e-7
1.0989704711860602e-7
1.0823632702529668e-7
1.0660455877621785e-7
1.0500116637804665e-7
1.0342558679114105e-7
1.0187726960302147e-7
1.003556767110144e-7
9.886028201375954e-8
9.739057111132437e-8
9.594604101362849e-8
9.4526199856971e-8
9.313056662836217e-8
9.175867089746562e-8
9.041005255588533e-8
8.908426156359754e-8
8.778085770230034e-8
8.649941033547897e-8
8.523949817498275e-8
8.400070905391076e-8
8.278263970563432e-8
8.158489554876444e-8
8.040709047788018e-8
7.92488466598628e-8
7.810979433566053e-8
7.698957162732943e-8
7.588782435018756e-8
7.48042058299429e-8
7.373837672464281e-8
7.269000485131087e-8
7.165876501712582e-8
7.064433885502545e-8
6.964641466359086e-8
6.866468725110393e-8
6.769885778364585e-8
6.674863363713165e-8
6.581372825315956e-8
6.489386099857361e-8
6.39887570286274e-8
6.309814715365657e-8
6.222176770915089e-8
6.13593604291364e-8
6.051067232277598e-8
5.967545555409361e-8
5.885346732473547e-8
5.804446975969155e-8
5.7248229795881145e-8
5.646451907354037e-8
5.569311383031927e-8
5.493379479802192e-8
5.418634710191511e-8
5.345056016253719e-8
5.272622759993285e-8
5.201314714025687e-8
5.1311120524674343e-8
5.0619953420499694e-8
4.993945533451155e-8
4.926943952838957e-8
4.8609722936207604e-8
4.796012608393665e-8
4.732047301090089e-8
4.669059119312975e-8
4.6070311468567335e-8
4.545946796407446e-8
4.4857898024190286e-8
4.426544214159806e-8
4.368194388925281e-8
4.310724985412939e-8
4.2541209572542836e-8
4.198367546700777e-8
4.1434502784589487e-8
4.089354953671109e-8
4.036067644038136e-8
3.983574686080049e-8
3.9318626755314767e-8
3.88091846186781e-8
3.830729142959716e-8
3.7812820598515226e-8
3.7325647916611856e-8
3.684565150598428e-8
3.6372711770979746e-8
3.590671135065139e-8
3.544753507230809e-8
3.4995069906128857e-8
3.4549204920821646e-8
3.41098312402898e-8
3.367684200129075e-8
3.325013231205724e-8
3.282959921185568e-8
3.241514163146422e-8
3.2006660354539643e-8
3.1604057979859815e-8
3.120723888441106e-8
3.0816109187308096e-8
3.0430576714518805e-8
3.0050550964378845e-8
2.9675943073876707e-8
2.9306665785684606e-8
2.8942633415925244e-8
2.858376182265148e-8
2.822996837502141e-8
2.788117192315364e-8
2.7537292768648976e-8
2.7198252635753427e-8
2.6863974643159187e-8
2.6534383276417646e-8
2.6209404360957422e-8
2.5888965035687414e-8
2.557299372717413e-8
2.5261420124380136e-8
2.4954175153946116e-8
2.4651190956009627e-8
2.4352400860541654e-8
2.405773936419434e-8
2.3767142107643878e-8
2.3480545853418673e-8
2.319788846420135e-8
2.2919108881593082e-8
2.26441471053291e-8
2.237294417293621e-8
2.2105442139821582e-8
2.1841584059780493e-8
2.1581313965917287e-8
2.1324576851967256e-8
2.107131865401101e-8
2.082148623257169e-8
2.057502735508774e-8
2.0331890678751334e-8
2.0092025733703883e-8
1.9855382906581654e-8
1.9621913424403037e-8
1.93915693387891e-8
1.9164303510510446e-8
1.8940069594353022e-8
1.8718822024296214e-8
1.850051599899354e-8
1.8285107467553706e-8
1.8072553115610996e-8
1.7862810351680514e-8
1.7655837293791922e-8
1.7451592756395246e-8
1.7250036237532087e-8
1.7051127906267476e-8
1.6854828590375882e-8
1.6661099764274627e-8
1.6469903537202983e-8
1.6281202641636845e-8
1.6094960421936188e-8
1.5911140823221515e-8
1.572970838047121e-8
1.5550628207836966e-8
1.5373865988172356e-8
1.519938796276905e-8
1.5027160921297594e-8
1.4857152191946498e-8
1.4689329631757172e-8
1.4523661617148537e-8
1.4360117034629579e-8
1.4198665271693235e-8
1.4039276207890174e-8
1.3881920206076178e-8
1.3726568103831877e-8
1.3573191205049163e-8
1.3421761271681216e-8
1.32722505156542e-8