-1.4866319308852108e-18
-5.130399388092198e-18
1.1737427372604594e-18
0.000013930747417765954
0.00009086256268357359
-0.0009088049348108243
0.00022257463850513542
0.0006056454463003758
0.00004694530616125897
0.0003139474509670824
0.0009104110589051847
-0.000021575647332867786
-0.000989664484943076
0.0008539364341216918
-0.0003965817203007351
-0.0009596018424438816
-0.00022291974567347297
0.0012531460646809335
-0.001229182160424124
0.0005411274461772535
0.0013578230808290303
0.0003450194762901533
-0.0017634609377505407
0.002009208460176695
-0.0006899596995253803
-0.0021970961642050705
-0.0007922720404270395
0.0029857399194714545
-0.009756602296021082
0.002482469187135589
0.0190780149953841
0.032201407000817056
0.04018300603749306
0.010215307438438376
-0.001452991478466588
-0.004878498731611695
-0.0017178419531759023
0.00410791855991624
-0.00278992245184906
0.0008795507666658278
0.002777586685522927
0.0008218573974356155
-0.002840630706766514
0.0025992442134806825
-0.001075343361081044
-0.0027263109429172504
-0.000780955781283388
0.0030846784531359194
-0.00294652959099359
0.001162425427187048
0.0029733218986644078
0.0008264810723765615
-0.0035399620513087704
0.0032223666684518277
-0.0012137583538578038
-0.0032100835452727613
-0.0009470561539659511
0.004160075334026262
-0.0036936535621176075
0.0013470528957833933
0.003909042817904551
0.0010523037903941114
-0.004379624309760997
0.004097195794348614
-0.001565188920682857
-0.0042271824613272875
-0.001209580326605606
0.005013171072682037
-0.004647579864610735
0.001752182311177444
0.004701480485135644
0.0014377944129522762
-0.005527410817962528
0.00520095124302878
-0.0019656165128743245
-0.00550414468006548
-0.001567914140021963
0.006255155015992203
-0.006011075958587997
0.002225989788986144
0.0061954534154708705
0.0018251528242832632
-0.007203229495519094
0.006747282300021796
-0.0025049572279854204
-0.006843300548215765
-0.0019938143925444392
0.008479231045807537
-0.007700582242749484
0.003031321264516935
0.008113466101745783
0.0023442589482522568
-0.009548485038103125
0.009399970216836955
-0.0035501642998441844
-0.009574648680508557
-0.0025987670212471387
0.01110866199211608
-0.010897826699288663
0.004237596462407911
0.01133671476323937
0.0031284383694066753
-0.013214385608910985
0.013136008611567043
-0.005191138166545931
-0.013127444443133088
-0.003504097500474933
0.015488747320442834
-0.015059056402955222
0.006094652506583432
0.01587615648674401
0.00432217665142066
-0.0187468237387995
0.019328313820248764
-0.008194002292940664
-0.019387191158824115
-0.004823559290165537
0.022733837117953275
-0.02247238012315395
0.009844687808578055
0.024774321358351552
0.006188865464526432
-0.030503134418447438
0.03251061686358179
-0.01448775984438184
-0.03181374430859977
-0.0067191482769231895
0.03575552175063613
-0.038301768950317575
0.017599102425498284
0.04412903802811822
0.010108482812832716
-0.05384249960569909
0.08159956421897205
-0.039913723639441526
-0.05902475170700535
-0.008706784479066247
0.049523376899915546
-0.057975850778801435
0.022782206553891633
0.06279648068830875
0.08021140655169301
0.07430953774664951
0.03637213142978052
-0.03501581459016432
-0.19184939400482395
-0.13814384702144786
0.6330065742989491
-0.3187471214445137
0.2921203977578216
0.4332669690338365
0.05400151407510706
-0.8665968848718301
0.5975416905123724
-0.6244285105496805
-3.8316543866816555
-18.08119691154097
17.970450747500458
-12.207434744035345
3.3944529479055507
5.62963388944411
0.4923264366673915
-2.4837976192450695
0.9598759413238963
-0.46499498497781205
-0.4804239953206879
-0.02922451315466232
0.41317759691202
-0.17233911893897663
0.11050339453325944
0.17757858092346185
0.007653366308382971
-0.17986160569462298
0.0852745253481663
-0.05818005223667391
-0.08113407413600687
-0.003687299561894455
0.09250373462121496
-0.044129279111097076
0.03055764120833929
0.049528010904142925
0.002665632289926148
-0.05409358836199999
0.029224241804799926
-0.01936199203156268
-0.030110277323318457
-0.002919366863138632
0.03642729182089342
-0.019998474680867167
0.011848490855347176
0.021578479024820386
0.002821971111765636
-0.023451915974842318
0.01569754111099788
-0.007325817789543747
-0.015216042468637076
-0.0039343891038980516
0.01679685632381757
-0.012544843721344155
0.0037861263682354455
0.012313277697079914
0.004652143665338454
-0.010946023468707893
0.012181438449439606
-0.0008831893182700588
-0.009317870100507464
-0.006426175217164516
0.0076252818138774275
-0.01079699966209274
-0.001852132594246514
0.007923756279914325
0.007070342503771949
-0.0045078941039982355
0.013202886034474011
0.0037769588273017167
-0.0060307908811369545
-0.008603336541205464
0.0018332181468666353
-0.012592307550624831
-0.007862946554400778
0.007061315936808032
0.011148182465192289
0.00032988589870872666
0.017855438184355883
0.008714867965399243
-0.005676676649009188
-0.014335581876725052
-0.003958292746332181
-0.016739098880566527
-0.01776369611026475
0.00785139293594778
0.014597343792715645
0.0025011063914279893
0.05098871616638947
0.010243623147508011
-0.0029531899932128355
-0.009254392026398791
-0.01150296193199967
-0.011111665237260222
-0.007301571776902832
0.003686954961377871
0.03311067343870714
0.2843758405729784
0.01764840029456901
0.03463212758373548
-0.02341121496764016
-0.05149147903695164
-0.015603685681093974
-0.05609336120077458
-0.03619038557013283
0.010300598924216435
0.07262050013823934
0.06342066553855809
0.053417150454994504
0.07976180930420806
-0.04097230381990357
-0.12152857067825065
-0.04364884624677716
-0.15018436211187955
-0.10561390593809915
0.02944479458615498
0.21166459118098166
0.18177105881311426
0.18834707366160883
0.30475425823136715
-0.17861238736348298
-0.5303458197702057
-0.19631048214779595
-1.05035340698771
-0.6746632615814607
0.2561775125510974
2.380548832554599
14.493087179755475
3.8228753509851097
29.096176615600974
-4.9092232303976395
-11.422956019090138
-18.149684303435333
-2.110464994597717
-2.053734983597426
0.5420917470414501
0.8949714801567473
0.1525158707375638
0.5436831225729366
0.27526783498964097
-0.12321996940763658
-0.2946007225497343
-0.15447407636239213
-0.1970815304004287
-0.15386789105418797
0.041308827985136534
0.12400063101005744
0.03410664866575956
0.09600795391568866
0.06230274678447387
-0.03449860460112732
-0.077330036116797
-0.02758120131710646
-0.06426016690705694
-0.05003255017157387
0.012057494816797213
0.04299831810093799
0.008628874258856483
0.03449840323050733
0.025008303721797312
-0.015970774321528606
-0.03654468026671238
-0.011037061974224592
-0.025628511164544183
-0.020544520115735595
0.007887673544710346
0.019844214097484793
0.0028731484162829745
0.01684795084925744
0.010608983285701912
-0.007751074807569321
-0.017606946452331514
-0.003157698196314391
-0.013963013220726496
-0.008250413646149556
0.0033133679805453856
0.010165944970152269
0.0012061263166986988
0.008695516099964102
0.006052717448221456
-0.004352793204863335
-0.008933310009633778
-0.002280131298388035
-0.007607878927555564
-0.006065098778084306
0.0016719422827524196
0.0052864441860065794
0.00024335024301113162
0.0046734364231445615
0.002705927183353405
-0.003184757631970741
-0.004824963927485765
-0.0013027560374818438
-0.004717214102484322
-0.0028602878654961
0.002180112523444634
0.0027584060394205356
0.0002547885479219221
0.00233943065308067
0.0012036205830256962
-0.001678608718711232
-0.0030094814173420572
-0.0008162165418620263
-0.0023452386072403382
-0.00136282337987114
0.000761356008936961
0.0012243916355671011
-0.00006598560412348157
0.0007767242047463936
0.00027789767096117663
-0.0008927704333052987
-0.001209610322746777
-0.000161050896298442
-0.0008499094663990323
-0.0003008535851861959
0.00016825297854336328
0.0003183833409556053
-0.00014618940067779627
-2.4805958187426877e-6
-0.00024992913017579644
-0.00033901392512453784
-0.0001213612999773372
0.000051804991762678107
0.00134680683351876
0.00026735396548594923
0.000013657522944989087
-0.00005976100461974585
-0.0000633271473730877
-0.000295636664384527
-0.00013898578256261524
0.00008613249895188727
0.0004245111207409559
0.0015167801640120894
0.0005428045895293917
0.0006811957299642635
-0.00031325985940909064
-0.0005378454642054519
0.0001384865760532081
-0.0009250440051552577
-0.0003172226142810934
0.0004887268767944973
0.0009033891198458273
0.0003291184095700531
0.0011614098329602073
0.0009713224145905854
-0.00014008331236061642
-0.0002266589755127531
0.0006534130057855216
-0.0009340565090483164
0.00017410170557000896
0.001073493636655072
0.00146184008397355
0.0004028407655998284
0.0022062595934190564
0.0011555303348133685
-0.0006293820403499903
-0.0015252453307565007
0.001934963304266496
0.0002245310054811686
0.001347109636515675
0.0026821981673853935
0.001665609869898783
0.0006123281873509722
0.002511738723431446
0.0014837780710329632
-0.000026324643548147702
0.003205432366869435
0.005055026173488381
0.0000795593137380118
0.004757236076908253
0.004554067331745453
0.00125393428153461
0.00003588402559405704
0.004530894774993877
0.0015224769114425577
-0.00010661265920250991
0.009853358813592216
0.013425335213053112
0.00943253156883417
0.015198879557295186
0.013199013908219506
0.006785623614347957
-0.0014087602201902129
0.012031279509180105
0.0033819454010272612
0.012054287192485887
0.053229140969076404
0.0709493040502826
-0.012022581204467052
0.09567725279964213
0.08658226602479632
0.02627988005666279
-0.11886973028933086
0.23005038574012762
-0.07279576753742799
1.7345111784610088
19.783230764570437
9.090428942269673
0.7274839307621829
0.411748474455848
0.31702577915914665
0.07482631551676029
-0.02865796381598922
0.08753957402923705
-0.0032718264392727907
0.0049819040710280885
0.04915453754831377
0.05281794001774684
0.016154113630819155
0.030061711786934384
0.024691485121126795
0.00491499374891571
-0.004611291920981423
0.013321981693250134
0.0006718225955068405
-0.002067549909448535
0.009244042756878665
0.01460329377519916
-0.0027402648732544844
0.00757759981113853
0.00953186538926144
0.003847072709906733
-0.0032191490139120683
0.008359002642481525
0.0010970639338267899
-0.0015194526065920666
0.0016301478489145636
0.006602764884038647
-0.0029102800307607983
0.002643785560394756
0.005159045439739151
0.003290382779533928
-0.0019725936621556965
0.006323807354940262
0.0014823754639330293
-0.002409088742623071
-0.0005404584149097989
0.003040749597895564
-0.0043652202602527295
0.0001608847349408951
0.0033419279776815665
0.003208515794758155
-0.0018219442983636199
0.00599481642786798
0.002210123533824464
-0.0033012609236844287
-0.001485114321830298
0.0011250772692973949
-0.004799052725779038
-0.0003808440843088046
0.0012042781839593938
0.0017858932953342885
0.001760813954922844
0.001559280706210358
0.000616884840073439
-0.001357141716845708
-0.005592571768339378
0.0082051888650269
-0.002910043447426684
-0.002014709011418961
0.0029673085252230258
0.0032760902306636247
2.90222039799888e-6
0.0038933756767732387
0.001829893027900484
-0.001476423592991169
-0.003651867804298706
0.00014838864537269675
-0.0033160951945974933
-0.002169263100864043
0.0020936383841337054
0.0034892042306827937
0.0005105877759336396
0.003826758203095597
0.0022043260356545964
-0.001453059274788841
-0.003726299548388584
-0.0006508241186857084
-0.0036093177164914204
-0.002675561709054584
0.0015821090925156758
0.0034848008237580363
0.0006140000072995616
0.003900591093103265
0.002233626399966439
-0.0017582834449529892
-0.004262716271153375
-0.0013470516708716062
-0.004416801089783218
-0.003283145640577693
0.0010206269892584952
0.0030968334157277936
-0.00006109427888327667
0.0035908080556050713
0.0015653146743598583
-0.0028684786420533383
-0.005379600516069774
-0.00200016388459377
-0.00620651499740705
-0.004253490088787082
0.0008644559746225753
0.002099706756637668
-0.0028709807705237828
0.003543542570015279
-0.0008203377435313297
-0.007644670215148455
-0.009125642816026246
-0.002551248026931752
-0.01492937971835801
-0.007906401879307818
-0.0005871020636749751
-0.006957813462170404
-0.030458402609177922
0.006112666037996388
-0.04479763275443938
-0.08675614967434649
-0.08415008679832549
0.07213421507529913
-0.866326326257257
-1.840270966596989
0.17607214090425452
-0.08196530526300183
-0.12959515740927344
0.026761025190657057
-0.03121115722783776
-0.042204071132143445
-0.014756163148927103
0.016285746007081072
-0.040587584324607975
0.008630769654478097
0.010121206908785194
0.00022096326796957168
-0.004101907354801613
-0.007331373336903514
-0.007869422938094915
-0.00635395810162056
-0.0027156253574176737
0.004601432512953298
-0.004892085296833054
-0.000593986696759842
0.00392560090306701
0.0029557606594869047
-0.0063805026390365465
0.0036877440116055617
-0.00036869903628539114
-0.004212672696951698
-0.003470990423470841
0.0014174705935531082
-0.004477953864093528
-0.0016558599046302123
0.0018235329783430677
0.002118458825658478
-0.0021145992358224605
0.003129840942358831
0.0007843142418840492
-0.0025851836421972277
-0.0033315159515045238
0.000029799135947072796
-0.003852135502536735
-0.0019753946345669802
0.001301553618757572
0.0025270126515749684
-0.000564788343005713
0.00288777246379687
0.0013249563064293727
-0.001965299134037213
-0.003224872444032862
-0.0005779980553952298
-0.0035536822115547965
-0.0022531136165332
0.0010519356092062594
0.002629512066674396
5.548483963939418e-6
0.002874551059108001
0.0016502016466039635
-0.0016094861551134666
-0.003203748555552535
-0.0008588650421438281
-0.003334468108256128
-0.002292868110213768
0.0009137404393926425
0.0026819648524264933
0.0003459165344782296
0.002751314246813435
0.0018418583067485446
-0.0013938825099518426
-0.0031442004327144435
-0.0009368417808068558
-0.003179286776660519
-0.0023500622127920184
0.0008648474419222451
0.002778641088093583
0.0006617149997374481
0.002742450497280928
0.002007374618996467
-0.0012119832316245457
-0.00320855471658183
-0.0011411990970263538
-0.003104678809955777
-0.0023795377807767026
0.0007225636796946213
0.002806258635135488
0.0008393819031231145
0.002742751971830699
0.0021141702768195402
-0.001107783895311262
-0.0031891880798331214
-0.0012007268640008223
-0.0030618878104907168
-0.0023940328564382575
0.0007836013836481963
0.002842773352500985
0.0009289898504646357
0.0027686644865545736
0.002170644991240657
-0.0010367539978464152
-0.00317074778917432
-0.0012574665207259906
-0.0029700781258046984
-0.0024624165883365655
0.0008454196051528632
0.002997343851515175
0.0010736304782145998
0.0027905041886475343
0.0022946855329113434
-0.0009863093716896872
-0.003257404376577508
-0.001351708858229376
-0.0029801930257176822
-0.00250038321083179
0.0007761645324264096
0.002929695742057957
0.0011860005539859303
0.002766937018570477
0.002281089216390111
-0.0009534327257738339
-0.003084233659253766
-0.0013577230628208379
-0.002912018568045337
-0.002549534914487102
0.0007350319774402683
0.0029095695278023876
0.0012921186468203866
0.002758508819123767
0.0025706284614317064
-0.0009286824839530482
-0.0030599657685852276
-0.0013578652919924758
-0.002782731195900019
-0.002471897189111104
0.0006813789045088092
0.0030502613270453056
0.001339827824067967
0.002717890767980162
0.0024118134021981034
-0.0007078492314210588
-0.003280858057316183
-0.0014030087194410595
-0.0029250107524012746
-0.002606029355806864
0.0007146209763157904
0.003179901133540685
0.0014871467184829413
0.0025684380485653294
0.002600095539037043
-0.000670351611363602
-0.003302011204740424
-0.0015497314145926752
-0.0027933360869380813
-0.002702969540309033
0.0006078791522600044
0.0031770051068468184
0.0016461949797806372
0.0026785201502772843
0.0025393895355987736
-0.0006353919888652679
-0.0032304436619901714
-0.0017298844159338521
-0.002730432507535659
-0.0026170739791560875
0.0005243446461760781
0.0031612361819746944
0.0016003254863485351
0.002739163994665407
0.002473742633597792
-0.0005330125096126787
-0.0032992883516065846
-0.0017040302528044627
-0.0028492156149068633
-0.0029461971866206853
0.0004843508033005424
0.0030691470341543355
0.0017819067372298787
0.00250437402792427
0.0026107945002426356
-0.0005912576368742487
-0.0034071568543831256
-0.0018104651793763083
-0.0027152140324063264
-0.0026550517480194457
0.0005092438554779481
0.0030656655385735312
0.0015933952657566305
0.0029587752333589826
0.002585126852102291
-0.0005439832493524569
-0.0031834243508127302
-0.0017263129745686136
-0.002739976996965934
-0.002755341007117478
0.0005802804593710491
0.003184278975212456
0.0017349788637247272
0.0027395968723028315
0.0026752395788502943
-0.0005987419768682062
-0.0032526754806247687
-0.0017517020999622162
-0.0026555529995946196
-0.0026533527566966024
0.0005213701352120623
0.003205699246740461
0.0018418104233522894
0.002823753804730334
0.0026636825646243006
-0.0006304703152396826
-0.0033689150047236088
-0.0017847967865554813
-0.00259385889385213
-0.002566763126087364
0.000613453800925681
0.0032680954522928945
0.0019192442255865085
0.0026439535337860046
0.0025369848985552276
-0.0005917344457591245
-0.0031055375701016593
-0.0017216563707882493
-0.0026499750995912304
-0.0026567737244819803
0.0006704834288427686
0.003264767517723096
0.001571694795621576
0.0027576976434673826
0.0025838649876617037
-0.000691349433253235
-0.0032331002752279234
-0.0015731516754042057
-0.0028104456906645407
-0.0026486252288890123
0.0006410127268943843
0.003230703118597748
0.0016127829346372277
0.0028479004837343534
0.002678329755283821
-0.000662218565874139
-0.0032283827508683433
-0.0015921781998234005
-0.0028700305082129405
-0.0027163795902549028
0.0006165811827888416
0.003222202833070661
0.0017099820211274937
0.0028596309214043614
0.002641275834387388
-0.000652813055784128
-0.003277423848500487
-0.001688685678750392
-0.002742606613036507
-0.002609427622106227
0.0005736347793934378
0.0031319478724422902
0.0016747801424011914
0.002882841933510699
0.002792777273646644
-0.0004875827347070702
-0.003233181035216808
-0.0016214967628088836
-0.0026761562250668166
-0.0026644096416906494
0.0005523426676949901
0.003234968749958507
0.0018521054804390754
0.0028332183674595925
0.0028127352318430675
-0.0005796708280274238
-0.003509593936054143
-0.001784952701501277
-0.002783597204569672
-0.0029376084137467027
0.000615979708836541
0.0034854814617220594
0.0019773690602815364
0.002706776868034916
0.0029356700864554943
-0.0004830911734172505
-0.0031529687614527146
-0.0019496788688745713
-0.002851070052956464
-0.0028684827565452287
0.00047715783854222505
0.0036331040086540482
0.0019612870936433517
0.0027885631130263383
0.003068848263448608
-0.00041005820473001266
-0.0034043819210535357
-0.0021733274454852096
-0.002604792343796908
-0.0028206195811846762
0.000480039881824466
0.0034693556855529945
0.0019928635255740982
0.0026486854724086808
0.002979486444253558
-0.00044615476436166466
-0.003433345036486908
-0.0017113734386078694
-0.002545747899003634
-0.0027957373412493586
0.0004893250754565241
0.00356194875452739
0.0019451741100567942
0.002704933357956472
0.0026378694160634443
-0.0003787588945621175
-0.0034940163542232583
-0.001895683949284292
-0.0027519882981352256
-0.002719954357427518
0.0003912226198580073
0.003290993874634062
0.0018109401754235245
0.0027620330482533264
0.0029284325553256747
-0.0005053624184506493
-0.0033471717431113415
-0.0018645757732426434
-0.0027701036213283363
-0.0029874218130319014
0.00046362990243539357
0.003363821818981681
0.002050486847477845
0.002688926197279301
0.0030277617170258128
-0.00047014893262968944
-0.003369593823036694
-0.0018428944540498239
-0.0027946570025007143
-0.002926324208648174
0.00045392153995582336
0.003145846842192443
0.001970796914178972
0.002782356167185367
0.0026840473042369323
-0.0004068435802222191
-0.0032390571980932185
-0.0018461300699634663
-0.002608678912063568
-0.0027410133075704375
0.0005346768210924902
0.0031442206413803604
0.001975377709455768
0.002538918032290484
0.00290863796638305
-0.000449392354693309
-0.0030466203959189754
-0.0018856241880246321
-0.002700208610676465
-0.00299833674675363
0.0004708681580317981
0.0030539971179215177
0.0017961338050479561
0.0026857869294872137
0.002810050895106676
-0.00035318519154112823
-0.0030915078587458963
-0.0019429674719342951
-0.0027593440372243256
-0.0027222781460813942
0.00037732479856797694
0.003277004535298927
0.002165935985099493
0.0026779070747421523
0.002841649587327123
-0.000485313859082103
-0.0034930517175751157
-0.002152884526467209
-0.00263232432625429
-0.0029445373941161
0.00045393300185322694
0.0033172829611270295
0.0019397669031580688
0.0026813422408769163
0.002828264333787251
-0.0004341905802109142
-0.003189692110966812
-0.0020662352620055098
-0.002766927521147739
-0.002603672397131386
0.00046729208889454424
0.0031041620119351774
0.001803261153922498
0.0027630176498772393
0.00302796792439317
-0.00048358627738709944
-0.003104643014420776
-0.0019291862622884302
-0.0026910312351099068
-0.0027971727181641025
0.0004968516397357921
0.0033356634175303657
0.0020275135740146586
0.0025561074499216674
0.0027761428416561745
-0.00044475658122081907
-0.0032317800768685515
-0.0018552513755588566
-0.0026411893572357427
-0.002880588109337584
0.00046131423877452315
0.0032792407385168593
0.0020180256137315973
0.0025935113796876
0.00288041884303929
-0.0004540682544690192
-0.003213045205430027
-0.001975443325046596
-0.0026878702380623083
-0.0028359379702686638
0.00043378421135426123
0.0032816232334411744
0.0019633011048790956
0.002688566916280775
0.002795802431132033
-0.00044002230901210647
-0.0032675593661580155
-0.0019851000481687325
-0.002584915622765362
-0.0027474562278897905
0.0004285089990680601
0.0031829154722330224
0.0019044787145242835
0.002676678274922146
0.0027801494747384217
-0.00041818724449318024
-0.0031609992815111597
-0.0019530187921116115
-0.0026141480942959523
-0.0027805160712276586
0.0004258069773710723
0.0032614153251008123
0.0019924727956785056
0.0025876962110110034
0.0028714520742999287