0.2000001415894116
0.20001713596684692
0.2000624898058104
0.20013630076853725
0.20023873024899014
0.20037000738352287
0.20053043493499162
0.20072039740883457
0.20094037191860697
0.2011909425327377
0.2014728191318099
0.20178686222885886
0.20213411582000615
0.20251585124420807
0.20293362640998888
0.20338936687902115
0.20388547866970186
0.20442500811894737
0.20501187328216836
0.2056512071088418
0.20634988078957944
0.2071173281123183
0.20796689411925004
0.20891814308163154
0.21000102865024028
0.2112639504721526
0.21279069666919917
0.21474026607810456
0.2174560013812112
0.22184154434032546
0.23127409020623238
0.2754513263202478
0.16249939396271917
0.1935555360294664
0.20179210826957072
0.20599798815249346
0.20881686450665288
0.21101026880883955
0.21287902431576985
0.21456600093156483
0.21614793472338864
0.217669892731815
0.21916023225253495
0.2206378220597505
0.2221158245339429
0.22360380916376973
0.22510899771961793
0.22663703091719165
0.2281924584787028
0.22977906269628223
0.23140007823102285
0.2330583452684282
0.2347564187322865
0.23649664785040247
0.23828123530708353
0.24011228208887017
0.2419918221468738
0.24392184971375616
0.24590434126342292
0.24794127352920367
0.2500346386045042
0.25218645687771624
0.25439878836149066
0.2566737428398609
0.25901348915831746
0.261420263910439
0.2638963797223514
0.2664442332978132
0.26906631335837394
0.27176520859220765
0.2745436157100091
0.2774043476954558
0.28035034233015643
0.28338467106810333
0.28651054833184675
0.2897313413016202
0.2930505802691567
0.29647196962980166
0.29999939958964145
0.30363695866864193
0.3073889470862283
0.3112598911223551
0.31525455855493345
0.31937797528362283
0.32363544326051363
0.32803255986031743
0.33257523883645934
0.33726973302518914
0.34212265897769595
0.34714102372054806
0.352332253867915
0.3577042273353612
0.3632653079350172
0.3690243831661657
0.3749909055544345
0.3811749379375502
0.38758720314697936
0.39423913859378423
0.4011429563349278
0.4083117092746176
0.4157593642458704
0.42350088282244325
0.4315523108332322
0.4399308776932432
0.4486551068310617
0.4577449386868614
0.46722186798291704
0.477109097236915
0.4874317088053081
0.49821685811939126
0.5094939912230849
0.5212950902535953
0.5336549511431277
0.5466114985849444
0.560206144229709
0.574484195194963
0.5894953213284779
0.6052940913240394
0.6219405898217512
0.6395011301307989
0.6580490803164655
0.6776658242572875
0.6984418841159266
0.7204782367584438
0.7438878643730665
0.7687975893778464
0.7953502563352616
0.8237073399190953
0.854052079248805
0.8865932668392931
0.9215698574122081
0.9592566112704148
0.9999710536908273
1.044082122837621
1.0920210042747127
1.1442948254540826
1.2015041314559494
1.264365418778896
1.3337405216686957
1.4106754119131046
1.4964521285077028
1.592659330645031
1.7012897612271431
1.8248774087374648
1.9666946059473012
2.1310420217954382
2.323686977954325
2.5525468468890384
2.8287938351848267
3.1687190023225997
3.597042978446171
4.153177933208863
4.904045615231433
5.973152009169045
7.6164189749137075
10.464615231387208
16.60600322812175
39.547497032716805
-107.41882493756115
-23.04597670395436
-12.973435976592572
-9.062871895034126
-6.985128819301108
-5.696850491568364
-4.820307824678947
-4.185606618524714
-3.705029489717118
-3.3287108126602307
-3.026207959978935
-2.7778839737867034
-2.5705041827843225
-2.394823844590466
-2.244190118003239
-2.1136933719399265
-1.9996314800468595
-1.8991602369929834
-1.8100585841635102
-1.7305669385031992
-1.659273378833034
-1.5950319394489414
-1.536902918816269
-1.4841085808333394
-1.435999809130479
-1.3920306803725817
-1.3517388465094107
-1.3147302349475114
-1.2806669975724152
-1.2492579317596455
-1.220250801842198
-1.193426135734445
-1.1685921768617018
-1.145580748469332
-1.1242438441091342
-1.1044508003517934
-1.086085939541876
-1.0690465945110892
-1.0532414455982722
-1.038589114535674
-1.025016970798285
-1.0124601146460845
-1.0008605078866921
-0.9901662287735323
-0.9803308317499291
-0.9713127961958288
-0.9630750511137142
-0.9555845649464075
-0.9488119915606892
-0.9427313649419651
-0.9373198363933032
-0.9325574490696276
-0.9284269455457954
-0.9249136048495832
-0.9220051060133012
-0.9196914157331936
-0.9179646981912228
-0.9168192455044749
-0.9162514276354609
-0.9162596609330381
-0.9168443947876596
-0.9180081161850503
-0.9197553722371039
-0.922092811065717
-0.9250292417219518
-0.9285757141483983
-0.9327456205451832
-0.9375548198900343
-0.9430217878023396
-0.9491677944430976
-0.9560171137242185
-0.9635972677810087
-0.9719393114659205
-0.9810781625793681
-0.9910529847025461
-1.0019076308855044
-1.0136911581301153
-1.0264584246702635
-1.0402707845868127
-1.055196897430241
-1.0713136744239937
-1.0887073877005915
-1.107474975164317
-1.127725581354541
-1.1495823846041533
-1.1731847735250915
-1.1986909523264724
-1.2262810759406708
-1.2561610441428102
-1.28856712123562
-1.3237715978789024
-1.3620897791882927
-1.4038886754244113
-1.449597898862973
-1.4997234482536146
-1.5548653139849054
-1.6157401984382314
-1.683211172819491
-1.7583268726711205
-1.8423740131889377
-1.9369488213254415
-2.044055841218458
-2.1662471847571836
-2.3068229555280486
-2.4701266744382355
-2.6619927482260293
-2.8904458358775065
-3.1668346764902013
-3.5077516206034605
-3.9384560077102746
-4.499382344818779
-5.259549324926246
-6.347238597305056
-8.030983434731558
-10.983311971833313
-17.49823197802788
-43.776578546949416
83.47710100241042
21.24503902040956
12.108471233108897
8.439797567830935
6.461843865902767
5.225205313763514
4.379222120337656
3.764265897303078
3.2972472906534787
2.930652837774762
2.6353458296317975
2.3924653181148225
2.1892632705551653
2.016813746841674
1.8686804293385035
1.740105252240913
1.627494924024962
1.5280851017352615
1.4397144192196203
1.3606686128058998
1.2895706229894341
1.2253015924820778
1.1669430804994778
1.1137341308089619
1.0650389220758079
1.020322077461162
0.9791295981419592
0.9410739809394929
0.9058224866524993
0.8730878074448177
0.8426205798178042
0.8142033309698079
0.7876455483053694
0.7627796362938473
0.7394575798075577
0.7175481740114436
0.6969347116785127
0.677513042184789
0.6591899343279626
0.6418816889126725
0.6255129577652561
0.6100157342269676
0.5953284867787338
0.5813954126827072
0.5681657926966154
0.5555934312594482
0.5436361692406295
0.5322554585262826
0.5214159894915515
0.5110853638594672
0.5012338066390853
0.49183391181846753
0.48286041730242
0.4742900052615438
0.4661011246239214
0.4582738329136017
0.45078965503744417
0.44363145695700573
0.4367833324653754
0.4302305015295607
0.4239592188633151
0.4179566915703141
0.41221100484675915
0.4067110548608997
0.4014464880374061
0.39640764606963824
0.39158551606531566
0.3869716853025975
0.38255830013551645
0.37833802864198757
0.3743040266548691
0.37044990685786017
0.36676971066451847
0.3632578826306347
0.3599092471784219
0.3567189874360835
0.3536826260184618
0.3507960075942469
0.3480552831031001
0.345456895501591
0.342997566931564
0.3406742872171896
0.3384843036089778
0.33642511170379674
0.3344944474799101
0.3326902803954326
0.33101080750725054
0.3294544485757733
0.32801984212886964
0.3267058424658541
0.3255115175901913
0.32443614806680454
0.323479226807604
0.3226404597964968
0.3219197677730156
0.32131728890216316
0.3208333824666858
0.3204686336275827
0.32022385930876446
0.32010011527280446
0.3200987044671342
0.3202211867334047
0.3204693899878864
0.320845422997918
0.32135168989821644
0.32199090661286983
0.32276611937343913
0.323680725551792
0.32473849705890306
0.32594360659810295
0.32730065710448364
0.32881471475250085
0.3304913459718421
0.3323366589800712
0.3343573504201134
0.336560757784538
0.3389549184190221
0.34154863602829266
0.34435155576266924
0.3473742491486956
0.3506283103475266
0.35412646549053883
0.3578826971602029
0.36191238647071294
0.3662324756712906
0.37086165476683625
0.3758205763508908
0.3811321037077734
0.38682159830692286
0.3929172541383061
0.3994504879952071
0.40645639689453894
0.41397429646094425
0.4220483574566976
0.43072836193956954
0.44007060608109083
0.4501389838942011
0.46100629557855327
0.47275583669397536
0.4854833410485726
0.4992993726413854
0.5143322925489047
0.5307319686626576
0.5486744546705596
0.5683679471167451
0.590060447206901
0.6140497249629127
0.6406964353754775
0.670441614492055
0.7038303623078924
0.7415444245560998
0.7844478349964947
0.8336521632401813
0.8906119506582412
0.9572679905258584
1.0362689862058545
1.1313266251377938
1.247808199695683
1.393775445206681
1.5819178111731031
1.8334291075615101
2.1865651923179072
2.7181379404139507
3.608439351343681
5.4039086501059215
10.902701848986888
-147.37895778389398
-10.089756529682118
-5.096691599755435
-3.3950708074081914
-2.537593651542374
-2.02117335055331
-1.6762228674585762
-1.4295993683590045
-1.2445798095437273
-1.100702692207852
-0.9856642639270182
-0.8916215931111359
-0.8133389980081305
-0.7471877946441742
-0.6905737146142059
-0.6415928533901465
-0.5988163732039551
-0.5611510466143252
-0.5277462010333256
-0.497929998666685
-0.471164801312742
-0.44701526832896943
-0.4251251423340435
-0.40520008231727583
-0.3869947827337241
-0.37030318008119567
-0.35495091676316354
-0.3407894777269491
-0.32769158217629935
-0.3155475277556172
-0.3042622652097547
-0.2937530387536038
-0.2839474685350229
-0.27478198151370364
-0.2662005191001167
-0.2581534662620151
-0.2505967590836247
-0.2434911370552574
-0.2368015134657039
-0.2304964427280869
-0.2245476677015101
-0.21892973337405944
-0.21361965586923387
-0.20859663779114623
-0.20384182255761807
-0.19933808167802472
-0.19506982998440023
-0.19102286467571647
-0.18718422472646368
-0.1835420677761191
-0.18008556207934642
-0.17680479147934466
-0.17369067168287486
-0.17073487637882942
-0.16792977196195374
-0.16526835980757432
-0.1627442251985196
-0.16035149213683864
-0.15808478338475154
-0.15593918517470243
-0.15391021611071187
-0.15199379985432784
-0.15018624125049193
-0.14848420560346418
-0.14688470086128005
-0.14538506251132538
-0.14398294102936773
-0.1426762917618267
-0.14146336715619928
-0.14034271128884693
-0.1393131566732364
-0.13837382336614854
-0.1375241204252629
-0.13676374980969572
-0.13609271285673555
-0.13551131951415468
-0.13502020055993208
-0.13462032310110733
-0.1343130097135198
-0.13409996166645471
-0.133983286773956
-0.13396553253230672
-0.1340497253448337
-0.13423941680832988
-0.1345387382475647
-0.13495246494607283
-0.13548609184678076
-0.13614592290288494
-0.1369391767708854
-0.13787411218645523
-0.13896017719001125
-0.14020818743115435
-0.14163054015477364
-0.14324147226321787
-0.14505737320444087
-0.14709716656008145
-0.1493827783891228
-0.1519397160367237
-0.15479778884165946
-0.15799201285016107
-0.16156375657363145
-0.16556220598847673
-0.17004625739546966
-0.17508699116689758
-0.1807709453465316
-0.1872045077850662
-0.19451989937990052
-0.20288346384091166
-0.2125073722932152
-0.22366650453919937
-0.23672339030834158
-0.25216608789537454
-0.27066756990507124
-0.2931823513280804
-0.321110787546949
-0.35659363463359345
-0.4030757028051929
-0.4664768958920661
-0.5579013323575476
-0.7009015956114868
-0.955709945015119
-1.536097679468999
-4.152267423711371
5.315638723514985
1.5881259200193585
0.9188272393346681
0.6394769006345848
0.4863228443925435
0.3896999153362109
0.32324703679821565
0.2747861485520884
0.23791473445476582
0.20894495920120007
0.18560282448746174
0.16640991702091906
0.15036348542442052
0.13675940176832474
0.1250887149297804
0.1149744190528484
0.10613130775340678
0.09833964483306713
0.09142740490941464
0.08525799712208018
0.07972159358525709
0.07472888532439685
0.07020650824997579
0.06609364030332063
0.06233943424523894
0.05890105609633021
0.0557421688431142
0.05283174779451859
0.05014314593971446
0.04765334985031619
0.04534238229924352
0.043192818922916536
0.04118939431262306
0.039318678810589064
0.037568811636598407
0.03592927921635713
0.03439073002644939
0.03294481912687869
0.03158407697368839
0.03030179820119924
0.029091946916272506
0.027949075714625647
0.02686825615523085
0.02584501884584095
0.024875301625237982
0.02395540459447277
0.023081950964344247
0.022251852860556965
0.021462281369826235
0.02071064022619226
0.01999454263211417
0.01931179078752969
0.018660357765203344
0.01803837142483253
0.01744410010360085
0.01687593985871036
0.01633240306926855
0.015812108231732125
0.01531377080581678
0.014836194987048744
0.0143782662985259
0.013938944908457427
0.013517259592019135
0.013112302266342784
0.012723223036301261
0.012349225696371547
0.01198956364045208
0.011643536137224068
0.011310484933604408
0.010989791153157487
0.010680872460098138
0.010383180462808946
0.010096198333677218
0.009819438624586313
0.009552441259619333
0.009294771688488543
0.00904601918593371
0.008805795283857793
0.008573732324318054
0.008349482122691187
0.008132714731392904
0.00792311729547855
0.0077203929922963575
0.0075242600481133905
0.007334450825309226
0.007150710974330965
0.006972798645142367
0.006800483753382984
0.006633547296885791
0.006471780718593324
0.006314985312261268
0.0061629716676576875
0.006015559152249164
0.005872575426625276
0.005733855991144701
0.005599243761499189
0.005468588671082425
0.005341747298224833
0.005218582516513511
0.005098963166561278
0.004982763747716866
0.004869864128331084
0.004760149273299709
0.004653508987704015
0.004549837675461205
0.004449034111978691
0.004351001229883097
0.004255645916963536
0.004162878825533236
0.00407261419247161
0.003984769669262541
0.0038992661613941586
0.003816027676530909
0.0037349811809103003
0.0036560564634551458
0.0035791860071279296
0.0035043048670862307
0.003431350555228876
0.0033602629307497097
0.0032909840963425106
0.0032234582997235826
0.003157631840161596
0.003093452979723542
0.003030871858966002
0.0029698404168171533
0.0029103123144124557
0.0028522428626611604
0.0027955889533355545
0.002740308993487578
0.0026863628430095934
0.002633711755167811
0.0025823183199468825
0.002532146410054527
0.0024831611294437385
0.002435328764219128
0.0023886167358015656
0.0023429935562329506
0.002298428785509783
0.0022548929908408413
0.0022123577077301482
0.00217079540279232
0.002130179438212565
0.002090484037768621
0.0020516842543366644
0.002013755938807419
0.0019766757103430762
0.0019404209279092258
0.0019049696630196937
0.0018703006736356977
0.0018363933791637407
0.0018032278364997648
0.001770784717069881
0.001739045284820576
0.0017079913751139391
0.0016776053744856395
0.0016478702012256371
0.0016187692867437576
0.001590286557684169
0.0015624064187545804
0.001535113736237884
0.001508393822155438
0.0014822324190528712
0.0014566156853806453
0.0014315301814430575
0.0014069628558907163
0.0013829010327325963
0.0013593323988451385
0.00133624499195681
0.0013136271890877224
0.0012914676954247004
0.0012697555336133783
0.0012484800334495434
0.0012276308219529943
0.0012071978138077431
0.0011871712021534252
0.0011675414497132315
0.0011482992802445305
0.0011294356702988657
0.001110941841278761
0.0010928092517792016
0.0010750295902022876
0.0010575947676340893
0.0010404969109731512
0.0010237283563006776
0.0010072816424827296
0.0009911495049953604
0.0009753248699638569
0.0009598008484077842
0.0009445707306837439
0.0009296279811182621
0.0009149662328234489
0.0009005792826883983
0.0008864610865396517
0.000872605754464266
0.0008590075462893663
0.0008456608672122458
0.0008325602635754182
0.0008197004187811605
0.0008070761493404172
0.0007946824010510254
0.0007825142453005762
0.0007705668754892845
0.0007588356035684967
0.0007473158566906557
0.0007360031739666613
0.0007248932033267771
0.0007139816984813448
0.000703264515977763
0.0006927376123502928
0.0006823970413594007
0.0006722389513174818
0.0006622595824979257
0.0006524552646246233
0.0006428224144390751
0.0006333575333424556
0.0006240572051100022
0.0006149180936752652
0.0006059369409818024
0.0005971105649000297
0.0005884358572070209
0.0005799097816270833
0.000571529371931109
0.0005632917300926889
0.0005551940244991133
0.0005472334882153975
0.000539407417299614
0.0005317131691677893
0.0005241481610067656
0.0005167098682334249
0.0005093958229987775
0.0005022036127354463
0.0004951308787471279
0.00048817531483869226
0.00048133466598558746
0.0004746067270413101
0.0004679893414817026
0.0004614804001849151
0.0004550778402458951
0.00044877964382432345
0.0004425838370249099
0.0004364884888090681
0.0004304917099369729
0.00042459165193903736
0.00041878650611591945
0.000413074502566156
0.00040745390924058316
0.0004019230310227059
0.00039648020883423067
0.000391123818764996
0.00038585227122654183
0.0003806640101286159
0.0003755575120779145
0.0003705312855983921
0.0003655838703724882
0.0003607138365026455
0.00035591978379251847
0.0003512003410472813
0.00034655416539246595
0.0003419799416107951
0.0003374763814964651
0.00033304222322638147
0.00032867623074783346
0.00032437719318214475
0.0003201439242438285
0.00031597526167479216
0.0003118700666931688
0.0003078272234563446
0.0003038456385377783
0.0002999242404172191
0.0002960619789839348
0.0002922578250525915
0.0002885107698914151
0.0002848198247622896
0.0002811840204724632
0.00027760240693752876
0.00027407405275536124
0.0002705980447907173
0.00026717348777018633
0.0002637995038872163
0.0002604752324169294
0.00025719982934046105
0.00025397246697855764
0.00025079233363418366
0.00024765863324388256
0.0002445705850376653
0.0002415274232071856
0.00023852839658197825
0.00023557276831354768
0.0002326598155670895
0.00022978882922064544
0.00022695911357148449
0.0002241699860495274
0.00022142077693761822
0.00021871082909846913
0.00021603949770808976
0.0002134061499955432
0.00021081016498885748
0.00020825093326692193
0.0002057278567172262
0.00020324034829927894
0.0002007878318135649
0.00019836974167588737
0.0001959855226969683
0.00019363462986716177
0.0001913165281461523
0.00018903069225750747
0.00018677660648796555
0.0001845537644913317
0.0001823616690968675
0.00018019983212206044
0.00017806777418966096
0.00017596502454888068
0.00017389112090064303
0.00017184560922679098
0.00016982804362314634
0.00016783798613632803
0.00016587500660423255
0.0001639386825000886
0.00016202859877999714
0.00016014434773386541
0.00015828552883965803
0.00015645174862087872
0.00015464262050720652
0.00015285776469820475
0.0001510968080300336
0.00014935938384508658
0.0001476451318644866
0.0001459536980633648
0.00014428473454886198
0.00014263789944078258
0.00014101285675483663
0.00013940927628841172
0.00013782683350881014
0.00013626520944389593
0.00013472409057508947
0.00013320316873265933
0.00013170214099325338
0.00013022070957961662
0.00012875858176244494
0.00012731546976432393
0.00012589109066570473
0.00012448516631286577
0.0001230974232278197
0.0001217275925201141
0.00012037540980048733
0.00011904061509633121
0.00011772295276892208
0.00011642217143238034
0.00011513802387431342
0.0001138702669781095
0.00011261866164684044
0.00011138297272873821
0.00011016296894420796
0.0001089584228143443
0.00010776911059091512
0.00010659481218778123
0.00010543531111371697
0.00010429039440660151
0.0001031598525689523
0.00010204347950476459
0.00010094107245763388
0.00009985243195012857
0.00009877736172438798
0.00009771566868391391
0.00009666716283653432
0.00009563165723851019
0.0000946089679397608
0.00009359891393018241
0.00009260131708703668
0.0000916160021233866
0.00009064279653755334
0.00008968153056357544
0.00008873203712264653
0.00008779415177551117
0.0000868677126757957
0.00008595256052425767
0.00008504853852392996
0.00008415549233614394
0.00008327327003740905
0.0000824017220771328
0.00008154070123616364
0.00008069006258613594
0.00007984966344960356
0.00007901936336094243
0.00007819902402800822
0.00007738850929452967
0.00007658768510322597
0.0000757964194596298
0.00007501458239660286
0.00007424204593952765
0.00007347868407216341
0.00007272437270315092
0.00007197898963315202
0.000071242414522612
0.00007051452886013128
0.00006979521593143394
0.00006908436078891885
0.00006838185022178471
0.00006768757272671435
0.00006700141847910806
0.00006632327930485323
0.00006565304865262173
0.00006499062156668213
0.00006433589466021615
0.00006368876608913064
0.00006304913552635369
0.00006241690413660534
0.00006179197455163311
0.00006117425084590349
0.00006056363851273902
0.000059960044440893675
0.00005936337689155568
0.00005877354547577078
0.00005819046113227709
0.000057614036105742244
0.00005704418392539634
0.000056480819384052214
0.000055923858517504795
0.000055373218584302114
0.00005482881804588159
0.00005429057654706301
0.00005375841489689259
0.00005323225504982878
0.000052712020087266275
0.00005219763419938937
0.000051689022667348256
0.00005118611184575314
0.000050688829145478885
0.00005019710301677484
0.00004971086293267302
0.000049230039372689755
0.00004875456380681475
0.000048284368679781996
0.000047819387395616566
0.000047359554302452854
0.00004690480467761894