0.20000012516377788
0.2000162244707953
0.2009506571186808
0.20010730629512147
0.20039590961784873
0.20050255934688224
0.1991676431544571
0.20118446855225605
0.20093117219700182
0.20182258526148356
0.20136340248039353
0.20185944153295204
0.20145507232623006
0.20184257638680136
0.20206441048643242
0.20347918122743164
0.20491338233052228
0.2052801468494835
0.2059424541468616
0.20693263863521055
0.20626039224821363
0.20573831488407826
0.20673821126558095
0.20751100664772204
0.20804235734454932
0.21128165042126337
0.21535233511159363
0.21714238599525498
0.22275111306015224
0.23408705611470976
0.23449436929903433
0.2234745071755253
0.2074228994006281
0.18838855106106467
0.19528031842836216
0.20553062646463013
0.21313212011294463
0.21460334759677155
0.21477183465392677
0.21718548699642515
0.21609514499553678
0.2150525701369934
0.21705348643670677
0.21875080149478446
0.21933873826607192
0.22371912634455862
0.228017577426577
0.22878228897238653
0.23052307548674608
0.23275665960089947
0.231266226741745
0.2297648870044851
0.23237806351293938
0.2340155277313856
0.23507777187645776
0.24025427766328902
0.24562077474115712
0.24662934347687837
0.24879914546255127
0.25151053275545837
0.24983853627041733
0.2480782811945789
0.2514682539393809
0.2535405985522256
0.2548623940069725
0.2616359240027911
0.2683018958769003
0.2698755467678673
0.2726816330379239
0.2763920594693138
0.2743524051228582
0.27236234333192394
0.27661363803256256
0.27940644719265906
0.28129646766100536
0.2900282861697158
0.2986503430401095
0.30075414529411243
0.30472187475810025
0.3095567322448361
0.3071408208723673
0.3045067872386642
0.3103575709573207
0.3142412575128048
0.3169264401510602
0.32835034960219983
0.3397200776911505
0.3430163061977364
0.34810952251727617
0.3550453486993068
0.3520032473423416
0.34895143166681475
0.35690355809059765
0.36162225748227994
0.3658176312900634
0.3816717124434021
0.3973383270399538
0.40171824760263625
0.41005830349756694
0.4192566556491617
0.4151821048017766
0.4114819382900525
0.423066300844069
0.4293782527201732
0.4358096136208944
0.45863437146038194
0.48128051813187833
0.4873954660034303
0.500130217318846
0.513511555259053
0.50859529121959
0.5041130799357197
0.5220186441799528
0.5308323542171051
0.5410267736748662
0.5763260054870315
0.6099069039877215
0.6201328306989082
0.6419885597090258
0.6629222093901697
0.6563749341204844
0.6509982953415794
0.681388690613645
0.6935222714754778
0.7124613812317445
0.7732492474054109
0.8278076229082314
0.8470219971704369
0.8922803302738221
0.9272352708391113
0.918928418790458
0.910527894909517
0.9750214802596351
0.9839756145443809
1.021821101625873
1.1597408911081883
1.25448241269309
1.3033441466821307
1.4684351000824543
1.5001997033924817
1.5411154005652714
1.5857445494608688
1.6309205140243417
1.765869238620406
1.873687253190051
2.0918782770363915
2.8664180435039834
2.434787996816213
3.0447840401229844
3.5449287765543542
3.3927984232747956
3.5345532834185964
4.04304708971028
4.984349539183017
6.152329044914497
9.546280268802608
58.74890179003348
1.907526240219166
-17.07441433797666
-12.788688775565358
-12.103252913842198
-13.307073828446152
-7.305947457621345
-6.636882865291662
-5.4378280129307335
-4.020620349417535
-3.2854326912308873
-3.1181750895723788
-2.798564425245091
-2.6016301116359
-2.61183116383903
-2.5724724083989696
-2.307429792704157
-2.222049861939206
-2.0812490746657
-1.8749931435477325
-1.7266741605218408
-1.6914317576613918
-1.6031522360099215
-1.5483922220596416
-1.5500713820327827
-1.5351479505750274
-1.456680413725026
-1.4288047930180976
-1.3810555412257266
-1.3071841670863262
-1.2488661636153984
-1.2328338228543412
-1.198300711615187
-1.1725776661269338
-1.1725404099285035
-1.168220387010334
-1.1359693377479763
-1.1198353478382759
-1.101513745282609
-1.0676859869523274
-1.0377135304447644
-1.0270333133465144
-1.0162114607115524
-1.0002647321007374
-1.0003548036725898
-1.0019152633079005
-0.9900639748425887
-0.9773335703699274
-0.9735413354314802
-0.9581925871011624
-0.9403487532608849
-0.9326590077020166
-0.9358400909330303
-0.9232285449403728
-0.9243522023257303
-0.9315230960579554
-0.9330184132586393
-0.9191524523204014
-0.9273258047654198
-0.9227547481008651
-0.912308570268832
-0.9022581832505729
-0.9215342392670925
-0.9081636538030291
-0.9103425765679273
-0.926487527130934
-0.9375407544237894
-0.922125457170228
-0.943650565097785
-0.9488112741821725
-0.9421762010721135
-0.9295701867956734
-0.9698392984484173
-0.9530992853081971
-0.9545534075594334
-0.9847469833704692
-1.0055637822102104
-1.0146837269071736
-1.0303228640268602
-1.0389195928217796
-1.0462053334653056
-1.0533186225305113
-1.0685548687857305
-1.0777353847571673
-1.0887221692583398
-1.1043686227493206
-1.1874009817308728
-1.1518317449968873
-1.2121115251003218
-1.2749384205505767
-1.2415923270006337
-1.2288263722776407
-1.348721261234916
-1.3285074030865671
-1.3534198349425501
-1.4329501403736975
-1.6385520791759394
-1.4982013503904363
-1.6553519919837965
-1.7878693100749825
-1.7358697606974856
-1.7011382814313125
-2.0131015275630575
-1.9491120126154486
-2.020865934540501
-2.264157994691538
-2.8764654891019834
-2.460345031068677
-3.0372951142412963
-3.594653789953286
-3.3802506897598135
-3.2542121471618315
-4.857855315123743
-4.523173956703768
-5.112470105630894
-6.950190970112316
-24.602096021653765
-9.534820360903351
-0.3416200219018865
17.412412997273897
10.304951182633463
26.405920178946477
6.184045005425758
7.360774287604757
6.576475769442977
4.199768532445158
3.026566527500166
3.6545493421168778
2.689814301758399
2.37398525179109
2.383010568215845
2.540943748174813
1.8999115762881693
1.9835066551134446
1.8880853600387255
1.6242077824700045
1.3903329317419082
1.5144558444649179
1.30818286179724
1.2247122393604677
1.2279427993337988
1.2529201985055356
1.0815736230344657
1.1072560818477293
1.0696557056570757
0.9788619400370278
0.8899375611844325
0.9324406140174945
0.8526636565956117
0.8166909974127737
0.8192815014352768
0.8247465526234646
0.7496316038076053
0.7578401341490391
0.7368099523497145
0.6962127349743299
0.6526730023919625
0.6725738942601628
0.6324498534783368
0.6126573433453197
0.612737062178345
0.6134578043406034
0.575553917755109
0.5775080125928232
0.5665966808680933
0.5434268566787868
0.5188333797342921
0.5277574201547879
0.5050252133245503
0.4942231752673921
0.49357457972145263
0.49307651888264703
0.4720687009119901
0.4724421836370022
0.46495042376911067
0.4509285797745933
0.43641186801690546
0.4405729038761101
0.4274771090332178
0.42059847168142445
0.4192749521567452
0.41810970555457344
0.4056475126911699
0.4046873169172087
0.3990478905563359
0.3915037946132128
0.3824458165643026
0.3840404133477522
0.37694389322351174
0.3725240844499302
0.3714848489248844
0.37002915313859824
0.3632506969398885
0.36163935426619837
0.35809265057987383
0.35367501608551194
0.3488441275697169
0.34859950337305007
0.34486204160095146
0.34240844467093745
0.341225343813908
0.33984339481111575
0.33679553636804915
0.3351217776575908
0.3330959285862967
0.33093614713907354
0.32875844523418934
0.32778979901532307
0.3265492484527672
0.32562725052273567
0.32467947861940877
0.3236871795082801
0.3228164294025923
0.32169429305923647
0.32114890396293094
0.32074849904470637
0.3204407947809271
0.32030702520911963
0.32034187977706136
0.32039818613401894
0.32044706430678127
0.31999595099052186
0.3212427987198635
0.3209510328874279
0.32123283598806923
0.32299517991774873
0.32420740869219405
0.3242142645524579
0.32642625168850087
0.32774858281046265
0.3285584090449321
0.3293735233972984
0.33261652244880935
0.3334584915306389
0.3356566517254214
0.33903515619391433
0.3418409879875988
0.3436137859550174
0.34763500071828607
0.3506123305712719
0.3531099230464543
0.35661679658593287
0.36152329352555407
0.36469189628053816
0.36953608875910016
0.3779396378170652
0.3808062090355835
0.3858063109253396
0.3926829403394403
0.3987694513520458
0.4041238526295311
0.41264204967026513
0.41953310019851286
0.4279625339813688
0.43839321276464377
0.4494896275327323
0.458507733976859
0.4717666860919957
0.4830565831017281
0.49396843193652396
0.5048246979218499
0.5286825842533324
0.5406104637483159
0.5611857074069097
0.5877850537566498
0.6123144885852948
0.6311809790813333
0.6680475719444812
0.6948573153547691
0.725823025063861
0.7655871425235122
0.8315833732012864
0.8601615702633272
0.9355060527406219
1.0303777206853222
1.1171951035463858
1.2077413121886011
1.4059302834071552
1.5132065867764655
1.6948426862167068
2.0073987537873563
2.6422800325720566
3.059232769995981
4.677607914609659
10.316185073056547
1.9286615379239456
-8.907179393426038
-4.909468038160381
-3.2787827168816923
-2.8451247699196016
-2.254296239130737
-1.697237049180347
-1.552095309466546
-1.313334621478557
-1.104565062749845
-0.9885848251594683
-0.8770428888383883
-0.8113939008589164
-0.7536033056759589
-0.7103076884632796
-0.6654050248672572
-0.6037331728857028
-0.5808942644954801
-0.5413794980022193
-0.5003963884642304
-0.470112511326503
-0.4520495854291817
-0.4233216557560654
-0.4046929425971837
-0.39123218081970923
-0.3788828304441541
-0.35913482012850445
-0.34670205843488144
-0.3351834601347878
-0.31714062259369136
-0.3019612232710529
-0.2935093013651583
-0.28282943717866466
-0.2723778821940229
-0.2666000778825616
-0.26230579840214346
-0.2543748410549792
-0.24541476568288575
-0.24174355726553487
-0.23225909711749748
-0.22252452216087507
-0.216665163466962
-0.2127378693777673
-0.20551199508365606
-0.20262083044815843
-0.20196304511521487
-0.19903317509643895
-0.19017913735611103
-0.19229957312085327
-0.18520222707759715
-0.17812129331436327
-0.17463498510766898
-0.16896130667730666
-0.16767614560164257
-0.16618477784760527
-0.1648022759908747
-0.16354780392979792
-0.1611135088673586
-0.15990946949409657
-0.15826450718098053
-0.15390197428967778
-0.13718853207101356
-0.15160282088315966
-0.14550638167633678
-0.14449438188458918
-0.14735749111435995
-0.14853349324971724
-0.14208591986905744
-0.14409273404970369
-0.14305430036199188
-0.1385983601514322
-0.1327708095433227
-0.1392440511458582
-0.13417283745732853
-0.13335849027044944
-0.1366016343204034
-0.13945170133117754
-0.13322732630350514
-0.13675261495062607
-0.1369613628769423
-0.13343614561017586
-0.12868228626765044
-0.13600828848407945
-0.1314763044448259
-0.13134703069316342
-0.13551840065367307
-0.139836568070903
-0.13416138452851933
-0.13923947615949012
-0.14070712916015263
-0.13816094906405413
-0.13470168692608303
-0.14323711857842253
-0.13989853497417087
-0.14118052944784223
-0.14701993242590414
-0.15335739793119021
-0.14922034133125692
-0.15695297997881416
-0.16020479874958019
-0.15959026670667786
-0.1587813324869207
-0.17012385445735256
-0.16987560874793653
-0.17549436657539544
-0.1867493885939784
-0.1979414392848885
-0.19907995488547714
-0.21377409473862966
-0.22309892456081265
-0.2289049198392976
-0.23933211926699657
-0.2621582355576964
-0.27653517399444044
-0.3090709863347717
-0.3561516335167367
-0.39817406289412643
-0.46197737366214164
-0.5608360439107889
-0.6394207013827835
-0.7746889013965611
-1.2466763683197872
-1.5205970651518548
-12.026080335679405
1.6140939992432388
0.8120816492624373
0.5975267483240835
0.4384036530463481
0.36035206676873804
0.32920003377844653
0.30682748548070365
0.24814931561169778
0.2211806781751655
0.21058145914553186
0.16418099268875508
0.1440917702124691
0.1333589956145197
0.11896834297800561
0.11456619688537267
0.11053849443645393
0.10703996719444135
0.104640114122529
0.08793335672679524
0.08449393373768481
0.07692708685157783
0.06544956086720043
0.060686945955350485
0.06214879746166423
0.05539494089485835
0.05463696107678226
0.0560920231867951
0.05492159402055385
0.04846264107584169
0.04875211721633722
0.045403130242408246
0.039553728245572864
0.035500188716798775
0.038472593234228594
0.0336644762863067
0.03279272635517075
0.03481369526455441
0.035979509098923904
0.02996588029397846
0.03197929496924258
0.03054573202273838
0.026204440498062264
0.022242137824509813
0.026350486416206704
0.02202454213117239
0.02117187438441781
0.023415944337136976
0.025662779469055833
0.01966354131522872
0.022479738261387498
0.021994778000277205
0.018302206704748893
0.014442885243885402
0.0192299568504315
0.015089146114627252
0.014257744656592483
0.01667559145760974
0.019339097613996957
0.013550610641834491
0.016617268625771817
0.01663721951577093
0.013323152586934546
0.009580475799533852
0.014620589651211905
0.010679018778001538
0.009743206424812276
0.012213871376236626
0.015312860303026341
0.009472330439611409
0.012770872911461388
0.013101090656564349
0.010040145379826337
0.006333521140466546
0.011576246778716133
0.007642775891881872
0.00665110096422042
0.009233533055845592
0.01240726108590303
0.006679306572314896
0.010115931246817469
0.010600311461625347
0.0077629268230483325
0.00397187142833696
0.009490494462180808
0.0055839487705072145
0.004576543580416104
0.007066312915741649
0.01054446626837901
0.004647578849056878
0.00830689156478982
0.009009148969192986
0.006004851837214434
0.0023520968083326076
0.007878244796000819
0.003996737201291651
0.0029502787195153416
0.005523142208533882
0.009060715945221518
0.0032185075214175942
0.006857481594670738
0.007644588338216496
0.004850930380074656
0.001064427616600095
0.0067507665855137435
0.0027652789221242337
0.0017059687352113306
0.0044185674864113565
0.008015354045727395
0.0020171523192808283
0.005833475422119453
0.006685948612859942
0.003953978024629369
0.00015104751818073722
0.00578659422523498
0.0019556866125564863
0.0008657199770782816
0.0034497317325679817
0.007231246025296586
0.0011824214869744568
0.004991902081228516
0.005939410945600643
0.0033843527124421714
-0.0005632907447007826
0.00521619928076778
0.0013143298443840964
0.0002452107205922532
0.002741287565472338
0.006506482402759004
0.0004615549120966465
0.004361414485076925
0.005443765869405204
0.0028068029139709846
-0.000996048166528466
0.004786689434627102
0.0009026047533608758
-0.0004210933099977354
0.002260849759112578
0.005992169563925291
-0.00025756084792489994
0.003933506101692416
0.004919485580446417
0.002221969722745622
-0.001561969094068568
0.004324658700321748
0.0004954120300837253
-0.000930510825952927
0.001647710815701976
0.005520102118781432
-0.0005049802370657375
0.00348617791535952
0.004550071419897595
0.00223138244534145
-0.00177063669316435
0.004088448854175135
0.00005879592996593486
-0.0011758508377905936
0.0014083632869139509
0.005337306154674101
-0.0007302522428359764
0.003070344377239922
0.004488488375411775
0.0017902949450316259
-0.00223234250902121
0.003976554772696045
-0.00021670216661681424
-0.0015319138124107626
0.0011383964463797713
0.00511939970526628
-0.001339498360285771
0.0029088725461037693
0.004027231589641254
0.0016390895047576348
-0.0025498333245055423
0.003556971084369283
-0.0002882215392867093
-0.0017061858784381315
0.000683601898701079
0.005101728992150714
-0.0014353823648426273
0.0025742890164318216
0.004105974404225604
0.001350725073828263
-0.0028626323563323546
0.0036348567731896877
-0.0004473390618073622
-0.0019176763171446225
0.0006538809574167855
0.004750163540852521
-0.001642111725683133
0.002493829217199223
0.003724839161192643
0.0011672414991890966
-0.0027777456566872973
0.0034712684702150266
-0.000675663627296509
-0.001959698706140775
0.0004985398721591192
0.004665460606780983
-0.0015694568584877465
0.002334010611931566
0.0036292067310335044
0.0011172530985994814
-0.0031247861909530204
0.0033419121777744417
-0.0007837624818329704
-0.002154181961821012
0.00026559108891452155
0.00448372215235905
-0.0017480512446186956
0.0021917608578530005
0.0034705662648620962
0.0010794599242577065
-0.003145005601950049
0.003054158192756216
-0.0008735716334508423
-0.0022811564578568244
0.00021752788398688656
0.004472364186914916
-0.0017178015418891689
0.0021543063002440947
0.0034399886846376783
0.000917928922728216
-0.003171011941003097
0.0028849010406773257
-0.0010480194564752704
-0.002311936022096679
0.00026294371889556376
0.004250284827034632
-0.001980527128390458
0.002094232860194628
0.003395250882707105
0.0008052174074447161
-0.003337847192502067
0.0030098082545866856
-0.0011352329470654997
-0.002431341416290075
0.00015008912635647092
0.004277925993802494
-0.002019065039409976
0.0020534042770585085
0.003365627182348253
0.0008056980579624723
-0.00337778417460651
0.002917810042634037
-0.0011479665306480932
-0.0025736152856907883
0.00002929978037059475
0.004171472690136106
-0.00215021738954777
0.0017786244160493331
0.0032501822032480676
0.0007487422908821116
-0.003356241055578904
0.0030686721738876844
-0.0011132510147730747
-0.0025407637259230323
-0.000050779766750646986
0.0039894982792565625
-0.002055350039367685
0.001892560868648082
0.0031506318516286267
0.0006755105466664126
-0.0033946952545978455
0.0031541886544871538
-0.00118831968580323
-0.0024876586402780864
-0.00017162705274677135
0.003994530517004364
-0.002461895493737414
0.0018198011584855127
0.0033573274412457025
0.0008026626481563536
-0.00359576074029117
0.00300820339230453
-0.001265941376945993
-0.002730742820679212
-0.00017579572302234934
0.004140260306596791
-0.0026475149468650136
0.0016977054530563506
0.00353380030753445
0.0007956407100597219
-0.0037156345592579136
0.0029803140214077926
-0.0012308696190389315
-0.002787148893495992
-0.0002881931652861127
0.004190281425699517
-0.0023015262419978652
0.0016405438037927253
0.0032532231623493926
0.0007429857261582255
-0.0036969400259361986
0.0028383260550036366
-0.0011362850128853084
-0.002719434949851459
-0.0002800819803023767
0.003935446035792167
-0.0023626216280932034
0.0016259678033431408
0.003152567393495951
0.0008086824717840583
-0.003641605396135811
0.0030154820144145545
-0.0011356118481491006
-0.0028157838339291524
-0.0003883718215341244
0.00391965549086842
-0.002655410798171826
0.0015499728390444669
0.0034929138244815497
0.0006752493259217727
-0.003565824782474449
0.0030280990960016617
-0.0012906036601322754
-0.0029125132448814942
-0.0004064849066792285
0.003936697550874437
-0.0027582064279006065
0.0016603657284480972
0.0030908279572132336
0.0008085289318015067
-0.0036889343330436287
0.0029724359730879013
-0.0012580273790341182
-0.003046213665511045
-0.0004475376762778251
0.0037291165978173254
-0.0026653516133852227
0.0015853930255586492
0.0033517937944462077
0.0006702105541164904
-0.0036106041968820067
0.0029581003808384202
-0.001236972135224603
-0.002755720354861017
-0.0004230115985370767
0.0037195976970637147
-0.0025922805793856126
0.0015304252354312142
0.0031975056341775735
0.0005808027205390907
-0.0037046268806234972
0.0028318402935528257
-0.001352731785529023
-0.0028783365797856336
-0.0003722719822009505
0.0035598940556125433
-0.0027285769001769975
0.0014479358103658088
0.003039176940167804
0.0005528329554820452
-0.0034249908557342583
0.002721020800976345
-0.0012978985668742917
-0.002988973398784001
-0.0003524969678414507
0.00394788491808396
-0.0027690935777759137
0.001477169980944484
0.003167909136880737
0.0006347779556117259
-0.0038537639892214258
0.002746176852697139
-0.0013214509858849388
-0.0028353296353860295
-0.00047753569426756224
0.00398214805991767
-0.0026384032254545067
0.0015524965929076724
0.002965411509694082
0.0006035804992669049
-0.003557072120251836
0.002819636917526359
-0.0013943031704550387
-0.0030686619188518807
-0.00046102210665672377
0.00397114536861925
-0.0027207859935326935
0.0014145398378369587
0.003121654225731342
0.000545354573397568
-0.0036483586686238386
0.002813554153356289
-0.0013429645402574658
-0.0028762177050466477
-0.00040151119117532016
0.0038352560511677445
-0.0026463807847775557
0.0014779477554778997
0.0031506659111444147
0.0005981608239047063
-0.0038036968516898394
0.0026986332234639095
-0.001333147430862195
-0.0029003341245336435
-0.00043525600315785117
0.00365571638935794
-0.0026022283461148337
0.0014598398876757728
0.003052549542806774
0.0006099333657052146
-0.003695209176918758
0.0027573177775099228
-0.0013738431063001668
-0.0029598470947994064
-0.0005087521131743871
0.0037494580903798883
-0.0027085319141857238
0.0014985365978360506
0.00297864044499425
0.0006102836098335748
-0.0036726924510992946
0.0028518860012051016
-0.0013187643189978334
-0.002938368924182699
-0.00047264507593008535
0.0037756955260745597
-0.0026139488278125473
0.0014314214105670994
0.0029793088396695526
0.0005708367510505087
-0.0035230707758400134
0.002828317575140794
-0.0012752319830773996
-0.0028732729960345453
-0.0005036466707759166
0.0037682025829348796
-0.0026506207542698113
0.0013979857233000592
0.003055253380352802
0.0006088776745445605
-0.003658014811917708
0.0026729930055998104
-0.0013328540742708268