1.5904827348956253e-22
-8.395199177484749e-18
-2.129792057021316e-16
-1.4931921529886393e-15
-6.043544408143391e-15
-1.8001402741299925e-14
-4.407658489903891e-14
-9.418261073793995e-14
-1.8207186534929192e-13
-3.259730079929728e-13
-5.492331365268383e-13
-8.809643540727957e-13
-1.3566947609137562e-12
-2.0190260069787946e-12
-2.918297045742319e-12
-4.113253582828599e-12
-5.6717268605169156e-12
-7.671318985240088e-12
-1.0200097186843825e-11
-1.335729872568177e-11
-1.7254043389527312e-11
-2.2014058838064917e-11
-2.7774416011395862e-11
-3.4686276998460954e-11
-4.291565484166441e-11
-5.2644187936539414e-11
-6.406992651728068e-11
-7.74081362984673e-11
-9.289211598878172e-11
-1.1077403132358905e-10
-1.3132576690177478e-10
-1.5483979517300022e-10
-1.8163006497051163e-10
-2.1203290832259802e-10
-2.4640796890526056e-10
-2.85139151983532e-10
-3.2863559521475417e-10
-3.773326637245802e-10
-4.316929696348143e-10
-4.922074162426648e-10
-5.593962677580854e-10
-6.338102481536449e-10
-7.160316671641378e-10
-8.066755751774282e-10
-9.063909502378644e-10
-1.0158619170118943e-9
-1.1358089969061699e-9
-1.2669903953187106e-9
-1.4102033222584492e-9
-1.5662853521633473e-9
-1.7361158193131917e-9
-1.9206172583324334e-9
-2.1207568801001747e-9
-2.3375480955667092e-9
-2.5720520819912324e-9
-2.8253793958707572e-9
-3.0986916350628067e-9
-3.393203149246013e-9
-3.7101828035811103e-9
-4.0509557964966495e-9
-4.416905530752147e-9
-4.809475544318353e-9
-5.230171503472513e-9
-5.680563253497056e-9
-6.162286934852648e-9
-6.677047173258368e-9
-7.226619326359612e-9
-7.812851817316099e-9
-8.43766853007603e-9
-9.103071292132249e-9
-9.811142430726024e-9
-1.056404741927005e-8
-1.1364037602664462e-8
-1.2213453021698898e-8
-1.3114725319408055e-8
-1.4070380760106479e-8
-1.5083043330146054e-8
-1.615543796115475e-8
-1.7290393847207314e-8
-1.849084788494656e-8
-1.9759848223505357e-8
-2.1100557939926113e-8
-2.2516258840724353e-8
-2.401035538781426e-8
-2.5586378774176225e-8
-2.7247991119860887e-8
-2.899898983824209e-8
-3.0843312139143525e-8
-3.278503968834328e-8
-3.482840344941382e-8
-3.697778867617981e-8
-3.923774009307126e-8
-4.1612967264039985e-8
-4.410835014213846e-8
-4.672894483186344e-8
-4.947998954867832e-8
-5.236691080279826e-8
-5.539532980280629e-8
-5.8571069096813835e-8
-6.190015945545123e-8
-6.538884700599214e-8
-6.904360063918678e-8
-7.287111967872706e-8
-7.687834184713275e-8
-8.10724515276909e-8
-8.546088832711942e-8
-9.00513559790261e-8
-9.485183156848411e-8
-9.987057511335462e-8
-1.0511613951731893e-7
-1.105973808960317e-7
-1.1632346930290971e-7
-1.2230389987539975e-7
-1.285485044034722e-7
-1.350674633592797e-7
-1.4187131839849052e-7
-1.4897098533471448e-7
-1.5637776765474448e-7
-1.6410337054359019e-7
-1.721599154879359e-7
-1.8055995544747207e-7
-1.8931649064781128e-7
-1.9844298500364264e-7
-2.0795338321239764e-7
-2.1786212853604587e-7
-2.281841813159889e-7
-2.389350382501233e-7
-2.501307524558256e-7
-2.617879543748903e-7
-2.7392387353919754e-7
-2.8655636125583135e-7
-2.9970391423824435e-7
-3.133856992333351e-7
-3.2762157870266674e-7
-3.424321375875269e-7
-3.578387112265301e-7
-3.738634144688772e-7
-3.9052917205265316e-7
-4.078597502913583e-7
-4.258797901580718e-7
-4.4461484181024826e-7
-4.640914006357447e-7
-4.843369449102683e-7
-5.053799751077341e-7
-5.272500549919033e-7
-5.499778545399525e-7
-5.735951948287144e-7
-5.981350949281784e-7
-6.23631820973567e-7
-6.501209374604579e-7
-6.776393609252755e-7
-7.062254161297833e-7
-7.359188948278344e-7
-7.667611173314494e-7
-7.987949969686936e-7
-8.320651075858662e-7
-8.666177542936114e-7
-9.025010475849487e-7
-9.397649810524885e-7
-9.784615128579023e-7
-1.0186446511957838e-6
-1.0603705439324382e-6
-1.103697572690123e-6
-1.1486864516044228e-6
-1.1954003309924744e-6
-1.2439049062748375e-6
-1.2942685323445336e-6
-1.3465623438364171e-6
-1.4008603814785291e-6
-1.45723972499079e-6
-1.5157806328732287e-6
-1.5765666894554969e-6
-1.6396849597192853e-6
-1.7052261522416026e-6
-1.7732847908288964e-6
-1.8439593953596254e-6
-1.917352672305518e-6
-1.9935717156542947e-6
-2.0727282187514514e-6
-2.1549386978051823e-6
-2.240324727743437e-6
-2.329013191241528e-6
-2.4211365416511255e-6
-2.5168330808795945e-6
-2.6162472529874315e-6
-2.7195299546244187e-6
-2.8268388634263344e-6
-2.9383387854391708e-6
-3.054202022889686e-6
-3.1746087636870417e-6
-3.2997474939676565e-6
-3.429815435464145e-6
-3.565019009122587e-6
-3.705574326965808e-6
-3.851707714041723e-6
-4.0036562626012e-6
-4.161668420720424e-6
-4.326004617841508e-6
-4.496937929784883e-6
-4.6747547862420174e-6
-4.859755723531128e-6
-5.052256186233296e-6
-5.252587381093328e-6
-5.461097187114842e-6
-5.678151126174556e-6
-5.904133398496983e-6
-6.139447988133918e-6
-6.384519843774723e-6
-6.63979614066898e-6
-6.905747630048002e-6
-7.182870083010703e-6
-7.471685836325158e-6
-7.772745448359476e-6
-8.086629474144155e-6
-8.413950369237738e-6
-8.755354533163688e-6
-9.111524504043689e-6
-9.483181317110456e-6
-9.871087041234818e-6
-0.000010276047508703122
-0.000010698915254987301
-0.00001114059268713102
-0.000011602035500916577
-0.000012084256369315386
-0.000012588328926515713
-0.000013115392075001704
-0.000013666654645322596
-0.000014243400441804172
-0.000014846993710830215
-0.00001547888507172695
-0.00001614061795577463
-0.000016833835602556793
-0.000017560288669542674
-0.000018321843515696852
-0.000019120491228423745
-0.000019958357469545532
-0.00002083771322637362
-0.000021760986562337702
-0.000022730775474425892
-0.000023749861977613367
-0.000024821227549514945
-0.000025948070086718065
-0.000027133822543407802
-0.000028382173443269645
-0.000029697089481224622
-0.00003108284046050698
-0.000032544026842010005
-0.00003408561022077692
-0.00003571294708899059
-0.00003743182629100558
-0.00003924851063894862
-0.000041169783218047985
-0.00004320299899352296
-0.00004535614241778432
-0.00004763789184306229
-0.0000500576916681575
-0.00005262583328920403
-0.00005535354609875753
-0.00005825309997118743
-0.00006133792091340308
-0.0000646227218339505
-0.00006812365071828806
-0.00007185845889489195
-0.00007584669253933884
-0.0000801099111451638
-0.0000846719373519446
-0.00008955914335993632
-0.00009480078014336618
-0.00010042935688360884
-0.00010648107953435635
-0.0001129963592083256
-0.00012002040333690095
-0.00012760390526259062
-0.00013580385136087079
-0.00014468446902773452
-0.00015431834419748198
-0.00016478774375345773
-0.00017618618671667226
-0.0001886203188675731
-0.00020221215936997686
-0.00021710180574666227
-0.0002334507068113144
-0.00025144564332399573
-0.0002713035960336274
-0.00029327773347747135
-0.0003176648225286622
-0.0003448144597107642
-0.00037514065067764435
-0.0004091364430550463
-0.00044739256423098313
-0.0004906213618705543
-0.0005396878360220735
-0.0005956502577164996
-0.0006598138981086865
-0.0007338029132936286
-0.0008196577152824361
-0.0009199686507775821
-0.0010380622434729312
-0.0011782648871565358
-0.0013462828924958642
-0.0015497611154104733
-0.0017991222660437183
-0.00210885923283516
-0.0024995806762373738
-0.003001352039257989
-0.003659351331995081
-0.004543846903920367
-0.005768664916116326
-0.00752734671437348
-0.010168795411949389
-0.014368424407593
-0.021552066787584836
-0.03505024198026664
-0.06338914549268083
-0.1263451478856664
-0.21099809183160334
-0.15922104329382403
-0.07940588491822417
-0.04353985873786676
-0.02684792380360764
-0.01806059997275924
-0.012951856433059081
-0.009744300999552154
-0.0076062491382991836
-0.006112147180194641
-0.00502763317696307
-0.004215589278655982
-0.003591664492833779
-0.003101739638698476
-0.00270983200002732
-0.0023912755479339187
-0.0021287091669067648
-0.0019096282648585223
-0.0017248416609324528
-0.0015674710691447652
-0.0014322858724301986
-0.0013152507884055737
-0.001213212037404271
-0.0011236756099111153
-0.0010446480022810523
-0.0009745200914439048
-0.0009119812940981591
-0.0008559553078934318
-0.0008055514473714696
-0.0007600273928439801
-0.0007187603910616251
-0.0006812247836485652
-0.0006469743216189376
-0.0006156281344147166
-0.0005868595144091334
-0.000560386888535377
-0.0005359665022114794
-0.0005133864538452507
-0.0004924618018251178
-0.00047303052890035243
-0.00045495019619357243
-0.00043809515509296115
-0.0004223542130771432
-0.00040762867075258335
-0.00039383066400239486
-0.0003808817581403632
-0.0003687117511022546
-0.00035725765085369937
-0.0003464627985225237
-0.0003362761139688063
-0.0003266514445767897
-0.00031754700140739184
-0.00030892486952469533
-0.0003007505815349693
-0.00029299274515029623
-0.0002856227170707316
-0.0002786143167048514
-0.00027194357424195425
-0.0002655885084286317
-0.0002595289301121874
-0.00025374626816447777
-0.0002482234149289366
-0.00024294458870323035
-0.00023789521115071677
-0.0002330617978006895
-0.00022843186006742423
-0.00022399381741273515
-0.00021973691846747918
-0.00021565117008024446
-0.00021172727338980308
-0.00020795656613748192
-0.00020433097052710315
-0.0002008429460329119
-0.0001974854466198474
-0.00019425188191159095
-0.00019113608189376066
-0.00018813226478580185
-0.00018523500776139183
-0.00018243922022917285
-0.0001797401194231694
-0.00017713320807194758
-0.00017461425395015636
-0.00017217927112940428
-0.00016982450277041819
-0.00016754640531008795
-0.00016534163391908644
-0.0001632070291094926
-0.0001611396043930429
-0.00015913653489379084
-0.0001571951468330159
-0.00015531290780938805
-0.00015348741780720997
-0.00015171640086951167
-0.00014999769738005534
-0.00014832925690616092
-0.00014670913155199428
-0.00014513546978436187
-0.0001436065106911912
-0.00014212057863796778
-0.00014067607829243458
-0.00013927148998603894
-0.0001379053653889719
-0.0001365763234725274
-0.00013528304673864725
-0.00013402427769458836
-0.00013279881555741067
-0.00013160551316785123
-0.00013044327410151088
-0.00012931104996065138
-0.00012820783783545442
-0.00012713267792133535
-0.00012608465128238593
-0.00012506287774988057
-0.00012406651394734398
-0.0001230947514331289
-0.0001221468149520473
-0.00012122196078989965
-0.00012031947522271232
-0.0001194386730554777
-0.00011857889624407796
-0.00011773951259471016
-0.00011691991453660005
-0.00011611951796240734
-0.0001153377611329262
-0.00011457410364112887
-0.00011382802543264661
-0.00011309902587892113
-0.0001123866228993994
-0.00011169035213046245
-0.00011100976613784093
-0.00011034443367001639
-0.00010969393895006777
-0.00010905788100399697
-0.00010843587302290238
-0.00010782754175782913
-0.00010723252694425412
-0.00010665048075584704
-0.00010608106728449432
-0.00010552396204641169
-0.00010497885151187075
-0.00010444543265767655
-0.00010392341254106659
-0.00010341250789411578
-0.00010291244473683111
-0.00010242295800872677
-0.00010194379121751652
-0.00010147469610388181
-0.00010101543232167802
-0.00010056576713284462
-0.00010012547511597553
-0.00009969433788799785
-0.00009927214383842876
-0.00009885868787509129
-0.00009845377118147546
-0.00009805720098431803
-0.00009766879033150068
-0.00009728835787950889
-0.00009691572768989054
-0.000096550729034597
-0.00009619319620936472
-0.0000958429683550119
-0.00009549988928635217
-0.00009516380732792405
-0.00009483457515677993
-0.00009451204965156383
-0.00009419609174780575
-0.00009388656629900807
-0.00009358334194346595
-0.00009328629097620952
-0.00009299528922629278
-0.00009271021593870085
-0.00009243095366097366
-0.00009215738813439334
-0.00009188940818918352
-0.00009162690564387545
-0.00009136977520857475
-0.00009111791439177232
-0.00009087122341081974
-0.00009062960510576316
-0.00009039296485630924
-0.00009016121050206147
-0.000089934252265502
-0.00008971200267801289
-0.00008949437650850879
-0.00008928129069459647
-0.00008907266427643535
-0.00008886841833278682
-0.00008866847591944093
-0.00008847276200986871
-0.00008828120343790815
-0.00008809372884247923
-0.00008791026861432716
-0.00008773075484452662
-0.00008755512127479515
-0.0000873833032495382
-0.00008721523766959647
-0.0000870508629474097
-0.00008689011896388471
-0.00008673294702665043
-0.0000865792898296595
-0.00008642909141424378
-0.00008628229713139331
-0.00008613885360532987
-0.00008599870869823416
-0.00008586181147620331
-0.00008572811217621735
-0.00008559756217427575
-0.00008547011395449393
-0.00008534572107924435
-0.0000852243381602107
-0.00008510592083043529
-0.00008499042571710984
-0.00008487781041536361
-0.00008476803346287174
-0.00008466105431511341
-0.00008455683332156931
-0.00008445533170255853
-0.00008435651152680285
-0.00008426033568969789
-0.00008416676789224406
-0.00008407577262058514
-0.00008398731512621804
-0.00008390136140676034
-0.0000838178781873116
-0.0000837368329023378
-0.00008365819367814132
-0.00008358192931583194
-0.00008350800927476619
-0.0000834364036565158
-0.00008336708318930953
-0.00008330001921283531
-0.00008323518366362002
-0.00008317254906073249
-0.00008311208849191955
-0.00008305377560014305
-0.00008299758457049952
-0.0000829434901175145
-0.0000828914674727721
-0.00008284149237293159
-0.0000827935410480249
-0.0000827475902101301
-0.0000827036170423429
-0.00008266159918802781
-0.00008262151474039662
-0.00008258334223236227
-0.00008254706062664766
-0.00008251264930620719
-0.0000824800880648678
-0.00008244935709823745
-0.00008242043699485
-0.00008239330872755899
-0.0000823679536451646
-0.00008234435346424131
-0.00008232249026116291
-0.00008230234646441664
-0.00008228390484705174
-0.0000822671485193112
-0.00008225206092152443
-0.00008223862581712937
-0.00008222682728587825
-0.0000822166497172338
-0.00008220807780397941
-0.00008220109653583967
-0.00008219569119347487
-0.0000821918473424527
-0.00008218955082745611
-0.00008218878776664305
-0.00008218954454607179
-0.00008219180781437277
-0.00008219556447746337
-0.00008220080169344952
-0.000082207506867612
-0.00008221566764755505
-0.0000822252719184352
-0.00008223630779835434
-0.00008224876363380603
-0.0000822626279952882
-0.00008227788967299208
-0.00008229453767258061
-0.00008231256121113947
-0.00008233194971310834
-0.00008235269280643492
-0.00008237478031871297
-0.00008239820227350504
-0.00008242294888667268
-0.00008244901056283794
-0.00008247637789193316
-0.00008250504164580591
-0.00008253499277489241
-0.00008256622240504013
-0.0000825987218343066
-0.00008263248252991733
-0.00008266749612522703
-0.00008270375441680539
-0.00008274124936153529
-0.00008277997307385576
-0.00008281991782296591
-0.00008286107603018543
-0.00008290344026632278
-0.00008294700324910513
-0.00008299175784071959
-0.00008303769704529944
-0.00008308481400660212
-0.00008313310200562883
-0.00008318255445838275
-0.00008323316491358441
-0.0000832849270505265
-0.00008333783467694261
-0.00008339188172688062
-0.00008344706225871835
-0.00008350337045312524
-0.00008356080061112489
-0.00008361934715218745
-0.00008367900461235552
-0.00008373976764244266
-0.0000838016310062082
-0.00008386458957863508
-0.00008392863834423325
-0.00008399377239533109
-0.00008405998693046464
-0.00008412727725278357
-0.00008419563876846201
-0.00008426506698518553
-0.00008433555751064254
-0.00008440710605106114
-0.00008447970840977733
-0.00008455336048583094
-0.00008462805827256867
-0.0000847037978563404
-0.0000847805754151499
-0.00008485838721738007
-0.00008493722962052546
-0.00008501709906996645
-0.00008509799209775313
-0.0000851799053214404
-0.00008526283544290759
-0.00008534677924723589
-0.00008543173360160942
-0.00008551769545422774
-0.00008560466183321605
-0.00008569262984563616
-0.00008578159667642375
-0.00008587155958741927
-0.00008596251591638242
-0.00008605446307603361
-0.00008614739855313368
-0.00008624131990756104
-0.00008633622477141754
-0.00008643211084815563
-0.00008652897591170076
-0.00008662681780565888
-0.00008672563444244597
-0.00008682542380250884
-0.0000869261839335196
-0.00008702791294964326
-0.00008713060903073837
-0.00008723427042164463
-0.00008733889543146473
-0.00008744448243282974
-0.00008755102986123928
-0.00008765853621436717
-0.00008776700005140041
-0.00008787641999240366
-0.0000879867947176533
-0.00008809812296705941
-0.00008821040353951982
-0.00008832363529236163
-0.00008843781714071773
-0.000088552948057007
-0.00008866902707032862
-0.00008878605326596666
-0.00008890402578481007
-0.00008902294382287495
-0.00008914280663077024
-0.0000892636135132011
-0.00008938536382849806
-0.00008950805698812698
-0.00008963169245622602
-0.00008975626974916327
-0.00008988178843507008
-0.00009000824813343708
-0.00009013564851465869
-0.00009026398929964261
-0.00009039327025938974
-0.00009052349121462217
-0.00009065465203536262
-0.00009078675264058634
-0.00009091979299783473
-0.00009105377312287595
-0.00009118869307933914
-0.00009132455297837766
-0.00009146135297832014
-0.00009159909328439054
-0.00009173777414833164
-0.00009187739586813775
-0.00009201795878774672
-0.00009215946329672021
-0.00009230190982999891
-0.00009244529886758838
-0.00009258963093431868
-0.00009273490659954549
-0.00009288112647691813
-0.00009302829122412848
-0.00009317640154266501
-0.00009332545817757018
-0.00009347546191721336
-0.00009362641359308493
-0.00009377831407955647
-0.00009393116429367402
-0.0000940849651949881
-0.00009423971778529853
-0.00009439542310851989
-0.0000945520822504598
-0.00009470969633866092
-0.00009486826654221452
-0.00009502779407160785
-0.00009518828017854044
-0.00009534972615579402
-0.00009551213333706376
-0.00009567550309683483
-0.00009583983685020846
-0.00009600513605280746
-0.00009617140220062124
-0.00009633863682989376
-0.00009650684151701094
-0.00009667601787836786
-0.00009684616757029583
-0.00009701729228892292
-0.00009718939377009164
-0.00009736247378927664
-0.00009753653416148727
-0.0000977115767411802
-0.00009788760342219625
-0.00009806461613766823
-0.00009824261685996794
-0.00009842160760064037
-0.00009860159041033298
-0.00009878256737874975
-0.00009896454063460414
-0.00009914751234556421
-0.00009933148471821788
-0.00009951645999803596
-0.000099702440469331
-0.00009988942845524586
-0.00010007742631770188
-0.00010026643645741274
-0.00010045646131384391
-0.0001006475033652055
-0.00010083956512845337
-0.00010103264915928414
-0.00010122675805212424
-0.00010142189444014644
-0.00010161806099528082
-0.00010181526042821565
-0.00010201349548841225
-0.00010221276896415178
-0.0001024130836825337
-0.00010261444250950489
-0.00010281684834991668
-0.00010302030414752345
-0.0001032248128850632
-0.00010343037758426186
-0.00010363700130591433
-0.00010384468714992319
-0.00010405343825534319
-0.00010426325780045626
-0.00010447414900282008
-0.00010468611511935904
-0.000104899159446395
-0.00010511328531975949
-0.00010532849611484893
-0.00010554479524671506
-0.00010576218617014062
-0.00010598067237974122
-0.00010620025741004145
-0.00010642094483557892
-0.00010664273827101865
-0.00010686564137121707
-0.00010708965783137134
-0.00010731479138710177
-0.00010754104581456958
-0.00010776842493060576
-0.00010799693259282011
-0.00010822657269973548
-0.00010845734919090236
-0.00010868926604704322
-0.00010892232729018279
-0.00010915653698378503
-0.00010939189923289805
-0.00010962841818429477
-0.00010986609802663955
-0.00011010494299060234
-0.00011034495734907729
-0.00011058614541727887
-0.00011082851155293931
-0.00011107206015647329
-0.00011131679567115107
-0.00011156272258325757
-0.00011180984542228762
-0.00011205816876112183
-0.00011230769721620225
-0.00011255843544774549
-0.00011281038815990598
-0.00011306356010099283
-0.00011331795606366302
-0.00011357358088513972
-0.00011383043944737977
-0.00011408853667732459
-0.00011434787754710223
-0.00011460846707425206
-0.00011487031032191713
-0.00011513341239912988
-0.0001153977784609581
-0.00011566341370883262
-0.00011593032339070012
-0.00011619851280133017
-0.00011646798728250833
-0.00011673875222333162
-0.00011701081306042285
-0.00011728417527820799
-0.00011755884440916369
-0.00011783482603411314
-0.00011811212578243367
-0.00011839074933240474
-0.00011867070241141611
-0.00011895199079629948
-0.0001192346203135811
-0.00011951859683978082
-0.00011980392630170795
-0.00012009061467675554
-0.0001203786679931932
-0.00012066809233048895
-0.00012095889381960092
-0.00012125107864330114
-0.00012154465303649687
-0.00012183962328653677
-0.00012213599573354818
-0.00012243377677077536
-0.00012273297284489532
-0.0001230335904563664
-0.0001233356361597807
-0.00012363911656420058
-0.00012394403833350872
-0.00012425040818678205
-0.00012455823289863786
-0.00012486751929960326
-0.00012517827427649026
-0.00012549050477277598
-0.00012580421778896487
-0.00012611942038298892
-0.0001264361196706041
-0.00012675432282576265
-0.00012707403708103133
-0.00012739526972799236
-0.0001277180281176414
-0.000128042319660814
-0.00012836815182861396
-0.00012869553215281022
-0.00012902446822628743
-0.00012935496770347663
-0.0001296870383007928
-0.0001300206877970853
-0.00013035592403407944
-0.0001306927549168388
-0.0001310311884142272
-0.00013137123255937375
-0.00013171289545014264
-0.0001320561852496176
-0.0001324011101865714
-0.00013274767855598265
-0.00013309589871949185
-0.00013344577910592937
-0.00013379732821183524
-0.00013415055460191963
-0.00013450546690963147
-0.0001348620738376655
-0.00013522038415847917
-0.0001355804067148567
-0.00013594215042041617
-0.0001363056242602016
-0.00013667083729119192
-0.0001370377986429054
-0.00013740651751793377
-0.00013777700319253253
-0.00013814926501720293
-0.000138523312417274
-0.0001388991548935052
-0.00013927680202266757
-0.0001396562634581815
-0.00014003754893070227
-0.00014042066824876927
-0.00014080563129941162
-0.00014119244804878706
-0.00014158112854285206
-0.0001419716829079709
-0.00014236412135160782
-0.00014275845416297463
-0.00014315469171371375
-0.00014355284445855993
-0.00014395292293605533
-0.00014435493776922774
-0.00014475889966629574
-0.00014516481942139639
-0.00014557270791527055
-0.000145982576116034
-0.00014639443507987918
-0.00014680829595184377
-0.0001472241699665381
-0.0001476420684489492
-0.00014806200281514438
-0.0001484839845731299
-0.00014890802532356833
-0.0001493341367606144
-0.0001497623306727154
-0.0001501926189434227
-0.0001506250135522076
-0.00015105952657530242
-0.0001514961701865499
-0.0001519349566582378
-0.00015237589836197734
-0.00015281900776957643
-0.00015326429745389256
-0.0001537117800897592
-0.00015416146845487278
-0.00015461337543071362
-0.00015506751400344373
-0.0001555238972648611
-0.000155982538413342
-0.00015644345075480122
-0.000156906647703626
-0.00015737214278367906
-0.00015783994962930198
-0.00015831008198626245
-0.00015878255371281448
-0.00015925737878068737
-0.0001597345712761404
-0.00016021414540099316
-0.00016069611547368375
-0.00016118049593034957
-0.00016166730132589877
-0.00016215654633510473
-0.00016264824575371986
-0.00016314241449958084
-0.00016363906761375442
-0.00016413822026167677
-0.0001646398877343196
-0.00016514408544934038
-0.00016565082895228758
-0.0001661601339178118
-0.00016667201615083886
-0.00016718649158782388
-0.00016770357629800197
-0.00016822328648461804
-0.0001687456384862114
-0.00016927064877791576
-0.0001697983339727113
-0.000170328710822815
-0.00017086179622092544
-0.00017139760720165178
-0.00017193616094280623
-0.00017247747476682992
-0.00017302156614216988
-0.00017356845268469656
-0.0001741181521591154
-0.0001746706824804161
-0.00017522606171535988
-0.00017578430808394302
-0.0001763454399608553
-0.00017690947587705315
-0.0001774764345212682
-0.00017804633474155496
-0.00017861919554685066
-0.00017919503610857435
-0.0001797738757622413
-0.00018035573400908397
-0.00018094063051767365
-0.00018152858512562273
-0.00018211961784125083
-0.00018271374884527123
-0.00018331099849257433
-0.00018391138731389223
-0.00018451493601764364
-0.00018512166549169377
-0.00018573159680512693
-0.0001863447512101595
-0.0001869611501439152
-0.00018758081523035015
-0.00018820376828215026
-0.0001888300313026358
-0.00018945962648771316
-0.0001900925762278713
-0.00019072890311014137
-0.00019136862992013187
-0.0001920117796440916
-0.00019265837547095666
-0.0001933084407944347
-0.0001939619992151607
-0.0001946190745428245
-0.0001952796907983555
-0.00019594387221608936
-0.00019661164324606608
-0.00019728302855621507
-0.0001979580530346696
-0.00019863674179209818
-0.00019931912016400916
-0.0002000052137131545
-0.0002006950482319041
-0.0002013886497447155
-0.00020208604451055857
-0.00020278725902540083
-0.00020349232002480323
-0.00020420125448638503
-0.0002049140896324728
-0.00020563085293269368
-0.00020635157210667428
-0.00020707627512666998
-0.0002078049902203139
-0.00020853774587341713
-0.00020927457083267894
-0.0002100154941085833
-0.00021076054497825994
-0.00021150975298834233
-0.00021226314795797063
-0.00021302075998170822
-0.00021378261943262255
-0.00021454875696527625
-0.00021531920351887819
-0.00021609399032038637
-0.0002168731488877161
-0.0002176567110329075
-0.0002184447088654496
-0.00021923717479554406
-0.0002200341415374495
-0.00022083564211290902
-0.00022164170985456113
-0.00022245237840940406
-0.00022326768174235054
-0.00022408765413982131
-0.00022491233021330949
-0.0002257417449030991
-0.000226575933481972
-0.00022741493155894514
-0.00022825877508315636
-0.00022910750034766232
-0.00022996114399343172
-0.00023081974301323755
-0.00023168333475577505
-0.00023255195692965916
-0.00023342564760766248
-0.00023430444523080387
-0.00023518838861267088
-0.0002360775169437274
-0.00023697186979562275
-0.00023787148712568843
-0.0002387764092814004
-0.00023968667700491762
-0.0002406023314377172
-0.00024152341412524928
-0.00024244996702169072
-0.00024338203249475623
-0.00024431965333055746
-0.0002452628727385623
-0.0002462117343565713
-0.0002471662822558428
-0.00024812656094619514
-0.00024909261538127796
-0.00025006449096384405
-0.00025104223355108314
-0.00025202588946014135
-0.0002530155054735765
-0.00025401112884500276
-0.0002550128073047455
-0.00025602058906561115
-0.0002570345228287334
-0.000258054657789481
-0.00025908104364349115
-0.0002601137305927421
-0.0002611527693517586
-0.0002621982111538654
-0.0002632501077575507
-0.00026430851145294477
-0.00026537347506832003
-0.00026644505197678917
-0.0002675232961030031
-0.0002686082619299841
-0.00026970000450611217
-0.0002707985794520937
-0.00027190404296814917
-0.00027301645184125316
-0.00027413586345245407
-0.0002752623357843567
-0.0002763959274287223
-0.00027753669759408243
-0.00027868470611357453
-0.0002798400134528638
-0.000281002680718159
-0.0002821727696643355
-0.0002833503427032353
-0.00028453546291205096
-0.0002857281940418788
-0.00028692860052628044
-0.00028813674749016756
-0.00028935270075864284
-0.0002905765268660405
-0.00029180829306517755
-0.00029304806733659666
-0.00029429591839809393
-0.00029555191571428447
-0.0002968161295063728
-0.0002980886307620778
-0.00029936949124565175
-0.0003006587835081435
-0.0003019565808977139
-0.0003032629575702171
-0.0003045779884998688
-0.000305901749490084
-0.0003072343171845891
-0.0003085757690785091
-0.00030992618352983854
-0.00031128563977097
-0.0003126542179204063
-0.00031403199899471447
-0.0003154190649206096
-0.00031681549854729353
-0.00031822138365891994
-0.00031963680498728873
-0.00032106184822477957
-0.0003224966000374354
-0.0003239411480782395
-0.0003253955810007163
-0.00032685998847262074
-0.00032833446118991385
-0.0003298190908909987
-0.0003313139703710887
-0.0003328191934968865
-0.00033433485522146503
-0.0003358610515994246
-0.00033739787980229164
-0.0003389454381341171
-0.00034050382604736487
-0.00034207314415914575
-0.00034365349426756375
-0.0003452449793683931
-0.0003468477036721347
-0.0003484617726212344
-0.0003500872929075698
-0.0003517243724903386
-0.0003533731206141899
-0.00035503364782763376
-0.0003567060660018427
-0.0003583904883495992
-0.0003600870294448247
-0.00036179580524217653
-0.0003635169330971514
-0.00036525053178649273
-0.0003669967215288706
-0.0003687556240060321
-0.00037052736238417025
-0.00037231206133587775
-0.00037410984706224393
-0.000375920847315424
-0.00037774519142171645
-0.0003795830103048172
-0.0003814344365097509
-0.0003832996042268608
-0.00038517864931660387
-0.00038707170933453
-0.0003889789235567824
-0.00039090043300601615
-0.00039283638047783975
-0.0003947869105676753
-0.0003967521696980381
-0.00039873230614646035
-0.00040072747007375995
-0.0004027378135529414
-0.0004047634905984327
-0.00040680465719610074
-0.00040886147133355964
-0.00041093409303126217
-0.00041302268437390426
-0.00041512740954264264
-0.00041724843484770407
-0.00041938592876174236
-0.00042154006195371476
-0.0004237110073233746
-0.00042589894003647425
-0.0004281040375605664
-0.0004303264797014915
-0.0004325664486404703
-0.00043482412897203194
-0.00043709970774251546
-0.0004393933744893265
-0.00044170532128100324
-0.00044403574275792115
-0.00044638483617388027
-0.0004487528014383989
-0.00045113984115981805
-0.00045354616068928993
-0.00045597196816553315
-0.0004584174745604662
-0.00046088289372575656
-0.00046336844244020906
-0.0004658743404580883
-0.00046840081055843895
-0.0004709480785952065
-0.00047351637354849064
-0.0004761059275767667
-0.00047871697607007976
-0.0004813497577043025
-0.0004840045144964351
-0.00048668149186110706
-0.000489380938668041
-0.0004921031073008121
-0.0004948482537166237
-0.0004976166375074115
-0.0005004085219620611
-0.000503224174130008
-0.0005060638648859357
-0.000508927868996019
-0.000511816465185214
-0.000514729936206197
-0.000517668568909551
-0.0005206326543154169
-0.0005236224876866669
-0.0005266383686034026
-0.0005296806010393322
-0.0005327494934393138
-0.0005358453587988495
-0.0005389685147450463
-0.0005421192836193499
-0.0005452979925618536
-0.0005485049735977529
-0.0005517405637250477
-0.0005550051050047325
-0.0005582989446523538
-0.0005616224351318553
-0.0005649759342513278
-0.000568359805260709
-0.0005717744169517378
-0.0005752201437599588
-0.0005786973658689453
-0.0005822064693167864
-0.0005857478461049741
-0.0005893218943093825
-0.0005929290181941485
-0.0005965696283274657
-0.0006002441417005044
-0.0006039529818484702
-0.000607696578974709
-0.000611475370077302
-0.000615289799078665
-0.0006191403169579162
-0.0006230273818863569
-0.0006269514593657788
-0.0006309130223701543
-0.0006349125514903249
-0.0006389505350820989
-0.0006430274694176492
-0.0006471438588404748
-0.0006513002159237707
-0.0006554970616325479
-0.0006597349254895133
-0.000664014345744722
-0.0006683358695491768
-0.0006727000531326349
-0.0006771074619852188
-0.0006815586710437523
-0.0006860542648821076
-0.0006905948379063292
-0.0006951809945541045
-0.0006998133494993256
-0.0007044925278611544
-0.0007092191654184866
-0.00071399390882926
-0.0007188174158552704
-0.0007236903555922539
-0.0007286134087057549
-0.0007335872676725752
-0.000738612637028278
-0.0007436902336206466
-0.000748820786869385
-0.0007540050390326016
-0.0007592437454791523
-0.0007645376749686842
-0.0007698876099378814
-0.0007752943467945136
-0.0007807586962185124
-0.0007862814834707171
-0.0007918635487095685
-0.0007975057473159259
-0.0008032089502257752
-0.0008089740442721315
-0.0008148019325351706
-0.0008206935347015704
-0.0008266497874334322
-0.0008326716447465252
-0.0008387600783983936
-0.000844916078286857
-0.0008511406528589979
-0.0008574348295306077
-0.0008637996551172834
-0.0008702361962765601
-0.0008767455399622968
-0.0008833287938906761
-0.0008899870870194739
-0.0008967215700396103
-0.0009035334158806917
-0.0009104238202296827
-0.0009173940020644216
-0.0009244452042013196
-0.0009315786938584054
-0.0009387957632337525
-0.0009460977301004701
-0.0009534859384177095
-0.0009609617589591695
-0.0009685265899593674
-0.0009761818577776002
-0.0009839290175817125
-0.000991769554050375
-0.0009997049820961678
-0.001007736847608956
-0.0010158667282211158
-0.0010240962340946178
-0.0010324270087311714
-0.0010408607298059763
-0.0010493991100260578
-0.0010580438980136127
-0.0010667968792160206
-0.0010756598768419873
-0.0010846347528268914
-0.001093723408825853
-0.0011029277872374127
-0.0011122498722579025
-0.0011216916909680122
-0.0011312553144522683
-0.0011409428589528644
-0.0011507564870592453
-0.0011606984089341634
-0.0011707708835777008
-0.0011809762201312308
-0.001191316779221688
-0.0012017949743483012
-0.0012124132733133531
-0.0012231741996981858
-0.0012340803343862006
-0.0012451343171348112
-0.001256338848198146
-0.0012676966900018946
-0.0012792106688726856
-0.001290883676824301
-0.0013027186734016986
-0.0013147186875867045
-0.0013268868197660818
-0.0013392262437656162
-0.001351740208951668
-0.0013644320424039138
-0.0013773051511609983
-0.0013903630245424826
-0.0014036092365499885
-0.0014170474483505768
-0.0014306814108454651
-0.0014445149673280378
-0.0014585520562336622
-0.0014727967139861083
-0.001487253077943675
-0.00150192538944919
-0.001516817996988883
-0.001531935359462572
-0.0015472820495729062
-0.0015628627573349573
-0.001578682293713895
-0.0015947455943949342
-0.0016110577236909584
-0.001627623878594751
-0.0016444493929794065
-0.0016615397419570495
-0.0016789005463987328
-0.0016965375776253125
-0.001714456762275075
-0.0017326641873563911
-0.0017511661054932953
-0.0017699689403732931
-0.001789079292404292
-0.0018085039445923953
-0.0018282498686488105