0.2000000010815186
0.20000014597269358
0.20000053561794492
0.2000011811463178
0.20000209988869005
0.2000032902598891
0.20000481508457357
0.2000066104509219
0.2000089445883912
0.20001180033777555
0.20001507160390458
0.2000191782475474
0.20001729393957873
0.20002148657266094
0.20002713470864877
0.20003106028376794
0.20003781107237054
0.20004329795840417
0.20004204381491109
0.2000561121463589
0.20005756505964323
0.20026909875621862
0.2000691687777981
0.19945256164213437
0.20019901100850465
0.20008668908889862
0.20039077610907657
0.20012707438356322
0.2005084438167258
0.20012261432616496
0.20018825925155292
0.2001310016238234
0.20015514593744657
0.20018065884299674
0.20021674319130287
0.20029732699927846
0.2003364589539405
0.20039249451089586
0.2001468275121934
0.2000351579350171
0.19995055714747084
0.19999393714256855
0.20028913479111396
0.20007222073065273
0.2001194053074058
0.20017692679405666
0.2001741143162471
0.20020992059350037
0.20024002926645404
0.20031033653916014
0.20036148722073577
0.2003666625261227
0.20048813029282853
0.20058590260518366
0.20043489175920431
0.200394040379408
0.20048110655471812
0.20042469129240856
0.1999859973874214
0.20068281195602725
0.20055429996911986
0.20068280108627207
0.20084485331817534
0.20030525254220605
0.20042178781109574
0.2005142189513791
0.2005839532065426
0.20065939466733237
0.20072414606040315
0.20076028676426405
0.20080070486783635
0.20091290111481608
0.20090460958265635
0.2009535628540798
0.2010194550599924
0.20094795065081006
0.20102433398778038
0.20110815809118016
0.20107114338067608
0.20106886723597417
0.20109631301622388
0.2010811979315729
0.20103192519769048
0.20101946697906606
0.20098627389982177
0.20092321492831278
0.20079923142236167
0.20093059493611906
0.20139951354564442
0.201317669576758
0.20142135283089688
0.20161518192102437
0.2015089671560872
0.2014486021586381
0.20145203610475196
0.20146836696237208
0.20147944686037175
0.2015564082227147
0.20147117236668363
0.20147424851066642
0.20146414103871405
0.2014442615724808
0.20135884729430684
0.2014041195220467
0.20141282734948193
0.20136662971589134
0.20141073432049106
0.2012934875171516
0.2013553100399241
0.2013654172454235
0.20138224918189956
0.20136665105863402
0.2015243744026399
0.2021348401177319
0.20206824560952522
0.20206229671806009
0.20203712645403205
0.2020066067279873
0.20199630405004373
0.20199764622524702
0.20194099483711106
0.20191504279721587
0.2019826545636085
0.20199288848519026
0.20198944897044274
0.20203614018083269
0.20207329990779496
0.20210585319992447
0.20215035974627824
0.2021633540566183
0.20225558038707372
0.202345401506756
0.20240703515186775
0.20251970749064493
0.20266827703450901
0.2028437209848034
0.20297185061294318
0.20315076814360178
0.2024242960730446
0.2025115420472115
0.20234598594775513
0.20249151306719815
0.20251430941395726
0.2025701957445584
0.20271288318296232
0.20281457831275784
0.20289665205268245
0.20296743102744036
0.20307515862913503
0.2031860318451753
0.20328696192511514
0.2034000051622419
0.20351688630720013
0.2036069444829672
0.2037174826599768
0.20388359179877266
0.20391939620928656
0.20412084482655388
0.20411088433635974
0.2042574365766225
0.2043134659275954
0.20436054353380936
0.20440168191883776
0.2035909653980201
0.2037019520051983
0.20385264061636804
0.2039927208474916
0.20412870164054853
0.20426629550779765
0.2044012501587931
0.20454557163970866
0.20470963345571594
0.20481062246820378
0.2049141366037355
0.2050138064740244
0.20510921567911833
0.20512082859746972
0.2051708474091354
0.20521482295242088
0.20526422595828572
0.2052938508278159
0.20533991728771864
0.2053046836724909
0.20529915927694967
0.2052687270064821
0.20520710300085168
0.2051443291686828
0.2051188144264276
0.20586467507804207
0.20600515066992184
0.20616099674230828
0.20626378811401222
0.20633821611629544
0.2063901881580832
0.20638168905465307
0.20644168880887245
0.20643494286220682
0.20643374804711356
0.20646371115788015
0.20644795842223254
0.20643200469023185
0.2064236989668715
0.2064035158574489
0.20637406988879833
0.20628825342045007
0.2063066900827954
0.20633564036093593
0.20629076528448428
0.20625944571294305
0.20627926366585145
0.20637204272208448
0.20633007233294146
0.20636938047214173
0.20804604751498182
0.20801030971163967
0.20794561113096416
0.20790482040468042
0.20785379911027504
0.20780379357466458
0.20776152187563957
0.20773077785014063
0.20773865248812728
0.20771752829914833
0.2076678166939471
0.20769696989608974
0.2077395681462839
0.20779781408051218
0.20784208370069568
0.20795140808453885
0.20806290055433346
0.20819755825886752
0.2083466640558692
0.20853225109765497
0.20874720707073874
0.20898823111705797
0.20926397472470565
0.2095687913096939
0.20989478363618258
0.20928390706616068
0.20922102381284932
0.20915950871186054
0.2091684015877729
0.20928117479655362
0.20930763883944886
0.20945088515175583
0.20955124522181126
0.2097741556775945
0.20992939314907097
0.21015856148855094
0.21038936861101942
0.21065279639543638
0.21093683035146696
0.21124264733968248
0.21156297157674778
0.2118362012073206
0.2122198431102228
0.21256359653732773
0.21289683721974642
0.21324218477933363
0.21357507601274012
0.21390085022725083
0.21421997926993164
0.2144790343004676
0.21114624135463203
0.2114909229824629
0.21187003533703397
0.21229831690180764
0.21274426532072824
0.21322720164927275
0.21371676034176093
0.21422605072303483
0.21472817516703824
0.21529812664208137
0.2158366011621512
0.2163735677850978
0.216893254643932
0.21739218101134383
0.21787530559523766
0.21835351748626922
0.2187960129665083
0.21921263310937808
0.21959794030974594
0.21993602147651256
0.2202207371428142
0.2204266590944823
0.22055744842816463
0.2205908479476252
0.22052906517011778
0.21840689790295414
0.2205831327158339
0.22269073811177237
0.22469454783414114
0.22669766834831986
0.22853370402004144
0.2302415746263553
0.2319223925454468
0.2335152983353488
0.23500910806858347
0.23642004604664849
0.23780209170912336
0.23908902939513457
0.24025580280483094
0.24132408635393685
0.24223493310670877
0.2430498233902381
0.2437779723267933
0.2444459008804216
0.24504481795546756
0.24564797145684464
0.24623580760126132
0.2468469223036773
0.24741486508389735
0.2478858155759463
0.20472726597799504
0.20032098683183638
0.1964350625795264
0.19284740808854872
0.1896749413764694
0.18653625338742075
0.18366760102460253
0.1809371662873843
0.17848406626886765
0.1763113735536558
0.17449008114015901
0.17320852839367967
0.17232654890110305
0.17193587077661554
0.17192847479829007
0.17232951360950796
0.17305812040052942
0.17410245405118482
0.17549673636789556
0.17730378958371998
0.17943951906659927
0.1820165009516557
0.18503050698136989
0.18828509824460218
0.19206964111641348
0.20098340011376603
0.20053347224525725
0.200199031342274
0.20012584587934532
0.20004386217531356
0.2001623529743743
0.20042342961462906
0.20078689784805653
0.20116893527984425
0.20167949572460797
0.20223959463343685
0.20285395437996145
0.20351787661396278
0.20421674058543227
0.20495023065497095
0.20572207236042947
0.20650123592625952
0.20730184621077932
0.20811111552252015
0.2088653116199262
0.20958220331580668
0.21032692432180075
0.21094710336469333
0.2116903405702106
0.21227834980400098
0.20694239117812058
0.20747955910605145
0.20802655509987195
0.20855144041804424
0.20909774671367026
0.2096318134517748
0.21015142594932168
0.21069175052165917
0.2111960247871017
0.211675603541173
0.21215016480054166
0.21255122441020097
0.21290951030614733
0.21324318920376503
0.21354415915023278
0.21380622514764835
0.21401375141254392
0.21417112693166837
0.21427479296060714
0.21433244969462806
0.21434101371667322
0.21428524184225123
0.2141676791375981
0.21399845405269266
0.21374382321013172
0.21466895890331797
0.2150673716897368
0.2155061901097112
0.21574081578443308
0.21608415797836558
0.21629171151415666
0.21644167887792934
0.21653812431283304
0.21662158676897833
0.21666343038260968
0.2166600063862301
0.21664893482874448
0.21660349294482945
0.2165472507295767
0.21646435481054294
0.21640008337120079
0.2163182547384205
0.2161706141318953
0.21613385855738074
0.21606617092508523
0.21598462118526598
0.21602462779188955
0.21598990449484132
0.21596765884484584
0.2160359056265931
0.21956922652899358
0.2194605668604424
0.21933907790978538
0.21922488421165104
0.21911263370408096
0.21899556043206309
0.2189051228694262
0.21880809474394625
0.21874915822500238
0.21869805824098942
0.21863948556288162
0.21863935529487713
0.21869374020275528
0.21875369934372696
0.21885881780675268
0.21899983926615488
0.2191711623253509
0.21936534634805435
0.21961362731563622
0.21990918415741148
0.220260498524667
0.2206487022199424
0.22107135678395384
0.2215580471151173
0.22204911821325282
0.22092109974202462
0.2208233426185268
0.2207664360080167
0.22075192322684936
0.22084931230039348
0.2209871764761199
0.22119047595726396
0.2214356262406762
0.22168267442077336
0.22201592795361721
0.22228954982894775
0.22263425220777358
0.22299260924124434
0.22336835300919652
0.22376688947940043
0.22415084323291834
0.22455950343959222
0.22490901022913576
0.22533064047640358
0.22564073103198257
0.22596372140951984
0.2263779435056534
0.22669303152332054
0.22693410410215883
0.22714143650897584
0.2237438724529548
0.22420420360156712
0.22466238201223432
0.22513613169492286
0.22558054863132082
0.22600546630892182
0.22641920309728716
0.22685059555950976
0.22724628509046527
0.22759045123609498
0.22787744875007743
0.2281794496857594
0.2284601557051755
0.22870897482168998
0.2288963926667655
0.22902154961804144
0.22919190865730277
0.22926693520925934
0.22927068845802534
0.22924961272232827
0.22918727585172688
0.22905980250585456
0.22890369387981988
0.228691298272722
0.22846123434037557
0.2302592644568445
0.2306815742269609
0.2310737420162888
0.23135521554243516
0.23153092208444012
0.23169542478016575
0.23181215272046177
0.23188891268690562
0.23191480233273262
0.23189705667285299
0.23184261692165659
0.2317962175669063
0.23174583344961086
0.23164938922017397
0.23155302014836268
0.23145226070777714
0.23132560567139676
0.231215644796395
0.23111383566278554
0.23111959637148713
0.23101636336690598
0.23098069524241682
0.23108949691753772
0.23107659641460748
0.2311520846879839
0.2352258988233983
0.23509386464983406
0.23489771647593102
0.23474414878870595
0.23458623862696754
0.23442264107665212
0.23433816315384873
0.2341805384671036
0.23408897277246618
0.23405410678218136
0.23405326661090547
0.23401738073740164
0.23410508518559284
0.2341858858274939
0.2343188943318204
0.23449023018308826
0.2347045425115056
0.23498289289234223
0.2353031395627143
0.23568275683519302
0.23612862669261195
0.23661754149476763
0.23717853882876674
0.23776953729752268
0.23834253185729798
0.23665399563307365
0.23660932663746348
0.23656731738970174
0.23660178716637353
0.2367482854223443
0.23686057952590323
0.2370927241768209
0.2373639032830681
0.23771178098221682
0.2380807826748602
0.23851386440056196
0.2389204166079905
0.23937403403721905
0.23983173961399035
0.24031843297605698
0.24083068316325829
0.24132686125202044
0.24178975539327713
0.2422594185161915
0.2427735471552258
0.24321318424228314
0.24362833907006842
0.24397436413338033
0.24426212657182975
0.24456475050307183
0.24020871501765603
0.2408243005046713
0.24137987320095114
0.24199203438490519
0.24256404449862645
0.24310978009914108
0.24369038152556505
0.2442265030975156
0.2447067740351281
0.24517992832996882
0.24556519991450282
0.24601139449244816
0.24633810578004164
0.24664053031452304
0.2468509109292685
0.24706689060163645
0.2472007883553591
0.24730004773633063
0.24733676800623358
0.24729703227925834
0.24720303803178473
0.24706864465199643
0.24685542172934571
0.2466024124934929
0.2462476873954744
0.2485985311887107
0.24912190027643588
0.24953691148981197
0.2499204207462608
0.25022715292182
0.25039447324879327
0.25057559098646537
0.25065418025597924
0.25071830243327087
0.25071485617396716
0.2506772015016179
0.2506103831936609
0.25051864628750187
0.25038482936427026
0.2502586408514179
0.25013250859766506
0.24997570136957367
0.24989377522511846
0.24968326514651232
0.24968736326147156
0.24957874405400018
0.24949476883928126
0.24955254141494665
0.24963310757764848
0.2497020532313102
0.25514422727775343
0.25493895042724846
0.25470627823615094
0.25448140419736026
0.2542736522494134
0.25407139696360365
0.2538820786408641
0.2537174160690174
0.2535563397251314
0.2534669761615558
0.25347532750339186
0.2534298791982594
0.2535270825741765
0.25358632589823477
0.2538178226969849
0.2540267088767535
0.2542612489044849
0.2546304451933746
0.25507007346605437
0.2555481320252877
0.2561298367644042
0.2567016473064653
0.25740285293663806
0.25821236178585244
0.2590589788142938
0.2569356294672952
0.25685482866300596
0.2568239870863778
0.2567671652386351
0.2569485794534367
0.25720148422731415
0.25749321813144227
0.2578116755446516
0.25823230734023367
0.25875830469335326
0.2592722766089534
0.25978900812951106
0.26038636324910663
0.26098454872058585
0.261655324655509
0.2623177311237835
0.2629819872393544
0.26360459950639453
0.2642704766677808
0.26487509714275764
0.26544118535479655
0.26596687477565234
0.2665305520886665
0.2669034401143071
0.2672325030810297
0.26152534336720973
0.262264034517236
0.2630120578779917
0.26377461414714165
0.26451447057894867
0.2652794571623164
0.2659633004987154
0.26669520879977526
0.26738572330711036
0.26803832619408047
0.2686221263930942
0.2691405887661936
0.2695387264885607
0.26995304037607276
0.27031172543818355
0.27061039384397656
0.2707945594406752
0.270947281169447
0.27101186508116987
0.2710113847022508
0.27088383992706305
0.27070136047208165
0.2704547193025146
0.2701267039955125
0.2697389450339678
0.27254253303868003
0.2732525725136255
0.2738401807663246
0.2743113665515182
0.2747467554824237
0.27503287906476226
0.2752171994723885
0.27542835333756804
0.2754996012049048
0.2755115330867913
0.27548354724224977
0.2753846743466896
0.27529263055926617
0.2751421719903534
0.27501052233614137
0.274800798462856
0.27462454802592073
0.2744044146894743
0.2742311121524421
0.27411523653118547
0.2739469466551493
0.27387620411405333
0.27396103785467585
0.27402844850342434
0.27402519454822727
0.2814425452903549
0.2811514047157526
0.280850547482695
0.28058458835334366
0.28029450106397663
0.28004036744978394
0.2797926710892958
0.2795492308343631
0.2793523702352224
0.2792332826007131
0.2791766031237465
0.27918083535389215
0.27920246512050645
0.2792741691676194
0.2795390865318145
0.2798401091567303
0.28020435013209977
0.2806139229244131
0.2811680280555221
0.2817999606386068
0.2825136666583601
0.2833165339038428
0.28424141058985375
0.28522929093120464
0.28628524452706455
0.2838958049354891
0.2837240087311601
0.2835885328466011
0.28364312563182054
0.28377542926135585
0.28408465210184086
0.2845115533815452
0.28487732265654825
0.28543478262458916
0.2860489974349284
0.2867038700346415
0.2874319612584205
0.2882087885202135
0.28903322070168586
0.2898959795435998
0.29077839600992933
0.291641066487344
0.29250691771869985
0.2933397675184025
0.29413179572770815
0.2949543418456551
0.295817661053122
0.2964162138090741
0.2971116947337241
0.29766287923450113
0.28968620860890476
0.2907420986845458
0.2916976862041323
0.29274664302888465
0.2937520231368596
0.29474895318445093
0.2957198866504138
0.2966868990320512
0.29759932574382847
0.29846522441739204
0.29919861992303126
0.2999871317546645
0.30059444164503624
0.3011789578484847
0.3015548383840098
0.3019784860703108
0.30239275096850715
0.3025971288170863
0.3026916277796538
0.30270720110135396
0.30259654890684035
0.3024052507297203
0.30211437322235946
0.3017047116445582
0.30106276494462586
0.3044625132827379
0.3054484612651903
0.3063536266917746
0.3069304964988344
0.30746956182249535
0.3079783455270596
0.30827638998436907
0.30856857005286037
0.3087094868170831
0.30875039682456923
0.30874132017882117
0.30867785237651174
0.30855326165633123
0.30837276771377786
0.3081029361834335
0.3078671981930575
0.30759334556365925
0.3073368120138713
0.30712352852521324
0.30688223348727833
0.3067147970851614
0.30661280660415935
0.30655428752378183
0.3065561812008922
0.30664093581868807
0.31672853624434294
0.316425006888344
0.31610788669116163
0.3157628965358892
0.31536246072441393
0.31502654099706273
0.31469368084886634
0.31434054455361626
0.31417669064210074
0.31390425265641797
0.31375973803781115
0.3138309620683576
0.31379252689265974
0.31396346007350884
0.31427373086342003
0.3146149050860123
0.31506669186091
0.3156260875977999
0.3162944926612967
0.31707739832561593
0.3180107164602853
0.31905248580842577
0.32025073000178184
0.3215544543701595
0.32300536159999005
0.3205037524046184
0.3201658532927196
0.320005198247635
0.31999777399943147
0.32018820019826383
0.32047130240970023
0.3209425511691104
0.32150831902792804
0.3221136638449668
0.3229545761125646
0.323827707808877
0.3247778132969837
0.32578493596499214
0.32686356530712596
0.32801563774335485
0.32916126615358726
0.33039691641813285
0.33156308945977564
0.33271855592622634
0.3338527576441804
0.3349659119927402
0.33606603557584763
0.3370572613379807
0.33794183083487406
0.33876184705577433
0.3279997835020365
0.32929231098075107
0.3306206801756126
0.33196138365754435
0.3333181106554354
0.33467045902655607
0.3360692046111618
0.3372208670961186
0.3386215560328963
0.3398101804453075
0.34090513030364533
0.34186361110917735
0.34284597292567504
0.343523764505722
0.34433094942032916
0.34492531140702987
0.34540873394775096
0.3457421507249176
0.34589832233782253
0.3459619029859489
0.3459249819719331
0.3456754360200773
0.3452513142941878
0.34467541630936216
0.3439800855278965
0.3479471044138195
0.349356171303853
0.3506046631430463
0.35154602946331237
0.35238628164169733
0.3530905769285601
0.3535825354573285
0.3539259811016147
0.3541382693430989
0.3543032015637345
0.35434708504960827
0.35425288312880393
0.35409273335768454
0.353874987296152
0.35361161356398274
0.35324254775302133
0.35290969516715603
0.3525444483078443
0.3521463057810993
0.35186244530531186
0.3515848259936217
0.3513987736872476
0.35125998016924354
0.35125144309839507
0.351337231464437
0.36556041208267437
0.36502459416537014
0.3646545927852936
0.36416303075348455
0.36365566833904783
0.3631554760243765
0.36275979278436415
0.36226592666409485
0.36191419354430787
0.3616418993611081
0.3614947405016796
0.3613806684419908
0.3614418540452952
0.3615028242638882
0.3618323821280882
0.3623223735884676
0.3628480903791706
0.36360040589857445
0.36449124230029817
0.3656374055742696
0.3669420926338789
0.36838608298860986
0.36994391872056026
0.37181442135878223
0.3738449404025108
0.3707997959662007
0.3702126358868418
0.37001685510470533
0.36989425975168816
0.37023198128304385
0.37060367280424805
0.37120998006894634
0.3718415098519929
0.3727841157343904
0.3738415742699718
0.3750836358613428
0.37641331773265346
0.3778281688431796
0.37933013256059667
0.38092497196212977
0.3826286459597023
0.38428335876137587
0.3859960343360441
0.3876466752018347
0.38922447845417435
0.3908753661024969
0.39227160387426624
0.3937955992443562
0.3950980794314729
0.3963219114996308
0.3809609616361928
0.3827202309573903
0.3845824072690685
0.3864398028806403
0.3883189129201926
0.39027755041839507
0.39223035935647266
0.3939943386506586
0.3958635209361134
0.39757450519296544
0.3991206543597823
0.40058750894835987
0.4018941808803932
0.403084220923763
0.4042129100222664
0.4050116511406093
0.40579614983183454
0.4063524264932756
0.4066908984639251
0.40684095294426903
0.4068083825105128
0.4065108142735864
0.40595196655464405
0.4052811645399247
0.4043324358836004
0.40893623026355763
0.4109551185527902
0.41285870543984193
0.41436011893282837
0.4156244678756669
0.4164885636647305
0.4172991430856854
0.4179149744139244
0.4183431550596155
0.41864077732003174
0.41876946726222214
0.41871460275832917
0.4185250491145489
0.4182500416432065
0.4178531062946339
0.4174181338334448
0.41686096685134827
0.41640155962291286
0.4158350797363016
0.4153658455304137
0.41497862338152525
0.41466757858035114
0.4143368366994825
0.4142698049548763
0.4144062098705712
0.4349529658245035
0.43434388654526235
0.43378642396932
0.43312886603673517
0.43245584240680635
0.431749964020461
0.43107424067605915
0.4305107883403869
0.4300722079572208
0.42948904176953046
0.42914877820517483
0.42902734190073893
0.4290782971589461
0.42918131329541814
0.42957058049460284
0.43013145233115696
0.4309776648356653
0.4320102949402093
0.4332621163148942
0.4348144491634789
0.4365985373629576
0.43862496267340845
0.4410312431858728
0.44368821417400606
0.44652875799019465
0.44299127306348196
0.442150927481295
0.4417933693549076
0.4416435908281951
0.4416847176017723
0.442124655143775
0.44302185411770423
0.4440614167134041
0.44534536818528253
0.4468909665923022
0.4486223731836601
0.4505058763989357
0.4525793667799237
0.4546914195588272
0.4571276871652498
0.45951624175911876
0.46203723142954617
0.4644849848939563
0.4670013678249372
0.4695227300102381
0.47194023784609956
0.4741362346039653
0.4763870062113667
0.4782957382666869
0.48012290856341827
0.4569919730444442
0.45960714326134144
0.4624055890221371
0.4652495737864897
0.4680715936416553
0.47088253660669604
0.4737537600027832
0.4765452435848444
0.4792346002405116
0.48171676381338296
0.4841026166283346
0.4864055640776764
0.48831179434588706
0.490292888162548
0.49178645415912825
0.4932245191668349
0.4942876576347772
0.49522454647531766
0.49581180035846817
0.4961217824815899
0.4961354468592452
0.49584987879151826
0.49509857922538175
0.4942594236156938
0.49295767591148754
0.49891654547104397
0.5019224400272765
0.5047149770178355
0.5070218065995401
0.5091186007097278
0.5103870922641222
0.5118277881654151
0.5126812237539261
0.5134096650608669
0.5138675015795904
0.5141822263870152
0.5141390796830643
0.5140086177234702
0.5136155344925254
0.5131109228317443
0.5125214963949942
0.5116671252389521
0.5108981980242804
0.510171900324414
0.509452909871615
0.5088315172577084
0.5081717511973474
0.5076767902385827
0.507577060580355
0.5076331942922369
0.5388314670797949
0.5380956747165098
0.5373535582775889
0.536456440896012
0.5354848672337462
0.5344964500677489
0.5335780654402248
0.5326960869360247
0.5319286569889538
0.5310484398784723
0.530535031638489
0.530297916901129
0.5301149001005423
0.5303538823726318
0.5308014577158161
0.5316123150424998
0.5327043945063515
0.534255742297855
0.5362117095215511
0.5384590457309947
0.5411099073163281
0.5442873434705469
0.5478835447792193
0.5517761371546054
0.5561757634493717
0.552288586028343
0.5509858630791501
0.5497916279636716
0.5496136849408958
0.5497095730719951
0.5503985428965188
0.5514731272657546
0.552946749987301
0.554949738472111
0.5572458410495061
0.5598529469692559
0.5628254338957897
0.5660145399245881
0.5694954785820084
0.5730676507891045
0.5768395839837602
0.5806682343513013
0.5847464764632029
0.5884979993420559
0.5924439609283618
0.5959655155103593
0.5997684412650257
0.6033625274606179
0.6062874222637833
0.6096257796569441
0.5728661761729161
0.5769918893930921
0.581320650915188
0.5857956120501264
0.5903137996707446
0.5947862010001751
0.5994131040442398
0.6037712041459609
0.6080927851584108
0.6120870818880091
0.6159609271927831
0.6195268585401001
0.6229791069469651
0.6259169372541357
0.6286453135244714
0.6308093361944951
0.6327386338441808
0.6343178929936145
0.6354902826027337
0.6361503170098146
0.6363910142652859
0.6361337645451927
0.6352697898169911
0.6338473011261626
0.6318412990223854
0.6398415219233634
0.6449418250848992
0.6495130421898083
0.6534837625723665
0.6564813360859564
0.6592914027290583
0.6615291733591724
0.6631465964800977
0.6644873349572435
0.6654128337020374
0.6658751726252149
0.6660570825218676
0.6658766258708869
0.6654139401306307
0.6646372868820618
0.6636559322832379
0.6625493454269031
0.6613423891396419
0.6600383233843042
0.6589205583449784
0.6576128283891188
0.6563658766891987
0.6557101932078179
0.6550251347615459
0.6551731694323825
0.7072342995887001
0.7063416774542693
0.7050925163599258
0.7036923198692288
0.702228675446888
0.7007436616008529
0.6991596371875696
0.6974996560710196
0.6961033410702595
0.6947936461451645
0.6939845998422585
0.6932060022993362
0.693026372575506
0.6931665869233243
0.6938494013823139
0.6950571867623934
0.6969824263126175
0.6993672995976742
0.7025154953801687
0.7063919436220909
0.7108894516566878
0.716033532205422
0.7220516119058238
0.7287319311593017
0.7361901824829176
0.7318040908202074
0.729113147474555
0.7272460432134525
0.7262001714007734
0.7262557568702562
0.7270733786554875
0.7285891836067129
0.7310313000487993
0.7344826209249639
0.7383890137616866
0.742817866317497
0.7479886423568431
0.753680132889692
0.7596302770294033
0.7657774055966613
0.7724871695919938
0.7791057620183552
0.7859261335217488
0.7928192761239855
0.7994726365921839
0.8059438881563248
0.8122186093544143
0.8181684570938659
0.8238244941376913
0.8290637213243051
0.7633181967271032
0.7709887211014714
0.7793236509584585
0.7875589264373182
0.7959337615688388
0.8042958756864742
0.8126189690849286
0.8204201113509161
0.8283031658580665
0.835552688069963
0.8425302529537934
0.8490170545120205
0.8547718361334858
0.8601117563417763
0.8650027948714748
0.8691518052328386
0.8728391627111325
0.8757254799361912
0.878162516055801
0.8798184676700816
0.880615295071285
0.880602659556908
0.8797634007612553
0.8778789162584701
0.8751544226766281
0.8876178557334959
0.8969409632563858
0.9052233610970887
0.9124153659327755
0.918342588128797
0.9232352816350015
0.927052219718239
0.9306221835483144
0.9332485020874179
0.9350976608036045
0.9364531343656837
0.9370416887132662
0.9370712887067408
0.9364663691181666
0.9355901922644833
0.9342520189574783
0.9322707581423284
0.9299178646690186
0.9279278531217503
0.9250661761959094
0.9229469092830865
0.920368580818409
0.9181877478067162
0.9168406504953255
0.9165726106561451
1.0171451740333872
1.0159827978165656
1.0142514220307735
1.0120640113351558
1.009666016240536
1.0069838666258668
1.0039060333707353
1.0013040358303102
0.9984344680327635
0.9954052867608718
0.9927750675822763
0.9911455563698651
0.9899916847857576
0.9901857756741914
0.9911117244836195
0.9926044862916904
0.9962427716523137
1.00128601084884
1.0077884046736132
1.015931853854296
1.0253620973652833
1.0367689870175651
1.0493468675548032
1.0629770941627974
1.077570301832827
1.0749554534645795
1.0664213561736036
1.059786841777208
1.0554391031336856
1.0519309370027934
1.0525947836893685
1.0546575442396438
1.0594052067708908
1.0670607175131759
1.0757716548644036
1.0868605903963333
1.0988152171468177
1.1120703969312968
1.1256879835493887
1.1399048035696595
1.1541265669240572
1.1681111401371214
1.181333815335343
1.194857401835204
1.2073191135792773
1.2188762807605418
1.2302696143551024
1.2408423171201088
1.2508315007881747
1.2601725437635567
1.088668901057939
1.1186985541468257
1.1490028634792884
1.1762413001297012
1.2017517185569153
1.2249550333574193
1.245429681315641
1.2641364224683826
1.2809746784691391
1.2957826893284003
1.3090482804796946
1.320353022978482
1.3315035023786883
1.3409118542552285
1.3495024332610344
1.3578463657059217
1.364645784735179
1.3714608162006083
1.3774022548291853
1.3827015179178825
1.3874315570833302
1.391262508182968
1.3943697042367533
1.3966335903254201
1.3974645315872685
1.4809016983705368
1.4817841612035076
1.4848904559720275
1.4886790556784548
1.492798411961738
1.497126486501848
1.5018473604807292
1.5063389688902347
1.5108241514931235
1.5155115867330413
1.5200679518838602
1.524783724681188