2.7121559392435e-19
-1.4367110439926887e-19
-3.070614099959441e-19
1.8533055094662607e-19
1.3636986989734838e-19
-6.159527530036611e-20
1.603316127451541e-19
-5.510891679189883e-20
8.727822027690719e-20
-1.6329779609219224e-19
-1.1821883947666442e-19
-3.126027171488208e-20
5.626666401746734e-19
3.4712917704647006e-6
9.05091560376728e-6
0.00001154356740658186
5.644336610909958e-6
8.336092800433571e-6
0.000015173579692135393
0.000015112802209771022
0.000020824489399432454
-0.0002242433158755591
0.000017954926942736717
0.0002558749821794773
-0.000040193287425166966
0.000018747703728584268
0.00006349975159676331
0.000033392623736088964
0.0002229188627797165
0.000016932615410888522
0.00007006872243274257
-0.00001463937424179068
0.000031140108917560684
0.00001764336728324342
-0.00033369415765999177
-0.0002405250067613158
-0.00017995385070519835
-0.0001553165037909057
0.00004752868775966209
0.0001224908863704373
0.0001004866694385219
0.00003351332418909785
4.727339456089185e-6
-0.00006098249219530914
-0.00008850058957905251
-0.00008750454341997149
-0.00014605227308083407
-0.00017453800851954747
-0.0002478321484958913
-0.0002562362615874591
-0.0001918447900369212
-0.00005195968533177089
-0.00022169088914744323
-0.0002781540534117876
1.1725432736392672e-6
-6.311140321673794e-6
0.000028946459705427635
0.00002160731202824242
3.1615640896847685e-6
0.000029598578049266385
0.000036132925076974135
0.00004120311666732663
0.00020391115244022836
-0.00037122047097257345
-0.00034423722761206456
-0.00034686205601590125
-0.00029683463465027493
-0.00034383823800456024
-0.00029783860988480035
-0.00020858785090750086
-0.000163766131339021
-0.00018734794814910017
-0.00011688661403328779
-0.00008864303739299401
-0.00005555361205288369
-0.00001208140185540519
0.00002485141465558718
0.00010652019092557542
0.00010784357091024119
0.00013748055804987448
0.00023975145296169578
0.00035985342427453335
0.000174956811273695
0.00030461709362137343
0.00030624729079989013
0.0003549576331478923
0.00042810546195247537
0.00019582787516297798
-0.00029871942794921613
-0.0001457379695548607
-0.0001198157736775773
-0.00004901881244594831
-2.8542245845152387e-6
0.00003026561102221895
0.00006408924880862774
0.0000977170368976327
0.00013148645605678803
0.0002997821979237131
0.00015818494214699477
0.00019292288079919296
0.00034044693928738875
0.0002696300346818364
0.0003733168500468239
0.00024125772122657237
0.0001870573369190539
0.00018507861031973318
0.00012203756237318754
0.00010658641489914213
0.00004487153752978375
-0.000014511154494498077
-0.00008031667584803809
-0.00017127965990409964
-0.00017331014653355605
0.00029104587032516396
0.0002576775458066906
0.0003120163547131864
0.00029492070728040764
0.0004266461961418928
0.0003005853432601072
0.00024639997098133154
0.0002903811119019192
0.00026490460392534967
0.0001701559591120435
0.00012721994561775438
0.0000894921076356677
0.00003555228092358885
-9.445001040444247e-6
-0.00005808653981837167
-0.00010866484056103269
-0.00020128234667224527
-0.00022229773999054444
-0.00025881758867453815
-0.00040316291518715077
-0.00047680790961421337
-0.0005330035891284401
-0.0005719799011905091
-0.0005021505245694025
-0.0004947879723416419
0.0004314699861744873
0.00028227343581002965
0.0002575740172272462
0.00013151762131815884
0.00003328574837658661
-0.00005999421757372581
-0.0001070554996281107
-0.00014798072281765434
-0.00019561022186699342
-0.00026961857886666896
-0.0002884573778926935
-0.00028066751006662713
-0.0003529202800105057
-0.00034974946240832994
-0.00034931656098503036
-0.0002997838362906899
-0.0002792451483008843
-0.0002884810568787002
-0.00020616106914295477
-0.00017938121463564855
-0.00009838378099966647
-0.000026129896599663166
0.00005624877376069322
0.00013306745005251197
0.00022118703352998282
-0.0003122712288064184
-0.0004112960508473834
-0.0004365491370090969
-0.0004652435837774675
-0.0004042052248927974
-0.0004277079035476792
-0.0004109151903819354
-0.0004065437814284505
-0.00039945788218472423
-0.0003213676250817016
-0.00025066957875387633
-0.00017376949908636368
-0.00009203407598295374
-0.000021814221385439516
0.00004971887184114438
0.00011905204764876304
0.00019601803508821405
0.0002736367971018586
0.00041392219284127463
0.00038828468600531475
0.0005391011357997763
0.0005241228770521856
0.0006058176611445047
0.0006063049560547262
0.0005580586197385085
-0.0006203639220622867
-0.0005013533063511972
-0.0003874142762162553
-0.00025433588407258175
-0.00012731803839491958
-7.897794022808826e-6
0.00007846439509227778
0.00018662752904905682
0.00024578969127967955
0.0002960949254071157
0.00042409902625326323
0.0004570720945853475
0.0005137373748247068
0.0004704492114233879
0.00048133268271983727
0.0004964844657480445
0.000538311031717725
0.0004510838494465226
0.00036996144437588925
0.00031470784521673813
0.00022955624980468977
0.00011978550474292876
0.000021075686556596917
-0.0001492148278246551
-0.00032565899682714344
0.00043300135387256664
0.000554778567770996
0.000594590892703614
0.0006841761785914948
0.0006847526635778108
0.000702785990189508
0.0006851063751530854
0.0006601609869383286
0.0005728910611486976
0.000522247678931314
0.00046608246310105944
0.0003584744458552229
0.00025360130244625104
0.00013900332282618813
0.000010485143064086225
-0.00010851964497905341
-0.00024222778476692744
-0.0003677257012787929
-0.0005086386173378831
-0.0006357043261945315
-0.000776763745605457
-0.0008481607864152661
-0.0009682265816747928
-0.0010307233404949039
-0.0010564877580738184
0.001154395001901573
0.0010034206913503811
0.0008413715539716124
0.0006626632502907296
0.0004708069148126572
0.0002764470594503894
0.0001059902673237594
-0.00009252493812798594
-0.00020378657083578453
-0.00040354437556954306
-0.0005225722408695137
-0.0006574466059780257
-0.0007755645742551191
-0.0008546277007030735
-0.0009314306963654768
-0.0009653514868875146
-0.000923992719896146
-0.0009504816905933877
-0.0009011215210222627
-0.0008175364829324302
-0.0007100846801360424
-0.0005653482623624026
-0.0003878260679866549
-0.00017456363773481605
0.00004270285580171334
-0.0001776309569164684
-0.0005140103604767881
-0.0008387664580154658
-0.0010685431623202201
-0.0013140925905262787
-0.001469995011109349
-0.0015608455670144761
-0.0016271537685321354
-0.0016338001147759706
-0.0016376418152109161
-0.0015613600077556363
-0.0014391414883078689
-0.0012733543645154811
-0.0010660439386363206
-0.0008238683575155681
-0.0005349213410740518
-0.00021856548015425868
0.00013455159937945544
0.0005305594005413991
0.0009516822578552566
0.0014357358964198197
0.0019512204452417953
0.002447012126894856
0.0029463783121014336
0.003433783642526119
-0.008439917651825914
-0.008409474182464962
-0.008111668494334623
-0.007567672856265131
-0.006835820417448252
-0.0059221986871249325
-0.0048753990556992454
-0.003671184930503548
-0.002346293770641112
-0.0009264687613190285
0.0006351227849653768
0.0023662674729621846
0.004212194389977863
0.006189678198409941
0.008298242441887666
0.010504961384849194
0.012762618462583373
0.015242029394706
0.017698806512607766
0.020304689337185107
0.023098188878499296
0.02609774084776077
0.029424897262619796
0.03314784169986252
0.03744085279315395
0.06445970809867856
0.06132667812601417
0.05818565188983031
0.055316350302778435
0.05243826640816892
0.04950373960275459
0.04645821572289788
0.04327663173310882
0.03973602153455328
0.0360419672487395
0.03211917351451264
0.028106015291167852
0.02394665736692676
0.019876170816177017
0.01586171559630813
0.011903403131737636
0.008075685261612097
0.0043456564237719375
0.0007761135096817894
-0.0027640356141248597
-0.006050121238195186
-0.009169784827968507
-0.011930834311531637
-0.014342265804424903
-0.016356834926717672
0.0053909916435827725
0.004979903180149694
0.004439569922025091
0.003791276266846713
0.003124035161735922
0.0024249815475397237
0.0017448414506414805
0.0011047936383940386
0.00046546445481410854
-0.00009673676921229899
-0.0006433296340641741
-0.001103110996830412
-0.0015442178315889104
-0.0018657882311016087
-0.002133747637637146
-0.0023626148200097488
-0.002497842662722553
-0.0025478717886384963
-0.0025310248606394445
-0.0024120798206830854
-0.002206719137673644
-0.0019429145892357281
-0.0016366313231565852
-0.0011576000473258127
-0.000643187322824346
-0.00037946500332394317
-0.0007062386736543193
-0.0009692386506310486
-0.0012261710523158163
-0.0014110242570919255
-0.0015280157768411194
-0.001564456715044434
-0.001589417531219748
-0.001540059036546739
-0.0014343991397248992
-0.0013016443053068122
-0.001125168951423498
-0.0009092891271122788
-0.0006834276069990482
-0.000426398363934614
-0.0001525655518711272
0.00012497577768421768
0.00041559964964479966
0.0006939244467427975
0.0009567077644619738
0.0012526991975536806
0.0015435415983709212
0.001764555096146654
0.0019388582064608381
0.0021153244042106637
-0.001790736109801542
-0.001520721819407367
-0.0012647948975023856
-0.000968154752778472
-0.0006710195399428306
-0.0003854731029068134
-0.00010967903821720017
0.00015702756944848146
0.00037643798969878265
0.0006136694285780295
0.0007893395120536744
0.0009259589584458391
0.0010973662944164348
0.0012005931887709685
0.0012542861592332308
0.0012455793899241565
0.0012171253350975594
0.0012180353333165706
0.0010715189853633302
0.0009449496985813841
0.0007740906171456026
0.0005683125875182875
0.0003180847877135697
0.000012579375806244357
-0.00031610938717041337
0.0007173122081436965
0.0009206676604665772
0.0010829842622464138
0.0011995101653597704
0.001293714592846744
0.0013121794780820233
0.0012885866073822662
0.0012354147885190467
0.0011417221052613443
0.0010205151973956214
0.0008865139897873224
0.0007083197231778374
0.0005102326717025373
0.0002972887590247134
0.0000813938299435197
-0.0001445729826599629
-0.0003732629983207365
-0.0006317439857490273
-0.0008641115931308685
-0.0010947407239114745
-0.001255990188842386
-0.0014806166313190963
-0.0016106907071030871
-0.0017442772332431251
-0.0017649537866860495
0.0016095214329389649
0.0013501082081998099
0.0010603668395723841
0.0007721270122238042
0.0004731891852656708
0.00017981263318153485
-0.000090964082603969
-0.000325000653848911
-0.0005571688714992709
-0.0007029685880865275
-0.0009367493173309548
-0.00107808811950064
-0.0011513218137712037
-0.0012321828385008636
-0.0012954309765842611
-0.0012679420446017652
-0.0012179541079384727
-0.0011028601181361415
-0.001017211946383595
-0.0008235434502049758
-0.0006279110674169164
-0.00038965059546120667
-0.00008295451391267783
0.00023577035174807026
0.0006055149570868863
-0.000981824225385593
-0.0011981030913877778
-0.0013547057944608527
-0.0013217462427668372
-0.0014796201155878287
-0.0014041474180799603
-0.0013589353590682373
-0.0013421578218178105
-0.001240270618766302
-0.0010697308835306433
-0.0008673406798920037
-0.0006796287235592692
-0.00045653046746727623
-0.00022515937541397877
0.000018538176258414207
0.0002493092674318955
0.000537967389209136
0.0007980622059628876
0.0010301193538596197
0.001264609425602359
0.0014912440840796366
0.0017043677600798147
0.0017967829143088602
0.0019187518814721325
0.001928995491046402
-0.0017394231307448155
-0.0014422014759828685
-0.0011472016335760313
-0.0008069394215491856
-0.0004754794656070662
-0.00016078414426045335
0.00014387336173604724
0.00042266390014260687
0.0006715249574100385
0.0008844922935682698
0.0009983194442605167
0.0011419978295254087
0.001272616536136152
0.0013951871688647243
0.001425340226168626
0.001404324890401557
0.0013714431946332108
0.0012700195384396733
0.0011244717662757507
0.0009004367993707774
0.0006881530658149893
0.0003970476257879219
0.00010892106577538527
-0.00029809640099406984
-0.0007340552924078188
0.0010461613594059326
0.0013130671153728686
0.001420293688737947
0.001527634135845086
0.0016817868213147699
0.0016903088903736196
0.0015703518801570536
0.0015358557187313856
0.0013970286380698862
0.001214052162727269
0.001000449392715784
0.0007864033312192606
0.0005407171897535961
0.00026692446635178454
-5.8260243566110475e-6
-0.0002955176350535581
-0.000589434549463722
-0.0008618272393345664
-0.0011309188001217584
-0.001455311867095908
-0.0017087193872479484
-0.0018660079856687168
-0.0020779894347642026
-0.0021794870487677597
-0.002170040644119057
0.0020544081749374736
0.0016573487413579096
0.001306130420940317
0.0009470250325622068
0.0005652863906069935
0.00019335908924660115
-0.0001627222155099365
-0.0004728185784330165
-0.0007591558579836095
-0.0009852361592295196
-0.0011622850985446023
-0.0013337144374596743
-0.0015080705738953284
-0.001542752280289504
-0.0015975305011139862
-0.0016129880988168025
-0.0015509789101027269
-0.0014247790158450717
-0.0012567517821777075
-0.001057603597975167
-0.0007764996883908631
-0.0004716580245769
-0.00011227291377211535
0.0002970228980564078
0.0007977226008750213
-0.0012451181199333104
-0.0015144329263637134
-0.001714277316855197
-0.00189632324021596
-0.0019103425838667104
-0.0018711829281323241
-0.0018331126870951152
-0.0017638597270665745
-0.0015861928674704704
-0.0014050511069292769
-0.0011481546579200862
-0.0009023564312330614
-0.0006280208530250854
-0.00029920140695543373
0.00001042030988888006
0.00035546819696566676
0.0006791561249465238
0.001030471098299676
0.001372565796108493
0.0016575366860644009
0.001955815734809349
0.0020804253832159493
0.002323543258433432
0.0024208162452038252
0.0025506984724055055
-0.0023649725649150266
-0.0019591457503334337
-0.001525840370298848
-0.0010886494084288378
-0.0006658060281983899
-0.0002680037001740855
0.00012685807432309432
0.00047033833258756426
0.0008120420856179861
0.001093720230382654
0.0013283735061086473
0.0015627250606626997
0.001695086364924652
0.0018179581768228183
0.0018913575416525505
0.0018475989512574602
0.0018133164955764364
0.0016584192245932626
0.0015072387510976116
0.0012195943739991854
0.0009473780124666766
0.0006002837297138237
0.0001759225984148341
-0.00030497644136614376
-0.0008717480180147956
0.0013691695653625662
0.0016990253514032037
0.0019360580081459662
0.0020935143014420552
0.002111851536558911
0.0021526401490678665
0.002118184362001798
0.0020152610671882155
0.0018805937562427332
0.0016503877674437473
0.0013758861763063484
0.001079113172724823
0.0007537720814762489
0.00038683800081764914
0.000048644888020290884
-0.0003349941875714593
-0.0007668009945139613
-0.0011185069590178929
-0.0014529863086065488
-0.0018446700077424426
-0.0021985490472738096
-0.0023977266029653515
-0.0026062611424948765
-0.0028210214633699795
-0.002933028381358973
0.002732409408733189
0.0022576038248850643
0.0018034257764161972
0.0013251876784049496
0.0008264916659415685
0.0003594799432872451
-0.0000999481780441388
-0.0005221705153097949
-0.0009180489618759605
-0.0011913095209248239
-0.001429156423589442
-0.0017405061191790628
-0.0019378490877602242
-0.002041832928054496
-0.0021607780645602043
-0.0021430648642208508
-0.0020841379959003724
-0.0019141569956174901
-0.0017415036164679788
-0.0014550079405736326
-0.0011390604426491544
-0.0007562477558269472
-0.00023761031781330838
0.0002453398840720132
0.0008486090299508461
-0.0013990029567620395
-0.0019151670354281627
-0.002163860097394583
-0.0023078244429602895
-0.002446885125859909
-0.0024783143995387893
-0.002366150391407179
-0.0022992861542916803
-0.0021627388936174123
-0.0019169839043875468
-0.0016249420807717835
-0.0012831862444292596
-0.0009136411018535491
-0.0005057847755991818
-0.00009018447342928631
0.00034885289642831604
0.0007758908815683643
0.0012337053813494152
0.001650047193272768
0.002133854101508752
0.0024553041034075357
0.0028087947041201583
0.0030608283206886135
0.0032733339787229003
0.00331791944723738
-0.003206970216996539
-0.0026689043971185925
-0.0021000164359219115
-0.0015632786669180305
-0.000999843565094399
-0.0004460755457980596
0.0000533208250140461
0.000537516992150855
0.0009748834803926222
0.001391505500038674
0.0016847251083605397
0.0019844462317239854
0.0021980118883345298
0.0023546724894425073
0.0024317683908845096
0.002459621866590752
0.00239924496490569
0.002275488399473381
0.002058429126058872
0.0017729092341140537
0.0013900861222843654
0.0008976575991599015
0.0004672811734195037
-0.0001984324424556695
-0.000984322502147545
0.0016895437685408104
0.0020902069653933888
0.0024079762696889765
0.0027031997988137824
0.002819264438345566
0.0028701812937783097
0.002818078652739389
0.0027137948187681256
0.0025498394082335107
0.0022509858734012333
0.0019225200726703917
0.0015347677708057307
0.0011239868603730755
0.0006290571096318348
0.00014541587042112174
-0.0003240204926270291
-0.0008219006647942646
-0.0013934415497576023
-0.0018557752938702708
-0.0022681795320208375
-0.002843253801293634
-0.0031775221090266613
-0.0035651793289411386
-0.0037605637979425378
-0.003864491288617038
0.00378470004647517
0.0031661713764806368
0.002543796027278804
0.001895922713018203
0.001241685825880455
0.0006516475713826245
0.000043066901633294756
-0.000550043634605451
-0.001050396238728483
-0.0015180112448100443
-0.0019231507065164556
-0.002255419255088186
-0.0024872794496775693
-0.0027090057732934033
-0.002840854720438078
-0.0028884682900843944
-0.0028075106523790705
-0.002655996749054478
-0.0023977273137915514
-0.002077917433223658
-0.0016633798755159418
-0.0011330354069795693
-0.0005604830698671376
0.0001654519418700431
0.0010350980978286975
-0.0018549688087293149
-0.002328407491707716
-0.002790487502341755
-0.003045190700232953
-0.0032452712832658653
-0.003312671580156973
-0.003275486160395153
-0.003164214505984575
-0.0029557795225975078
-0.0026431988091846913
-0.0022739169345104976
-0.0018286954995668072
-0.0013407941411265965
-0.0008177455020975927
-0.0003240507264588671
0.00025222169056232765
0.0009602125515005052
0.0015234286603414593
0.0020937136998041206
0.0027000838732763933
0.003174947291797191
0.0036721249597313856
0.0039757648179372515
0.0043119863633574
0.004630042540704134
-0.004423885016742361
-0.0037314757866384013
-0.003006745542726961
-0.0022826604231036126
-0.001541782086757973
-0.0008099651639693688
-0.00014493698452371683
0.000525215456814472
0.0011388212032297119
0.001666475052470527
0.0020931385948035723
0.002579405848826435
0.002916409701858022
0.0030844679666631384
0.003329356049200057
0.003387400487085605
0.0033353278807831408
0.00315335069478812
0.002888218669934365
0.002512513079046243
0.002035532587977085
0.0014536599882728114
0.0007256117511221517
-0.00011368403798553998
-0.0011092733962095517
0.001872826527298489
0.0025256058807147878
0.0031533734997929077
0.0035164944535496546
0.0037802709502419932
0.0038227948966254414
0.0038061417907936787
0.003723229210294669
0.003421262440895795
0.00313830169841193
0.0027215821356012058
0.002210269368357065
0.001639108726367706
0.0010533402097609242
0.0004318106078830576
-0.00016022988820443138
-0.0008973580767753369
-0.0015723231937240455
-0.00224464452404423
-0.0029056240199040718
-0.0035420956780653997
-0.004089255154787661
-0.0045951835700739595
-0.004995180625296732
-0.005240027020941765
0.005168104652879856
0.004419383392689749
0.003602442071923536
0.0027807996743536255
0.0019267990270445113
0.0010980247589800834
0.0003434617973576974
-0.0004552769305273096
-0.001144034798744521
-0.0017679434150636732
-0.0023440527795043757
-0.002856668920912045
-0.003235225045476787
-0.0035341137610059364
-0.0037365027069243203
-0.0038448001782975232
-0.0038181490272093405
-0.0036353034945797546
-0.0033671921151737024
-0.0029596036405291955
-0.0024206779014942894
-0.0017996414360832286
-0.001009764477623211
-0.0001495802109680756
0.0009594478375861515
-0.002162812943184769
-0.002871377905004446
-0.0034992687450448603
-0.003918610533842844
-0.0042095858108112056
-0.004359775904441872
-0.004495052469877207
-0.004310473743211169
-0.004093060647861331
-0.0037127048312541287
-0.0032191903027850802
-0.0026573634517979196
-0.002000909821982903
-0.0013420676513016163
-0.0005829483691830988
0.00022473481452519703
0.0010376183521837374
0.001860781760558428
0.002531624606246662
0.003317972084498096
0.004043482232564727
0.004726351359662374
0.005512987247569564
0.005996105753493678
0.006334693270789605
-0.006180250154316135
-0.005253882503780304
-0.004319487968956412
-0.00332637115672367
-0.002351457136035561
-0.0013377879762392273
-0.000403801761629322
0.0004837562780666007
0.0012644352032426217
0.002094728490557418
0.0027384205377259372
0.0032706191514671645
0.0039497262867720165
0.004306892164070777
0.004446735119313591
0.004660622269959274
0.004647347859301913
0.004451594336037093
0.004122032699366221
0.0036556106836585973
0.0030232537552368766
0.002252981120016326
0.0012804266014232026
0.0001551121055207061
-0.001201835294937366
0.0025169329189686585
0.0031912129380529098
0.004195501246508008
0.004691113220143807
0.0050617164180497025
0.0052980246482431615
0.005185326157890777
0.005182838426185424
0.00490159262217909
0.0044555298890750486
0.003916237148802271
0.0032611481815087934
0.0025202581103681136
0.0016729634088454041
0.0008348434306154198
-0.00007606585595294022
-0.001122617820142597
-0.002057787842758591
-0.0030652404226629184
-0.0040521309261766425
-0.004968214348043747
-0.0057646846558452635
-0.006459271507963132
-0.006989827461969265
-0.00743619493368493
0.007434546669131458
0.006409629898178981
0.005276807905308952
0.00414368921331443
0.0029655400348324802
0.0018443495560855493
0.0006867568918819971
-0.00047214874418174713
-0.0014946298189231699
-0.0024637945568290556
-0.0032623099196636422
-0.00398274543761166
-0.004582338185365179
-0.0049819272746171855
-0.005231823221196087
-0.0054885913591391725
-0.0054499826716717945
-0.005277654091180452
-0.0049023005633302055
-0.004343294352666237
-0.003659032841624903
-0.0027939525621753316
-0.0017199911717566958
-0.0004987906418466056
0.0009761599670920422
-0.0025254525222761287
-0.003848146358291471
-0.0047418937222877735
-0.0055142146255957375
-0.0059171950499529785
-0.006161203757897521
-0.006289065819334018
-0.006058497397610409
-0.005819277961045672
-0.005351571977898642
-0.0046907636582362204
-0.003964321740615957
-0.003089364492611442
-0.0021344083329835986
-0.001057746570206613
-0.00002988988729803714
0.0011434171183908898
0.0023180338873093425
0.003491691478012062
0.004666806435598696
0.005737902192527379
0.006662171377589308
0.007789591058267835
0.008355428121152116
0.00903161848074959
-0.00885365240396096
-0.0076246137351018
-0.00638266842699537
-0.004994487720960083
-0.0035959695920159103
-0.0022576266588802117
-0.0009545288513381086
0.0003024073872609994
0.0015132873163209576
0.0026481824113568494
0.0038123965843724953
0.00467371802546894
0.005304760549823632
0.005883443267195271
0.006401269130860254
0.006582766925797773
0.006669230506497298
0.00641902451957767
0.006095949975478842
0.005465373745608759
0.004614320072776893
0.003547068947348767
0.002222616479667028
0.0006491906183542238
-0.0011335708036472763
0.003087969201071569
0.004315779969664668
0.00555975117721883
0.006504843358608643
0.007050221106884775
0.007475881921556981
0.007608647198891467
0.0074586650581866315
0.0070052778567771725
0.0065991443580450514
0.005849640771355131
0.004942432372880039
0.003911061009327978
0.002717711595239649
0.0014983221857918932
0.00008443978319532584
-0.001258695636737957
-0.002767332253983969
-0.00418259269568656
-0.005607381715634738
-0.0069022049315340984
-0.008085197249015538
-0.009293659631442176
-0.01019573354372617
-0.010831525150089252
0.011062967310013348
0.009637377301300844
0.00802211002646774
0.006316885072655796
0.004656977746949384
0.002910604397615448
0.0013252291438806934
-0.00030840475416730757
-0.0017718126490702173
-0.003233763157758173
-0.004458560644772457
-0.0055536914946038235
-0.006520233075381951
-0.007186399389994087
-0.007724435861973696
-0.00804409402243208
-0.008089866445264441
-0.007796728833409636
-0.007352298236695048
-0.006642060457985976
-0.00564519581861825
-0.00438754686574528
-0.0028242666225395197
-0.00107269136392897
0.0010728587064267202
-0.0035986393526677898
-0.005523064955266191
-0.006921145302824394
-0.008036670192854738
-0.008729402260575373
-0.009061854587872184
-0.00929678054679675
-0.009133706639179479
-0.008734698207678405
-0.008046422508909431
-0.007159847592501916
-0.006062401688376704
-0.004849913825662679
-0.0034012966794920475
-0.0019139292439437708
-0.0003016579670142456
0.001306480176847536
0.003057924545172756
0.0047553628733724975
0.006457595731506733
0.008143803539680616
0.009616482830167814
0.011317897403818512
0.012301346027056553
0.013354575077744471
-0.013589074426250488
-0.01177702801357806
-0.009834940255249164
-0.007821254078019462
-0.0057555909594432806
-0.0038370572503396614
-0.001759931124039632
0.00003425015526471631
0.0018207235025907177
0.0034945433923374097
0.005195143477574752
0.006462266692318407
0.007721983930216398
0.008750137756393496
0.009448320761483732
0.009774201884220504
0.010081904902500459
0.009920682279153915
0.009393892699653596
0.008559000836318439
0.007361492743288519
0.00588103131146773
0.003864397944998882
0.0016697936957374383
-0.0010646019158369795
0.00394426354624768
0.006073324879410775
0.008127538938428713
0.009482413484265439
0.010317164231017122
0.011093538115777101
0.01133979628752412
0.011222263932915227
0.01080974470501673
0.01025579403506589
0.009216659289075212
0.007973393721590416
0.006375801201049472
0.004651212024659059
0.0027205604593372435
0.0006395096051637177
-0.001371848130982594
-0.003731039435836049
-0.005838071509931592
-0.008281183244615313
-0.010227660615181662
-0.01218902949362387
-0.014033882130702646
-0.015361748449153844
-0.016503205404480262
0.017397904027398943
0.015239572942734723
0.013027688313765707
0.010466389050953725
0.0078594486569339
0.005285302802633222
0.0025680815225481734
-9.798638591013212e-6
-0.0021332168490572835
-0.004560086134988013
-0.00660041069138677
-0.008300163409361712
-0.009877188107573445
-0.011102859976500408
-0.011854939233717146
-0.012401551793983645
-0.01252638517295415
-0.012372592377763397
-0.011595928086345882
-0.010588516063637848
-0.009160238610947289
-0.007291745064977698
-0.004975479112380037
-0.0024272136069258166
0.0010498274631021837
-0.0048238034536441194
-0.00784215715201784
-0.01065849224881368
-0.012256604270471094
-0.013666614261449404
-0.014194581321575903
-0.014679130070578033
-0.014481347452148012
-0.01392014743998968
-0.01291138396189521
-0.011612476328280552
-0.009928192947941287
-0.007990519120866901
-0.0058925125797962595
-0.0034991437894193772
-0.0010910686537740806
0.0014256727425643895
0.004205646841916598
0.006970932028165626
0.009601561998002535
0.012481090341603579
0.014859169378789254
0.017222655709829813
0.01947084755444944
0.021145943936455015
-0.02230974412707505
-0.019372897957143052
-0.016418437578528695
-0.01323135322768754
-0.009924099800687973
-0.006680856953966758
-0.0034833178632162716
-0.0004300365278855345
0.0024581444831289477
0.005198835501484539
0.007847100553376615
0.010323088234375987
0.012263070714688136
0.013842032571464224
0.015208389204258361
0.016111521335558272
0.01644973197920587
0.01625144594593959
0.015606547903487686
0.014475358833348056
0.012888042008260771
0.010270470191356502
0.007319573752942232
0.0034697566548170895
-0.000839498523311286
0.005596920661349185
0.009281097940625883
0.01259175397143371
0.01508167576842368
0.01697649706307741
0.01801427001300164
0.018924832142211752
0.019219656720082245
0.018651408528562924
0.017606253252151628
0.015984727981590452
0.013944029693707666
0.011463813791495763
0.00854805419484388
0.005331431081678248
0.0017547062171058463
-0.0017150979677517234
-0.0055611045477472155
-0.009360359262953973
-0.013411192763321153
-0.016617119150362656
-0.019914869608849563
-0.022964564967979842
-0.025355034267059148
-0.02740250458418147
0.030847758054294683
0.027419252732465475
0.023569231040130097
0.01940801081735352
0.014819531673632565
0.010303840671572173
0.005492182595808862
0.0009439710746008379
-0.0031693254607422236
-0.007138891118088161
-0.01104740885078828
-0.014112401604979011
-0.01691723620681784
-0.01904775790626186
-0.02056079748393599
-0.02143896492037304
-0.021583276418751147
-0.021215950846415487
-0.020232383115291238
-0.018397125309361148
-0.015958470900960173
-0.012866482088193864
-0.009102379689868647
-0.004692012034865984
0.00037645666494341137
-0.008272683847727145
-0.01461727261410436
-0.018880987047796376
-0.022337078629323166
-0.0245967102300457
-0.026037930121375664
-0.02656648163866388
-0.026199481781152913
-0.02513200738464393
-0.023241345797996513
-0.020887000172515324
-0.0179887500379614
-0.014690745152858856
-0.011031173075177878
-0.00694994170910732
-0.002725075769516276
0.0018706871274616402
0.0060615583435943005
0.01109748777457874
0.01599090902178292
0.020719477031011627
0.025204416562418706
0.029445961028426653
0.03337003678249275
0.03699005532897383
-0.04239924838931037
-0.03696645667032889
-0.030895436294724427
-0.024873495722869596
-0.01887529809263497
-0.012923868011942787
-0.007423308411186875
-0.0015421186418348228
0.0038380163852650903
0.008666946659733197
0.0134327507423102
0.017707577491903888
0.02146882953572009
0.024843943580073333
0.02737629282268107
0.02915083333003608
0.03062663189047691
0.030862974162635805
0.03018234886573495
0.028417434546869715
0.025470302934291457
0.021380801409896687
0.01555941104998355
0.008628534603798957
0.000085308364964352
0.008654588913660647
0.016382994190058994
0.022654818527571167
0.02783286151307852
0.03148595294044902
0.034962670495014864
0.03698708731269738
0.0374042903743229
0.03724209337720526
0.036140029182577596
0.0333779069201358
0.02977900265095759
0.024998295558747927
0.019200531447053353
0.012763633878954801
0.0053327585747872264
-0.002228167987970305
-0.010679528860086485
-0.018434610737334524
-0.026060287123139073
-0.033076147966751346
-0.03969888777799315
-0.04484593174982694
-0.04874916606128545
-0.05118201561586117
0.07108435887522963
0.0659403994690802
0.05843913731241135
0.049135525104081444
0.03859565040659641
0.027587141085455274
0.016125864014504804
0.004149381417267275
-0.006192822681028323
-0.016125264819459115
-0.02506939745218576
-0.03193759264815673
-0.037539842117568195
-0.04136189778907769
-0.043512857205268325
-0.044271846304911086
-0.04342327218321996
-0.041256575376168385
-0.03808099309273192
-0.03374277882201843
-0.028762038579030837
-0.022837346402844846
-0.016265778227614287
-0.00888989811496829
-0.0007890345042233217
-0.02887048229143323
-0.04975078285641725
-0.06278454136172111
-0.0708587567057795
-0.0722309508977491
-0.07085491003042023
-0.06758186982620419
-0.06280221112075958
-0.056589674868065286
-0.0500054505242993
-0.04257623395896438
-0.03531993644917307
-0.02784220487659241
-0.020404589524931776
-0.01295058138334208
-0.005606541819188063
0.0013516781144313236
0.008573397033002046
0.015507139043153966
0.02255711968108433
0.029573030538349924
0.03655901060844626
0.04373310520063024
0.051499460634257095
0.05879523085424976
-0.0922051125899703
-0.07242400197432772
-0.05608943068174556
-0.04238782384746845
-0.030409041443410074
-0.02021452946393902
-0.011298221783890986
-0.00344442080056311
0.003587250470010117
0.009760588582990422
0.015270723424140875
0.020167282925642044