0.2000000014158917
0.20000017132325182
0.20000062441307978
0.20000136069501528
0.20000238018472527
0.20000368290390796
0.200005268880298
0.2000071381476725
0.20000929074585974
0.20001172672074852
0.2000144461242988
0.20001744901455432
0.20002073545565655
0.2000243055178596
0.2000281592775477
0.20003229681725268
0.20003671822567473
0.20004142359770288
0.2000464130344382
0.20005168664321848
0.20005724453764342
0.20006308683760268
0.2000692136693049
0.2000756251653083
0.200082321464553
0.20008930271239467
0.2000965690606405
0.20010412066758637
0.20011195769805562
0.2001200803234398
0.2001284887217412
0.20013718307761666
0.20014616358242396
0.20015543043426956
0.20016498383805767
0.2001748240055425
0.2001849511553813
0.2001953655131895
0.20020606731159846
0.20021705679031468
0.20022833419618088
0.2002398997832397
0.20025175381279933
0.20026389655350094
0.2002763282813888
0.20028904927998256
0.20030205984035118
0.20031536026119026
0.2003289508489009
0.20034283191767152
0.20035700378956145
0.20037146679458803
0.2003862212708154
0.20040126756444673
0.20041660602991831
0.20043223702999707
0.20044816093588083
0.200464378127301
0.20048088899262878
0.20049769392898414
0.20051479334234776
0.20053218764767652
0.20054987726902213
0.20056786263965265
0.200586144202178
0.20060472240867877
0.20062359772083854
0.20064277061008012
0.2006622415577051
0.200682011055038
0.2007020796035735
0.2007224477151285
0.20074311591199834
0.20076408472711654
0.2007853547042199
0.20080692639801778
0.20082880037436573
0.2008509772104444
0.20087345749494318
0.20089624182824894
0.20091933082263985
0.20094272510248443
0.20096642530444714
0.2009904320776978
0.20101474608412861
0.201039367998576
0.20106429850904942
0.20108953831696622
0.20111508813739223
0.20114094869929128
0.20116712074577897
0.2011936050343855
0.20122040233732533
0.2012475134417742
0.20127493915015424
0.20130268028042717
0.20133073766639564
0.20135911215801325
0.20138780462170386
0.20141681594068916
0.20144614701532632
0.20147579876345534
0.2015057721207564
0.20153606804111707
0.20156668749701143
0.20159763147988885
0.20162890100057526
0.2016604970896857
0.20169242079804922
0.20172467319714643
0.2017572553795601
0.20179016845943915
0.20182341357297656
0.20185699187890194
0.20189090455898853
0.20192515281857631
0.20195973788711036
0.20199466101869662
0.20202992349267335
0.20206552661420205
0.20210147171487544
0.20213776015334498
0.20217439331596782
0.2022113726174745
0.2022486995016574
0.2022863754420813
0.20232440194281684
0.20236278053919698
0.20240151279859872
0.20244060032124905
0.20248004474105885
0.2025198477264819
0.2025600109814045
0.20260053624606275
0.20264142529799148
0.20268267995300443
0.20272430206620737
0.20276629353304573
0.20280865629038777
0.20285139231764465
0.20289450363792907
0.20293799231925425
0.20298186047577405
0.20302611026906672
0.2030707439094637
0.20311576365742554
0.20316117182496693
0.20320697077713143
0.2032531629335215
0.2032997507698813
0.20334673681973922
0.20339412367610948
0.20344191399325598
0.2034901104885232
0.20353871594423323
0.20358773320965542
0.20363716520305009
0.20368701491378918
0.2037372854045586
0.20378797981364508
0.20383910135731145
0.2038906533322645
0.20394263911821933
0.2039950621805652
0.20404792607313704
0.20410123444109782
0.20415499102393628
0.2042091996585877
0.20426386428268006
0.2043189889379141
0.20437457777358417
0.20443063505024364
0.20448716514352572
0.2045441725481247
0.20460166188194587
0.20465963789043462
0.20471810545109032
0.20477706957817765
0.20483653542764288
0.2048965083022482
0.20495699365693126
0.2050179971044078
0.20507952442102323
0.2051415815528728
0.20520417462219898
0.20526730993408518
0.20533099398345997
0.20539523346242944
0.20546003526795345
0.20552540650989043
0.2055913545194225
0.2056578868578932
0.20572501132607074
0.20579273597386902
0.2058610691105482
0.2059300193154246
0.2059995954491198
0.20606980666538102
0.20614066242350407
0.206212172501402
0.20628434700934856
0.20635719640444852
0.2064307315058713
0.20650496351090028
0.2065799040118481
0.20665556501389135
0.206731958953885
0.20680909872022069
0.2068869976737954
0.20696566967016278
0.20704512908294945
0.20712539082861825
0.2072064703926692
0.20728838385737952
0.20737114793118575
0.2074547799798256
0.20753929805936172
0.20762472095122148
0.2077110681993984
0.207798360149974
0.20788661799312552
0.20797586380780975
0.2080661206093202
0.20815741239993973
0.20824976422291655
0.20834320222003538
0.20843775369305112
0.2085334471693012
0.20863031247183217
0.20872838079439332
0.208827684781717
0.2089282586155036
0.20903013810661317
0.20913336079396608
0.20923796605075384
0.2093439951985797
0.20945149163024376
0.20956050094192757
0.20967107107564287
0.20978325247289006
0.20989709824054958
0.21001266433016763
0.21013000973192517
0.2102491966846962
0.21037029090377538
0.21049336182804737
0.21061848288854085
0.21074573180056744
0.21087519088190895
0.21100694739976372
0.21114109394958355
0.21127772886922205
0.2114169566923198
0.21155888864533198
0.2117036431931586
0.2118513466390364
0.2120021337850522
0.21215614866059132
0.2123135453269596
0.2124744887676809
0.2126391558752467
0.21280773654674887
0.21298043490269997
0.21315747064539328
0.21333908057592207
0.2135255202917659
0.2137170660905839
0.21391401710999539
0.21411669773807854
0.2143254603355655
0.21454068831744272
0.214762799650834
0.21499225083590173
0.2152295414495055
0.21547521934647212
0.21572988663214832
0.2159942065427205
0.21626891139843618
0.21655481182948486
0.21685280751857922
0.21716389975833067
0.21748920619126125
0.21782997818677408
0.21818762142157935
0.21856372037225447
0.218960067614135
0.21937869906058946
0.21982193659260393
0.22029243994713624
0.22079327028881407
0.22132796864264256
0.22190065338737927
0.22251614241578324
0.22318010752637615
0.22389927136581722
0.2246816611743862
0.22553693927337212
0.22647683858416706
0.2275157439320119
0.22867147880153801
0.22996638647385864
0.23142884062527527
0.2330953948422929
0.23501390302303207
0.23724814910671568
0.23988488027581442
0.24304476191954252
0.24689987640948277
0.251702296756994
0.25783118461214155
0.2658678185640378
0.2766909782894161
0.2914210214808427
0.30980391141863184
0.31716324866104517
0.2388867678127322
0.11777207586102148
0.10981609292089002
0.1278286890042349
0.1432879039492689
0.15474660118397343
0.16324470632884183
0.16970178798205196
0.1747411745439554
0.17877167582776934
0.18206488003863533
0.18480564849559528
0.18712313312806456
0.18910983152955113
0.19083350819745873
0.1923448302617767
0.19368237862504212
0.19487601439719282
0.19594919028834992
0.1969205698069691
0.19780518261420107
0.19861526289356563
0.19936086713386802
0.2000503358257109
0.20069064299623168
0.2012876639972139
0.2018463829245851
0.20237105491596014
0.20286533433900664
0.2033323769260352
0.20377492181281737
0.2041953579363412
0.20459577815501212
0.20497802365497123
0.20534372061311018
0.20569431064442306
0.20603107622750202
0.20635516204625481
0.20666759299262255
0.20696928942293813
0.2072610801437418
0.20754371351175663
0.2078178669590208
0.20808415519773948
0.20834313731331167
0.20859532291709545
0.20884117750122821
0.20908112711327248
0.20931556244959398
0.20954484244978483
0.2097692974617186
0.2099892320357793
0.21020492739807112
0.2104166436446357
0.2106246216927766
0.21082908502027858
0.21103024121886893
0.21122828338466967
0.21142339136530452
0.21161573288042565
0.2118054645306433
0.21199273270733435
0.2121776744147399
0.21236041801387281
0.212541083896909
0.21271978509940942
0.2128966278570332
0.2130717121125
0.2132451319778807
0.21341697615679478
0.21358732833045324
0.21375626751116558
0.2139238683664047
0.21409020151630503
0.21425533380706063
0.21441932856248488
0.214582245815742
0.21474414252304444
0.21490507276094556
0.21506508790863446
0.21522423681661332
0.21538256596286923
0.21554011959764588
0.215696939877749
0.21585306699129062
0.21600853927360483
0.21616339331511517
0.21631766406174938
0.21647138490852832
0.2166245877868419
0.21677730324592076
0.21692956052892687
0.21708138764409837
0.2172328114313153
0.21738385762439263
0.21753455090947252
0.21768491497975348
0.2178349725868361
0.21798474558894232
0.21813425499619313
0.21828352101319254
0.21843256307907008
0.21858139990517875
0.2187300495105855
0.21887852925553947
0.21902685587299903
0.21917504549840433
0.219323113697761
0.21947107549417952
0.21961894539294213
0.21976673740521435
0.21991446507047135
0.22006214147772435
0.22020977928562271
0.22035739074149285
0.22050498769939733
0.2206525816372461
0.22080018367304424
0.22094780458030724
0.2210954548026978
0.22124314446794202
0.22139088340104396
0.22153868113686215
0.22168654693206352
0.22183448977651035
0.22198251840409305
0.22213064130304955
0.22227886672580333
0.2224272026983343
0.22257565702911883
0.22272423731765495
0.22287295096260315
0.2230218051695504
0.2231708069584352
0.22331996317062494
0.2234692804757003
0.22361876537791942
0.22376842422242027
0.22391826320113778
0.22406828835847406
0.2242185055967264
0.2243689206812859
0.22451953924560825
0.2246703667959918
0.22482140871614564
0.2249726702715715
0.22512415661377003
0.22527587278427494
0.22542782371852105
0.22558001424956067
0.22573244911163257
0.22588513294358545
0.2260380702921751
0.22619126561522312
0.22634472328466063
0.2264984475894539
0.22665244273841434
0.2268067128629063
0.22696126201945038
0.22711609419222986
0.2272712132955055
0.22742662317593698
0.22758232761482386
0.2277383303302631
0.22789463497922552
0.22805124515956288
0.22820816441193967
0.2283653962216956
0.22852294402064577
0.22868081118881445
0.22883900105610946
0.22899751690394146
0.2291563619667813
0.22931553943367053
0.2294750524496763
0.22963490411729903
0.22979509749783372
0.2299556356126829
0.2301165214446296
0.23027775793906596
0.23043934800518237
0.23060129451711958
0.23076360031508003
0.2309262682064069
0.23108930096662794
0.23125270134046547
0.23141647204281435
0.23158061575969138
0.23174513514915243
0.2319100328421834
0.2320753114435634
0.23224097353270104
0.2324070216644452
0.23257345836987264
0.2327402861570518
0.23290750751178044
0.2330751248983092
0.23324314076003583
0.23341155752018286
0.23358037758245706
0.23374960333168676
0.2339192371344435
0.23408928133964366
0.23425973827913646
0.23443061026827122
0.23460189960645308
0.23477360857768045
0.23494573945106917
0.23511829448136112
0.23529127590942148
0.23546468596271744
0.2356385268557925
0.23581280079072012
0.23598750995754844
0.2361626565347364
0.23633824268957224
0.2365142705785876
0.23669074234795615
0.23686766013388533
0.2370450260629962
0.2372228422526951
0.23740111081153503
0.23757983383956902
0.23775901342869343
0.23793865166298575
0.23811875061903123
0.23829931236624238
0.2384803389671727
0.2386618324778213
0.23884379494792976
0.23902622842127552
0.2392091349359543
0.23939251652465823
0.23957637521494804
0.23976071302951907
0.23994553198645932
0.2401308340995047
0.24031662137828766
0.24050289582857856
0.2406896594525262
0.24087691424888757
0.24106466221325762
0.24125290533829233
0.2414416456139267
0.2416308850275888
0.2418206255644104
0.2420108692074315
0.24220161793780226
0.2423928737349803
0.24258463857692508
0.24277691444028676
0.242969703300594
0.24316300713243447
0.2433568279096375
0.24355116760544782
0.24374602819269844
0.24394141164398264
0.2441373199318183
0.24433375502881322
0.24453071890782596
0.24472821354212448
0.24492624090553936
0.24512480297262135
0.24532390171878685
0.24552353912046967
0.24572371715526484
0.24592443780207207
0.24612570304123774
0.24632751485469315
0.24652987522609085
0.24673278614094038
0.2469362495867406
0.24714026755311042
0.247344842031918
0.24754997501740716
0.24775566850632394
0.24796192449803955
0.24816874499467165
0.248376132001207
0.24858408752561703
0.2487926135789776
0.24900171217558442
0.24921138533306642
0.24942163507249915
0.2496324634185172
0.24984387239942374
0.2500558640472995
0.25026844039811047
0.25048160349181625
0.2506953553724726
0.25090969808833874
0.25112463369197807
0.25134016424036265
0.25155629179497246
0.25177301842189725
0.2519903461919348
0.2522082771806896
0.2524268134686699
0.2526459571413854
0.25286571028944177
0.2530860750086355
0.2533070534000499
0.25352864757014626
0.2537508596308582
0.2539736916996816
0.2541971458997686
0.2544212243600165
0.2546459292151578
0.2548712626058499
0.2550972266787641
0.2553238235866731
0.2555510554885397
0.2557789245496032
0.25600743294146655
0.25623658284218165
0.25646637643633585
0.2566968159151378
0.25692790347650024
0.2571596413251265
0.2573920316725936
0.25762507673743573
0.25785877874522795
0.25809313992866917
0.2583281625276646
0.25856384878940786
0.25880020096846346
0.25903722132684853
0.2592749121341143
0.2595132756674266
0.2597523142116483
0.25999203005941846
0.2602324255112348
0.2604735028755326
0.26071526446876553
0.26095771261548584
0.26120084964842366
0.2614446779085681
0.26168919974524524
0.2619344175161989
0.26218033358767023
0.26242695033447555
0.2626742701400876
0.26292229539671397
0.26317102850537505
0.263420471875986
0.2636706279274326
0.26392149908765294
0.2641730877937154
0.2644253964918973
0.2646784276377657
0.264932183696254
0.26518666714174344
0.26544188045814066
0.2656978261389591
0.2659545066873953
0.2662119246164105
0.26647008244881
0.26672898271732143
0.26698862796467565
0.2672490207436866
0.26751016361733
0.26777205915882457
0.2680347099517111
0.2682981185899349
0.2685622876779233
0.2688272198306686
0.2690929176738075
0.26935938384370367
0.26962662098752654
0.2698946317633355
0.2701634188401588
0.27043298489807766
0.2707033326283064
0.27097446473327585
0.27124638392671546
0.27151909293373616
0.27179259449091303
0.2720668913463688
0.2723419862598574
0.2726178820028478
0.27289458135860756
0.273172087122288
0.27345040210100835
0.27372952911394066
0.27400947099239514
0.27429023057990626
0.274571810732318
0.27485421431787094
0.2751374442172873
0.27542150332385995
0.27570639454353835
0.27599212079501684
0.27627868500982194
0.27656609013240224
0.2768543391202156
0.27714343494381916
0.2774333805869596
0.2777241790466617
0.2780158333333202
0.2783083464707893
0.27860172149647533
0.278895961461428
0.2791910694304321
0.27948704848210015
0.2797839017089665
0.2800816322175802
0.28038024312859827
0.2806797375768818
0.28098011871159
0.2812813896962749
0.28158355370897986
0.2818866139423333
0.28219057360364674
0.2824954359150135
0.28280120411340476
0.28310788145076926
0.283415471194133
0.2837239766256974
0.28403340104294106
0.28434374775871907
0.28465502010136606
0.284967221414797
0.28528035505861
0.28559442440818983
0.2859094328548109
0.28622538380574297
0.2865422806843538
0.2868601269302176
0.28717892599921935
0.28749868136366197
0.28781939651237465
0.2881410749508197
0.28846372020120203
0.28878733580257954
0.28911192531097174
0.2894374922994711
0.28976404035835585
0.29009157309519995
0.2904200941349883
0.2907496071202284
0.29108011571106635
0.29141162358540124
0.29174413443900105
0.2920776519856189
0.2924121799571118
0.29274772210355643
0.29308428219337057
0.29342186401343096
0.29376047136919464
0.29410010808481957
0.29444077800328755
0.2947824849865264
0.29512523291553344
0.29546902569050093
0.29581386723094105
0.29615976147581136
0.29650671238364273
0.29685472393266743
0.2972038001209466
0.297553944966502
0.297905162507444
0.298257456802106
0.2986108319291739
0.29896529198782135
0.29932084109784346
0.2996774833997917
0.3000352230551103
0.30039406424627274
0.30075401117692113
0.3011150680720031
0.30147723917791425
0.3018405287626367
0.3022049411158833
0.30257048054923846
0.30293715139630406
0.3033049580128439
0.3036739047769283
0.304043996089084
0.3044152363724403
0.30478763007287873
0.3051611816591845
0.30553589562319605
0.30591177647995976
0.306288828767882
0.30666705704888464
0.3070464659085611
0.3074270599563333
0.3078088438256098
0.30819182217394575
0.30857599968320276
0.30896138105971116
0.3093479710344342
0.30973577436312894
0.3101247958265158
0.31051504023044296
0.3109065124060549
0.311299217209961
0.3116931595244076
0.3120883442574486
0.3124847763431182
0.3128824607416075
0.3132814024394374
0.31368160644963833
0.3140830778119272
0.3144858215928876
0.3148898428861505
0.31529514681257875
0.3157017385204493
0.31610962318563957
0.31651880601181254
0.31692929223060884
0.31734108710183223
0.3177541959136452
0.3181686239827571
0.318584376654623
0.31900145930363666
0.3194198773333286
0.3198396361765648
0.3202607412957482
0.32068319818301966
0.3211070123604625
0.3215321893803062
0.3219587348251365
0.32238665430809915
0.32281595347311565
0.32324663799509035
0.3236787135801274
0.32411218596574426
0.32454706092108926
0.32498334424715997
0.32542104177702524
0.3258601593760456
0.32630070294209834
0.32674267840580373
0.32718609173075147
0.32763094891373234
0.32807725598496845
0.32852501900834574
0.32897424408165143
0.32942493733680955
0.32987710494012096
0.3303307530925035
0.3307858880297367
0.33124251602270527
0.3317006433776468
0.33216027643640134
0.33262142157666225
0.3330840852122294
0.33354827379326474
0.33401399380655006
0.3344812517757463
0.3349500542616553
0.33542040786248467
0.335892319214113
0.3363657949903592
0.3368408419032526
0.3373174667033061
0.3377956761797919
0.33827547716101936
0.33875687651461334
0.3392398811477987
0.33972449800768373
0.3402107340815476
0.3406985963971305
0.34118809202292505
0.3416792280684707
0.3421720116846524
0.34266645006399776
0.34316255044098193
0.34366032009233005
0.34415976633732676
0.34466089653812526
0.3451637181000583
0.3456682384719582
0.3461744651464705
0.34668240566037706
0.34719206759492055
0.3477034585761283
0.34821658627514473
0.34873145840856185
0.3492480827387549
0.3497664670742207
0.3502866192699179
0.35080854722761307
0.3513322588962252
0.351857762272178
0.3523850653997517
0.35291417637144096
0.3534451033283128
0.3539778544603708
0.3545124380069191
0.3550488622569349
0.3555871355494376
0.3561272662738661
0.3566692628704587
0.35721313383063413
0.3577588876973788
0.3583065330656354
0.3588560785826977
0.3594075329486038
0.35996090491653976
0.3605162032932413
0.36107343693940125
0.3616326147700818
0.362193745755128
0.36275683891958715
0.3633219033441306
0.3638889481654818
0.364457982576843
0.3650290158283328
0.36560205722742195
0.3661771161393778
0.3667542019877073
0.36733332425461035
0.3679144924814316
0.368497716269121
0.36908300527869603
0.3696703692317086
0.3702598179107173
0.3708513611597624
0.3714450088848461
0.37204077105441946
0.3726386576998685
0.37323867891601037
0.3738408448615909
0.3744451657597889
0.375051651898723
0.3756603136319651
0.3762711613790568
0.3768842056260347
0.37749945692595455
0.3781169258994246
0.3787366232351453
0.37935855969044885
0.37998274609184907
0.38060919333559295
0.3812379123882207
0.38186891428712777
0.38250221014113434
0.38313781113106027
0.3837757285103051
0.3844159736054329
0.38505855781676523
0.38570349261897596
0.38635078956169533
0.3870004602701188
0.3876525164456212
0.3883069698663779
0.38896383238798926
0.38962311594411636
0.39028483254711777
0.39094899428869545
0.3916156133405464
0.39228470195502074
0.3929562724657841
0.3936303372884925
0.39430690892146475
0.39498599994637257
0.3956676230289258
0.3963517909195751
0.3970385164542144
0.39772781255489265
0.39841969223053275
0.39911416857765997
0.3998112547811332
0.40051096411488574
0.40121330994267335
0.4019183057188325
0.40262596498904224
0.4033363013910927
0.4040493286556682
0.4047650606071321
0.4054835111643213
0.4062046943413498
0.40692862424841847
0.40765531509263725
0.4083847811788496
0.40911703691046936
0.40985209679032825
0.41058997542152476
0.41133068750829105
0.4120742478568602
0.4128206713763472
0.4135699730796412
0.414322168084299
0.4150772716134568
0.41583529899674504
0.41659626567121566
0.4173601871822797
0.41812707918465153
0.41889695744330613
0.4196698378344454
0.42044573634647336
0.42122466908098366
0.4220066522537546
0.42279170219576084
0.4235798353541874
0.42437106829345966
0.4251654176962835
0.4259629003646981
0.4267635332211331
0.42756733330948765
0.4283743177962125
0.42918450397140584
0.4299979092499237
0.43081455117249917
0.43163444740687457
0.43245761574894515
0.4332840741239185
0.4341138405874823
0.43494693332698536
0.43578337066263556
0.4366231710487047
0.43746635307475323
0.4383129354668594
0.4391629370888731
0.44001637694367474
0.4408732741744497
0.4417336480659811
0.44259751804595165
0.44346490368626085
0.4443358247043607
0.4452103009646011
0.44608835247959355
0.44696999941158827
0.44785526207386817
0.44874416093215674
0.44963671660604293
0.45053294987042064
0.4514328816569491
0.4523365330555197
0.4532439253157513
0.45415507984849424
0.45507001822735343
0.4559887621902295
0.4569113336408792
0.4578377546504898
0.4587680474592706
0.4597022344780704
0.4606403382900052
0.4615823816521067
0.4625283874969953
0.4634783789345601
0.46443237925367553
0.46539041192391756
0.46635250059732136
0.4673186691101401
0.46828894148463823
0.46926334193089314
0.470241894848634
0.4712246248290846
0.4722115566568404
0.4732027153117625
0.4741981259708937
0.475197814010399
0.47620180500752696
0.4772101247425968
0.47822279920100746
0.47923985457527024
0.4802613172670639
0.48128721388932216
0.48231757126833535
0.4833524164458844
0.48439177668139854
0.48543567945413874
0.4864841524654065
0.48753722364077967
0.4885949211323819
0.48965727332116477
0.49072430881923385
0.491796056472191
0.4928725453615141
0.4939538048069575
0.4950398643689896
0.4961307538512553
0.49722650330306956
0.49832714302194525
0.4994327035561454
0.5005432157072743
0.5016587105328976
0.5027792193491896
0.5039047737336273
0.5050354055276995
0.506171146839669
0.5073120300473544
0.5084580878009521
0.5096093530258989
0.5107658589257619
0.5119276389851689
0.5130947269727795
0.5142671569442878
0.5154449632454643
0.5166281805152404
0.5178168436888319
0.5190109880008946
0.5202106489887312
0.5214158624955334
0.5226266646736659
0.5238430919879943
0.5250651812192527
0.5262929694674643
0.5275264941553921
0.5287657930320463
0.5300109041762345
0.5312618660001523
0.532518717253031
0.5337814970248225
0.5350502447499441
0.5363250002110626
0.5376058035429321
0.5388926952362867
0.5401857161417767
0.5414849074739655
0.5427903108153724
0.5441019681205755
0.5454199217203686
0.5467442143259644
0.5480748890332724
0.5494119893272179
0.5507555590861244
0.5521056425861626
0.5534622845058483
0.5548255299306101
0.5561954243574139
0.5575720136994529
0.5589553442909067
0.5603454628917531
0.5617424166926586
0.563146253319933
0.5645570208405469
0.5659747677672261
0.5673995430636122
0.5688313961494945
0.5702703769061207
0.571716535681576
0.5731699232962391
0.5746305910483176
0.5760985907194525
0.5775739745804161
0.579056795396881
0.5805471064352675
0.5820449614686836
0.5835504147829473
0.585063521182689
0.5865843359975433
0.5881129150884369
0.5896493148539617
0.5911935922368319
0.5927458047304519
0.5943060103855604
0.5958742678169924
0.5974506362105124
0.5990351753297748
0.6006279455233693
0.6022290077319697
0.603838423495601
0.6054562549609969
0.6070825648890813
0.6087174166625441
0.610360874293544
0.6120130024315262
0.6136738663711376
0.6153435320602871
0.6170220661082996
0.6187095357942238
0.6204060090752331
0.6221115545951742
0.6238262416932396
0.6255501404127708
0.6272833215101963
0.6290258564641007
0.6307778174844498
0.6325392775219336
0.6343103102774698
0.6360909902118423
0.6378813925555088
0.6396815933185308
0.6414916693006847
0.6433116981017108
0.64514175813174
0.6469819286218661
0.6488322896349001
0.6506929220762797
0.6525639077051613
0.654445329145686
0.6563372698984179
0.6582398143519733
0.6601530477948221
0.6620770564272993
0.6640119273737871
0.6659577486951044
0.6679146094010984
0.6698825994634269
0.6718618098285655
0.6738523324310096
0.675854260206702
0.6778676871066788
0.6798927081109319
0.681929419242508
0.6839779175818363
0.6860383012812912
0.688110669579998
0.6901951228188855
0.6922917624559851
0.6944006910819961
0.6965220124360977
0.6986558314220365
0.7008022541244765
0.7029613878256363
0.7051333410222043
0.7073182234425325
0.709516146064135
0.7117272211314803
0.7139515621740853
0.7161892840249261
0.7184405028391705
0.720705336113212
0.7229839027040663
0.7252763228490731
0.7275827181859673
0.7299032117732843
0.7322379281111304
0.7345869931623158
0.7369505343738596
0.7393286806988857
0.741721562618886
0.7441293121664028
0.7465520629480997
0.7489899501682536
0.7514431106526613
0.7539116828729961
0.7563958069715648
0.7588956247865675
0.7614112798777627
0.7639429175526387
0.7664906848930453
0.7690547307823163
0.771635205932894
0.774232262914464
0.7768460561826063
0.7794767421079809
0.7821244790060633
0.7847894271674111
0.787471748888541
0.7901716085033371
0.7928891724150952
0.7956246091291374
0.7983780892860725
0.8011497856956704
0.8039398733714
0.8067485295656139
0.8095759338054196
0.8124222679292331
0.8152877161240557
0.8181724649634486
0.8210767034462799
0.8240006230361928
0.8269444177018759
0.829908283958109
0.832892420907625
0.8358970302838007
0.8389223164941921
0.8419684866649336
0.8450357506860379
0.8481243212575807
0.8512344139368553
0.8543662471864276
0.8575200424232077
0.8606960240684833
0.863894419599019
0.8671154595991486
0.870359377813979
0.873626411203666
0.876916799998824
0.8802307877570764
0.8835686214208038
0.8869305513760616
0.890316831512776
0.8937277192861673
0.8971634757795004
0.9006243657681505
0.9041106577850195
0.9076226241873923
0.9111605412251511
0.9147246891105415
0.9183153520893687
0.9219328185137776
0.9255773809166109
0.9292493360873695
0.9329489851498411
0.9366766336414634
0.9404325915943788
0.9442171736183371
0.9480306989854119
0.9518734917166108
0.9557458806704192
0.9596481996333429
0.9635807874124858
0.9675439879301976
0.9715381503209402
0.9755636290302743
0.9796207839161768
0.9837099803526446
0.9878315893357302
0.991985987591978
0.99617355768944
1.000394688151216
1.0046497735717244
1.0089392147356333
1.01326341873966
1.0176227991172244
1.0220177759660827
1.0264487760789855
1.0309162330774986
1.0354205875490312
1.0399622871871719
1.0445417869354603
1.0491595491346088
1.0538160436733792
1.0585117481431308
1.0632471479962176
1.0680227367082613
1.072839015944505
1.0776964957302928
1.082595694625848
1.0875371399054385
1.0925213677410754
1.0975489233908744
1.1026203613922603
1.1077362457600426
1.112897150189675
1.118103658265708
1.1233563636756743
1.1286558704295344
1.1340027930848926
1.139397756978117
1.1448413984615526
1.150334365147032
1.1558773161559193
1.1614709223757609
1.1671158667239048
1.1728128444182173
1.1785625632551278
1.184365743895257
1.1902231201568931
1.1961354393174928
1.2021034624235318
1.2081279646089573
1.2142097354225165
1.22034957916424
1.2265483152314391
1.2328067784744097
1.2391258195623207
1.2455063053594835
1.2519491193124705
1.258455161848334
1.2650253507843903
1.271660621749917
1.2783619286201844
1.2851302439632393
1.291966559499884
1.2988718865772697
1.3058472566566925
1.3128937218158994
1.3200123552666287
1.3272042518877663
1.3344705287746772
1.3418123258054837
1.349230806224536
1.3567271572441029
1.3643025906646546
1.3719583435145204
1.3796956787096195
1.3875158857339818
1.39542028134194
1.4034102102825665
1.411487046047459
1.4196521916425324
1.4279070803848462
1.4362531767254199
1.444691977098949
1.453225010801464
1.4618538408972042
1.470580065155488
1.4794053170191068