0.01
0.03
0.05
0.06999999999999999
0.09
0.11
0.13
0.15000000000000002
0.17
0.19
0.21000000000000002
0.23
0.25
0.27
0.29000000000000004
0.31
0.33
0.35000000000000003
0.37
0.39
0.41000000000000003
0.43
0.45
0.47000000000000003
0.49
0.51
0.53
0.55
0.5700000000000001
0.59
0.61
0.63
0.65
0.67
0.6900000000000001
0.7100000000000001
0.73
0.75
0.77
0.79
0.81
0.8300000000000001
0.85
0.87
0.89
0.91
0.93
0.9500000000000001
0.97
0.99
1.01
1.03
1.05
1.07
1.09
1.11
1.1300000000000001
1.1500000000000001
1.17
1.19
1.21
1.23
1.25
1.27
1.29
1.31
1.33
1.35
1.37
1.3900000000000001
1.4100000000000001
1.43
1.45
1.47
1.49
1.51
1.53
1.55
1.57
1.59
1.61
1.6300000000000001
1.6500000000000001
1.6700000000000002
1.69
1.71
1.73
1.75
1.77
1.79
1.81
1.83
1.85
1.87
1.8900000000000001
1.9100000000000001
1.93
1.95
1.97
1.99
2.01
2.03
2.05
2.07
2.09
2.11
2.13
2.15
2.17
2.19
2.21
2.23
2.25
2.27
2.29
2.31
2.3299999999999996
2.3499999999999996
2.3699999999999997
2.3899999999999997
2.4099999999999997
2.4299999999999997
2.4499999999999997
2.4699999999999998
2.4899999999999998
2.51
2.53
2.55
2.57
2.59
2.61
2.63
2.65
2.67
2.69
2.71
2.73
2.75
2.77
2.79
2.81
2.8299999999999996
2.8499999999999996
2.8699999999999997
2.8899999999999997
2.9099999999999997
2.9299999999999997
2.9499999999999997
2.9699999999999998
2.9899999999999998
3.01
3.03
3.05
3.07
3.09
3.11
3.13
3.15
3.17
3.19
3.21
3.23
3.25
3.27
3.29
3.31
3.33
3.3499999999999996
3.3699999999999997
3.3899999999999997
3.4099999999999997
3.4299999999999997
3.4499999999999997
3.4699999999999998
3.4899999999999998
3.51
3.53
3.55
3.57
3.59
3.61
3.63
3.65
3.67
3.69
3.71
3.73
3.75
3.77
3.79
3.81
3.83
3.8499999999999996
3.8699999999999997
3.8899999999999997
3.9099999999999997
3.9299999999999997
3.9499999999999997
3.9699999999999998
3.9899999999999998
4.01
4.03
4.05
4.07
4.09
4.109999999999999
4.13
4.1499999999999995
4.17
4.1899999999999995
4.21
4.2299999999999995
4.25
4.27
4.29
4.31
4.33
4.35
4.37
4.39
4.41
4.43
4.45
4.47
4.49
4.51
4.53
4.55
4.57
4.59
4.61
4.63
4.6499999999999995
4.67
4.6899999999999995
4.71
4.7299999999999995
4.75
4.77
4.79
4.81
4.83
4.85
4.87
4.89
4.91
4.93
4.95
4.97
4.99
5.01
5.03
5.05
5.07
5.09
5.11
5.13
5.1499999999999995
5.17
5.1899999999999995
5.21
5.2299999999999995
5.25
5.27
5.29
5.31
5.33
5.35
5.37
5.39
5.41
5.43
5.45
5.47
5.49
5.51
5.53
5.55
5.57
5.59
5.61
5.63
5.6499999999999995
5.67
5.6899999999999995
5.71
5.7299999999999995
5.75
5.77
5.79
5.81
5.83
5.85
5.87
5.89
5.91
5.93
5.95
5.97
5.99
6.01
6.03
6.05
6.07
6.09
6.11
6.13
6.15
6.17
6.1899999999999995
6.21
6.2299999999999995
6.25
6.27
6.29
6.31
6.33
6.35
6.37
6.39
6.41
6.43
6.45
6.47
6.49
6.51
6.53
6.55
6.57
6.59
6.61
6.63
6.65
6.67
6.6899999999999995
6.71
6.7299999999999995
6.75
6.77
6.79
6.81
6.83
6.85
6.87
6.89
6.91
6.93
6.95
6.97
6.99
7.01
7.03
7.05
7.07
7.09
7.11
7.13
7.15
7.17
7.1899999999999995
7.21
7.2299999999999995
7.25
7.27
7.29
7.31
7.33
7.35
7.37
7.39
7.41
7.43
7.45
7.47
7.49
7.51
7.53
7.55
7.57
7.59
7.61
7.63
7.65
7.67
7.6899999999999995
7.71
7.7299999999999995
7.75
7.77
7.79
7.81
7.83
7.85
7.87
7.89
7.91
7.93
7.95
7.97
7.99
8.01
8.03
8.05
8.07
8.09
8.11
8.13
8.15
8.17
8.19
8.209999999999999
8.23
8.25
8.27
8.29
8.31
8.33
8.35
8.37
8.39
8.41
8.43
8.45
8.47
8.49
8.51
8.53
8.55
8.57
8.59
8.61
8.63
8.65
8.67
8.69
8.71
8.73
8.75
8.77
8.79
8.81
8.83
8.85
8.87
8.89
8.91
8.93
8.95
8.97
8.99
9.01
9.03
9.05
9.07
9.09
9.11
9.13
9.15
9.17
9.19
9.21
9.23
9.25
9.27
9.29
9.31
9.33
9.35
9.37
9.39
9.41
9.43
9.45
9.47
9.49
9.51
9.53
9.55
9.57
9.59
9.61
9.63
9.65
9.67
9.69
9.71
9.73
9.75
9.77
9.79
9.81
9.83
9.85
9.87
9.89
9.91
9.93
9.95
9.97
9.99
10.01
10.03
10.05
10.07
10.09
10.11
10.13
10.15
10.17
10.19
10.21
10.23
10.25
10.27
10.29
10.31
10.33
10.35
10.37
10.39
10.41
10.43
10.45
10.47
10.49
10.51
10.53
10.55
10.57
10.59
10.61
10.63
10.65
10.67
10.69
10.71
10.73
10.75
10.77
10.79
10.81
10.83
10.85
10.87
10.89
10.91
10.93
10.95
10.97
10.99
11.01
11.03
11.05
11.07
11.09
11.11
11.13
11.15
11.17
11.19
11.21
11.23
11.25
11.27
11.29
11.31
11.33
11.35
11.37
11.39
11.41
11.43
11.45
11.47
11.49
11.51
11.53
11.55
11.57
11.59
11.61
11.63
11.65
11.67
11.69
11.71
11.73
11.75
11.77
11.79
11.81
11.83
11.85
11.87
11.89
11.91
11.93
11.95
11.97
11.99
12.01
12.03
12.05
12.07
12.09
12.11
12.13
12.15
12.17
12.19
12.21
12.23
12.25
12.27
12.290000000000001
12.31
12.33
12.35
12.37
12.39
12.41
12.43
12.45
12.47
12.49
12.51
12.53
12.55
12.57
12.59
12.61
12.63
12.65
12.67
12.69
12.71
12.73
12.75
12.77
12.790000000000001
12.81
12.83
12.85
12.87
12.89
12.91
12.93
12.95
12.97
12.99
13.01
13.03
13.05
13.07
13.09
13.11
13.13
13.15
13.17
13.19
13.21
13.23
13.25
13.27
13.290000000000001
13.31
13.33
13.35
13.37
13.39
13.41
13.43
13.45
13.47
13.49
13.51
13.53
13.55
13.57
13.59
13.61
13.63
13.65
13.67
13.69
13.71
13.73
13.75
13.77
13.790000000000001
13.81
13.83
13.85
13.87
13.89
13.91
13.93
13.95
13.97
13.99
14.01
14.03
14.05
14.07
14.09
14.11
14.13
14.15
14.17
14.19
14.21
14.23
14.25
14.27
14.290000000000001
14.31
14.33
14.35
14.37
14.39
14.41
14.43
14.45
14.47
14.49
14.51
14.53
14.55
14.57
14.59
14.61
14.63
14.65
14.67
14.69
14.71
14.73
14.75
14.77
14.790000000000001
14.81
14.83
14.85
14.87
14.89
14.91
14.93
14.95
14.97
14.99
15.01
15.03
15.05
15.07
15.09
15.11
15.13
15.15
15.17
15.19
15.21
15.23
15.25
15.27
15.290000000000001
15.31
15.33
15.35
15.37
15.39
15.41
15.43
15.45
15.47
15.49
15.51
15.53
15.55
15.57
15.59
15.61
15.63
15.65
15.67
15.69
15.71
15.73
15.75
15.77
15.790000000000001
15.81
15.83
15.85
15.870000000000001
15.89
15.91
15.93
15.95
15.97
15.99
16.01
16.03
16.05
16.07
16.090000000000003
16.110000000000003
16.130000000000003
16.150000000000002
16.17
16.19
16.21
16.23
16.250000000000004
16.270000000000003
16.290000000000003
16.310000000000002
16.330000000000002
16.35
16.37
16.39
16.41
16.430000000000003
16.450000000000003
16.470000000000002
16.490000000000002
16.51
16.53
16.55
16.57
16.590000000000003
16.610000000000003
16.630000000000003
16.650000000000002
16.67
16.69
16.71
16.73
16.750000000000004
16.770000000000003
16.790000000000003
16.810000000000002
16.830000000000002
16.85
16.87
16.89
16.91
16.930000000000003
16.950000000000003
16.970000000000002
16.990000000000002
17.01
17.03
17.05
17.07
17.090000000000003
17.110000000000003
17.130000000000003
17.150000000000002
17.17
17.19
17.21
17.23
17.250000000000004
17.270000000000003
17.290000000000003
17.310000000000002
17.330000000000002
17.35
17.37
17.39
17.410000000000004
17.430000000000003
17.450000000000003
17.470000000000002
17.490000000000002
17.51
17.53
17.55
17.57
17.590000000000003
17.610000000000003
17.630000000000003
17.650000000000002
17.67
17.69
17.71
17.73
17.750000000000004
17.770000000000003
17.790000000000003
17.810000000000002
17.830000000000002
17.85
17.87
17.89
17.910000000000004
17.930000000000003
17.950000000000003
17.970000000000002
17.990000000000002
18.01
18.03
18.05
18.07
18.090000000000003
18.110000000000003
18.130000000000003
18.150000000000002
18.17
18.19
18.21
18.23
18.250000000000004
18.270000000000003
18.290000000000003
18.310000000000002
18.330000000000002
18.35
18.37
18.39
18.410000000000004
18.430000000000003
18.450000000000003
18.470000000000002
18.490000000000002
18.51
18.53
18.55
18.57
18.590000000000003
18.610000000000003
18.630000000000003
18.650000000000002
18.67
18.69
18.71
18.73
18.750000000000004
18.770000000000003
18.790000000000003
18.810000000000002
18.830000000000002
18.85
18.87
18.89
18.910000000000004
18.930000000000003
18.950000000000003
18.970000000000002
18.990000000000002
19.01
19.03
19.05
19.07
19.090000000000003
19.110000000000003
19.130000000000003
19.150000000000002
19.17
19.19
19.21
19.23
19.250000000000004
19.270000000000003
19.290000000000003
19.310000000000002
19.330000000000002
19.35
19.37
19.39
19.410000000000004
19.430000000000003
19.450000000000003
19.470000000000002
19.490000000000002
19.51
19.53
19.55
19.57
19.590000000000003
19.610000000000003
19.630000000000003
19.650000000000002
19.67
19.69
19.71
19.73
19.750000000000004
19.770000000000003
19.790000000000003
19.810000000000002
19.830000000000002
19.85
19.87
19.89
19.910000000000004
19.930000000000003
19.950000000000003
19.970000000000002
19.990000000000002
20.01
20.03
20.05
20.07
20.090000000000003
20.110000000000003
20.130000000000003
20.150000000000002
20.17
20.19
20.21
20.23
20.250000000000004
20.270000000000003
20.290000000000003
20.310000000000002
20.330000000000002
20.35
20.37
20.39
20.410000000000004
20.430000000000003
20.450000000000003
20.470000000000002
20.490000000000002
20.51
20.53
20.55
20.57
20.590000000000003
20.610000000000003
20.630000000000003
20.650000000000002
20.67
20.69
20.71
20.73
20.750000000000004
20.770000000000003
20.790000000000003
20.810000000000002
20.830000000000002
20.85
20.87
20.89
20.910000000000004
20.930000000000003
20.950000000000003
20.970000000000002
20.990000000000002
21.01
21.03
21.05
21.07
21.090000000000003
21.110000000000003
21.130000000000003
21.150000000000002
21.17
21.19
21.21
21.23
21.250000000000004
21.270000000000003
21.290000000000003
21.310000000000002
21.330000000000002
21.35
21.37
21.39
21.410000000000004
21.430000000000003
21.450000000000003
21.470000000000002
21.490000000000002
21.51
21.53
21.55
21.57
21.590000000000003
21.610000000000003
21.630000000000003
21.650000000000002
21.67
21.69
21.71
21.73
21.750000000000004
21.770000000000003
21.790000000000003
21.810000000000002
21.830000000000002
21.85
21.87
21.89
21.910000000000004
21.930000000000003
21.950000000000003
21.970000000000002
21.990000000000002
22.01
22.03
22.05
22.07
22.090000000000003
22.110000000000003
22.130000000000003
22.150000000000002
22.17
22.19
22.21
22.23
22.250000000000004
22.270000000000003
22.290000000000003
22.310000000000002
22.330000000000002
22.35
22.37
22.39
22.410000000000004
22.430000000000003
22.450000000000003
22.470000000000002
22.490000000000002
22.51
22.53
22.55
22.57
22.590000000000003
22.610000000000003
22.630000000000003
22.650000000000002
22.67
22.69
22.71
22.73
22.750000000000004
22.770000000000003
22.790000000000003
22.810000000000002
22.830000000000002
22.85
22.87
22.89
22.910000000000004
22.930000000000003
22.950000000000003
22.970000000000002
22.990000000000002
23.01
23.03
23.05
23.07
23.090000000000003
23.110000000000003
23.130000000000003
23.150000000000002
23.17
23.19
23.21
23.23
23.250000000000004
23.270000000000003
23.290000000000003
23.310000000000002
23.330000000000002
23.35
23.37
23.39
23.410000000000004
23.430000000000003
23.450000000000003
23.470000000000002
23.490000000000002
23.51
23.53
23.55
23.57
23.590000000000003
23.610000000000003
23.630000000000003
23.650000000000002
23.67
23.69
23.71
23.73
23.750000000000004
23.770000000000003
23.790000000000003
23.810000000000002
23.830000000000002
23.85
23.87
23.89
23.910000000000004
23.930000000000003
23.950000000000003
23.970000000000002
23.990000000000002
24.01
24.03
24.05
24.070000000000004
24.090000000000003
24.110000000000003
24.130000000000003
24.150000000000002
24.17
24.19
24.21
24.23
24.250000000000004
24.270000000000003
24.290000000000003
24.310000000000002
24.330000000000002
24.35
24.37
24.39
24.410000000000004
24.430000000000003
24.450000000000003
24.470000000000002
24.490000000000002
24.51
24.53
24.55
24.570000000000004
24.590000000000003
24.610000000000003
24.630000000000003
24.650000000000002
24.67
24.69
24.71
24.73
24.750000000000004
24.770000000000003
24.790000000000003
24.810000000000002
24.830000000000002
24.85
24.87
24.89
24.910000000000004
24.930000000000003
24.950000000000003
24.970000000000002
24.990000000000002
25.01
25.03
25.05
25.070000000000004
25.090000000000003
25.110000000000003
25.130000000000003
25.150000000000002
25.17
25.19
25.21
25.23
25.250000000000004
25.270000000000003
25.290000000000003
25.310000000000002
25.330000000000002
25.35
25.37
25.39
25.410000000000004
25.430000000000003
25.450000000000003
25.470000000000002
25.490000000000002
25.51
25.53
25.55
25.570000000000004
25.590000000000003
25.610000000000003
25.630000000000003
25.650000000000002
25.67
25.69
25.71
25.73
25.750000000000004
25.770000000000003
25.790000000000003
25.810000000000002
25.830000000000002
25.85
25.87
25.89
25.910000000000004
25.930000000000003
25.950000000000003
25.970000000000002
25.990000000000002
26.01
26.03
26.05
26.070000000000004
26.090000000000003
26.110000000000003
26.130000000000003
26.150000000000002
26.17
26.19
26.21
26.23
26.250000000000004
26.270000000000003
26.290000000000003
26.310000000000002
26.330000000000002
26.35
26.37
26.39
26.410000000000004
26.430000000000003
26.450000000000003
26.470000000000002
26.490000000000002
26.51
26.53
26.55
26.570000000000004
26.590000000000003
26.610000000000003
26.630000000000003
26.650000000000002
26.67
26.69
26.71
26.73
26.750000000000004
26.770000000000003
26.790000000000003
26.810000000000002
26.830000000000002
26.85
26.87
26.89
26.910000000000004
26.930000000000003
26.950000000000003
26.970000000000002
26.990000000000002
27.01
27.03
27.05
27.070000000000004
27.090000000000003
27.110000000000003
27.130000000000003
27.150000000000002
27.17
27.19
27.21
27.23
27.250000000000004
27.270000000000003
27.290000000000003
27.310000000000002
27.330000000000002
27.35
27.37
27.39
27.410000000000004
27.430000000000003
27.450000000000003
27.470000000000002
27.490000000000002
27.51
27.53
27.55
27.570000000000004
27.590000000000003
27.610000000000003
27.630000000000003
27.650000000000002
27.67
27.69
27.71
27.73
27.750000000000004
27.770000000000003
27.790000000000003
27.810000000000002
27.830000000000002
27.85
27.87
27.89
27.910000000000004
27.930000000000003
27.950000000000003
27.970000000000002
27.990000000000002
28.01
28.03
28.05
28.070000000000004
28.090000000000003
28.110000000000003
28.130000000000003
28.150000000000002
28.17
28.19
28.21
28.23
28.250000000000004
28.270000000000003
28.290000000000003
28.310000000000002
28.330000000000002
28.35
28.37
28.39
28.410000000000004
28.430000000000003
28.450000000000003
28.470000000000002
28.490000000000002
28.51
28.53
28.55
28.570000000000004
28.590000000000003
28.610000000000003
28.630000000000003
28.650000000000002
28.67
28.69
28.71
28.73
28.750000000000004
28.770000000000003
28.790000000000003
28.810000000000002
28.830000000000002
28.85
28.87
28.89
28.910000000000004
28.930000000000003
28.950000000000003
28.970000000000002
28.990000000000002
29.01
29.03
29.05
29.070000000000004
29.090000000000003
29.110000000000003
29.130000000000003
29.150000000000002
29.17
29.19
29.21
29.23
29.250000000000004
29.270000000000003
29.290000000000003
29.310000000000002
29.330000000000002
29.35
29.37
29.39
29.410000000000004
29.430000000000003
29.450000000000003
29.470000000000002
29.490000000000002
29.51
29.53
29.55
29.570000000000004
29.590000000000003
29.610000000000003
29.630000000000003
29.650000000000002
29.67
29.69
29.71
29.73
29.750000000000004
29.770000000000003
29.790000000000003
29.810000000000002
29.830000000000002
29.85
29.87
29.89
29.910000000000004
29.930000000000003
29.950000000000003
29.970000000000002
29.990000000000002
30.01
30.03
30.05
30.070000000000004
30.090000000000003
30.110000000000003
30.130000000000003
30.150000000000002
30.17
30.19
30.21
30.23
30.250000000000004
30.270000000000003
30.290000000000003
30.310000000000002
30.330000000000002
30.35
30.37
30.39
30.410000000000004
30.430000000000003
30.450000000000003
30.470000000000002
30.490000000000002
30.51
30.53
30.55
30.570000000000004
30.590000000000003
30.610000000000003
30.630000000000003
30.650000000000002
30.67
30.69
30.71
30.73
30.750000000000004
30.770000000000003
30.790000000000003
30.810000000000002
30.830000000000002
30.85
30.87
30.89
30.910000000000004
30.930000000000003
30.950000000000003
30.970000000000002
30.990000000000002
31.01
31.03
31.05
31.070000000000004
31.090000000000003
31.110000000000003
31.130000000000003
31.150000000000002
31.17
31.19
31.21
31.230000000000004
31.250000000000004
31.270000000000003
31.290000000000003
31.310000000000002
31.330000000000002
31.35
31.37
31.39
31.410000000000004
31.430000000000003
31.450000000000003
31.470000000000002
31.490000000000002
31.51
31.53
31.55
31.570000000000004
31.590000000000003
31.610000000000003
31.630000000000003
31.650000000000002
31.67
31.69
31.71
31.730000000000004
31.750000000000004
31.770000000000003
31.790000000000003
31.810000000000002
31.830000000000002
31.85
31.87
31.89
31.910000000000004
31.930000000000003
31.950000000000003
31.970000000000002
31.990000000000002
32.01
32.03
32.05
32.07
32.089999999999996
32.11
32.129999999999995
32.15
32.17
32.19
32.21
32.23
32.25
32.269999999999996
32.29
32.309999999999995
32.33
32.35
32.37
32.39
32.41
32.43
32.449999999999996
32.47
32.49
32.51
32.53
32.55
32.57
32.589999999999996
32.61
32.629999999999995
32.65
32.67
32.69
32.71
32.73
32.75
32.769999999999996
32.79
32.809999999999995
32.83
32.85
32.87
32.89
32.91
32.93
32.949999999999996
32.97
32.99
33.01
33.03
33.05
33.07
33.089999999999996
33.11
33.129999999999995
33.15
33.17
33.19
33.21
33.23
33.25
33.269999999999996
33.29
33.309999999999995
33.33
33.35
33.37
33.39
33.41
33.43
33.449999999999996
33.47
33.49
33.51
33.53
33.55
33.57
33.589999999999996
33.61
33.629999999999995
33.65
33.67
33.69
33.71
33.73
33.75
33.769999999999996
33.79
33.809999999999995
33.83
33.85
33.87
33.89
33.91
33.93
33.949999999999996
33.97
33.99
34.01
34.03
34.05
34.07
34.089999999999996
34.11
34.129999999999995
34.15
34.17
34.19
34.21
34.23
34.25
34.269999999999996
34.29
34.31
34.33
34.35
34.37
34.39
34.41
34.43
34.449999999999996
34.47
34.49
34.51
34.53
34.55
34.57
34.589999999999996
34.61
34.629999999999995
34.65
34.67
34.69
34.71
34.73
34.75
34.769999999999996
34.79
34.81
34.83
34.85
34.87
34.89
34.91
34.93
34.949999999999996
34.97
34.99
35.01
35.03
35.05
35.07
35.089999999999996
35.11
35.129999999999995
35.15
35.17
35.19
35.21
35.23
35.25
35.269999999999996
35.29
35.31
35.33
35.35
35.37
35.39
35.41
35.43
35.449999999999996
35.47
35.49
35.51
35.53
35.55
35.57
35.589999999999996
35.61
35.629999999999995
35.65
35.67
35.69
35.71
35.73
35.75
35.769999999999996
35.79
35.81
35.83
35.85
35.87
35.89
35.91
35.93
35.949999999999996
35.97
35.99
36.01
36.03
36.05
36.07
36.089999999999996
36.11
36.129999999999995
36.15
36.17
36.19
36.21
36.23
36.25
36.269999999999996
36.29
36.31
36.33
36.35
36.37
36.39
36.41
36.43
36.449999999999996
36.47
36.49
36.51
36.53
36.55
36.57
36.589999999999996
36.61
36.629999999999995
36.65
36.67
36.69
36.71
36.73
36.75
36.769999999999996
36.79
36.81
36.83
36.85
36.87
36.89
36.91
36.93
36.949999999999996
36.97
36.99
37.01
37.03
37.05
37.07
37.089999999999996
37.11
37.129999999999995
37.15
37.17
37.19
37.21
37.23
37.25
37.269999999999996
37.29
37.31
37.33
37.35
37.37
37.39
37.41
37.43
37.449999999999996
37.47
37.49
37.51
37.53
37.55
37.57
37.589999999999996
37.61
37.629999999999995
37.65
37.67
37.69
37.71
37.73
37.75
37.769999999999996
37.79
37.81
37.83
37.85
37.87
37.89
37.91
37.93
37.949999999999996
37.97
37.99
38.01
38.03
38.05
38.07
38.089999999999996
38.11
38.129999999999995
38.15
38.17
38.19
38.21
38.23
38.25
38.269999999999996
38.29
38.31
38.33
38.35
38.37
38.39
38.41
38.43
38.449999999999996
38.47
38.49
38.51
38.53
38.55
38.57
38.589999999999996
38.61
38.629999999999995
38.65
38.67
38.69
38.71
38.73
38.75
38.769999999999996
38.79
38.81
38.83
38.85
38.87
38.89
38.91
38.93
38.949999999999996
38.97
38.99
39.01
39.03
39.05
39.07
39.089999999999996
39.11
39.129999999999995
39.15
39.17
39.19
39.21
39.23
39.25
39.269999999999996
39.29
39.31
39.33
39.35
39.37
39.39
39.41
39.43
39.449999999999996
39.47
39.49
39.51
39.53
39.55
39.57
39.589999999999996
39.61
39.629999999999995
39.65
39.67
39.69
39.71
39.73
39.75
39.769999999999996
39.79
39.81
39.83
39.85
39.87
39.89
39.91
39.93
39.949999999999996
39.97
39.99
40.01
40.03
40.05
40.07
40.089999999999996
40.11
40.129999999999995
40.15
40.17
40.19
40.21
40.23
40.25
40.269999999999996
40.29
40.31
40.33
40.35
40.37
40.39
40.41
40.43
40.449999999999996
40.47
40.49
40.51
40.53
40.55
40.57
40.589999999999996
40.61
40.629999999999995
40.65
40.67
40.69
40.71
40.73
40.75
40.769999999999996
40.79
40.81
40.83
40.85
40.87
40.89
40.91
40.93
40.949999999999996
40.97
40.99
41.01
41.03
41.05
41.07
41.089999999999996
41.11
41.129999999999995
41.15
41.17
41.19
41.21
41.23
41.25
41.269999999999996
41.29
41.31
41.33
41.35
41.37
41.39
41.41
41.43
41.449999999999996
41.47
41.49
41.51
41.53
41.55
41.57
41.589999999999996
41.61
41.629999999999995
41.65
41.67
41.69
41.71
41.73
41.75
41.769999999999996
41.79
41.81
41.83
41.85
41.87
41.89
41.91
41.93
41.949999999999996
41.97
41.99
42.01
42.03
42.05
42.07
42.089999999999996
42.11
42.129999999999995
42.15
42.17
42.19
42.21
42.23
42.25
42.269999999999996
42.29
42.31
42.33
42.35
42.37
42.39
42.41
42.43
42.449999999999996
42.47
42.49
42.51
42.53
42.55
42.57
42.589999999999996
42.61
42.629999999999995
42.65
42.67
42.69
42.71
42.73
42.75
42.769999999999996
42.79
42.81
42.83
42.85
42.87
42.89
42.91
42.93
42.949999999999996
42.97
42.99
43.01
43.03
43.05
43.07
43.089999999999996
43.11
43.129999999999995
43.15
43.17
43.19
43.21
43.23
43.25
43.269999999999996
43.29
43.31
43.33
43.35
43.37
43.39
43.41
43.43
43.449999999999996
43.47
43.49
43.51
43.53
43.55
43.57
43.589999999999996
43.61
43.629999999999995
43.65
43.67
43.69
43.71
43.73
43.75
43.769999999999996
43.79
43.81
43.83
43.85
43.87
43.89
43.91
43.93
43.949999999999996
43.97
43.99
44.01
44.03
44.05
44.07
44.089999999999996
44.11
44.129999999999995
44.15
44.17
44.19
44.21
44.23
44.25
44.269999999999996
44.29
44.31
44.33
44.35
44.37
44.39
44.41
44.43
44.449999999999996
44.47
44.49
44.51
44.53
44.55
44.57
44.589999999999996
44.61
44.629999999999995
44.65
44.67
44.69
44.71
44.73
44.75
44.769999999999996
44.79
44.81
44.83
44.85
44.87
44.89
44.91
44.93
44.949999999999996
44.97
44.99
45.01
45.03
45.05
45.07
45.089999999999996
45.11
45.129999999999995
45.15
45.17
45.19
45.21
45.23
45.25
45.269999999999996
45.29
45.31
45.33
45.35
45.37
45.39
45.41
45.43
45.449999999999996
45.47
45.49
45.51
45.53
45.55
45.57
45.589999999999996
45.61
45.629999999999995
45.65
45.67
45.69
45.71
45.73
45.75
45.769999999999996
45.79
45.81
45.83
45.85
45.87
45.89
45.91
45.93
45.949999999999996
45.97
45.99
46.01
46.03
46.05
46.07
46.089999999999996
46.11
46.129999999999995
46.15
46.17
46.19
46.21
46.23
46.25
46.269999999999996
46.29
46.31
46.33
46.35
46.37
46.39
46.41
46.43
46.449999999999996
46.47
46.49
46.51
46.53
46.55
46.57
46.589999999999996
46.61
46.629999999999995
46.65
46.67
46.69
46.71
46.73
46.75
46.769999999999996
46.79
46.81
46.83
46.85
46.87
46.89
46.91
46.93
46.949999999999996
46.97
46.99
47.01
47.03
47.05
47.07
47.089999999999996
47.11
47.129999999999995
47.15
47.17
47.19
47.21
47.23
47.25
47.269999999999996
47.29
47.31
47.33
47.35
47.37
47.39
47.41
47.43
47.449999999999996
47.47
47.49
47.51
47.53
47.55
47.57
47.589999999999996
47.61
47.629999999999995
47.65
47.67
47.69
47.71
47.73
47.75
47.769999999999996
47.79
47.81
47.83
47.85
47.87
47.89
47.91
47.93
47.949999999999996
47.97
47.99
48.01
48.03
48.05
48.07
48.089999999999996
48.11
48.13
48.15
48.17
48.19
48.21
48.23
48.25
48.269999999999996
48.29
48.31
48.33
48.35
48.37
48.39
48.41
48.43
48.449999999999996
48.47
48.49
48.51
48.53
48.55
48.57
48.589999999999996
48.61
48.63
48.65
48.67
48.69
48.71
48.73
48.75
48.769999999999996
48.79
48.81
48.83
48.85
48.87
48.89
48.91
48.93
48.949999999999996
48.97
48.99
49.01
49.03
49.05
49.07
49.089999999999996
49.11
49.13
49.15
49.17
49.19
49.21
49.23
49.25
49.269999999999996
49.29
49.31
49.33
49.35
49.37
49.39
49.41
49.43
49.449999999999996
49.47
49.49
49.51
49.53
49.55
49.57
49.589999999999996
49.61
49.63
49.65
49.67
49.69
49.71
49.73
49.75
49.769999999999996
49.79
49.81
49.83
49.85
49.87
49.89
49.91
49.93
49.949999999999996
49.97
49.99
50.01
50.03
50.05
50.07
50.089999999999996
50.11
50.13
50.15
50.17
50.19
50.21
50.23
50.25
50.269999999999996
50.29
50.31
50.33
50.35
50.37
50.39
50.41
50.43
50.449999999999996
50.47
50.49
50.51
50.53
50.55
50.57
50.589999999999996
50.61
50.63
50.65
50.67
50.69
50.71
50.73
50.75
50.769999999999996
50.79
50.81
50.83
50.85
50.87
50.89
50.91
50.93
50.949999999999996
50.97
50.99
51.01
51.03
51.05
51.07
51.089999999999996
51.11
51.13
51.15
51.17
51.19
51.21
51.23
51.25
51.269999999999996
51.29
51.31
51.33
51.35
51.37
51.39
51.41
51.43
51.449999999999996
51.47
51.49
51.51
51.53
51.55
51.57
51.589999999999996
51.61
51.63
51.65
51.67
51.69
51.71
51.73
51.75
51.769999999999996
51.79
51.81
51.83
51.85
51.87
51.89
51.91
51.93
51.949999999999996
51.97
51.99
52.01
52.03
52.05
52.07
52.089999999999996
52.11
52.13
52.15
52.17
52.19
52.21
52.23
52.25
52.269999999999996
52.29
52.31
52.33
52.35
52.37
52.39
52.41
52.43
52.449999999999996
52.47
52.49
52.51
52.53
52.55
52.57
52.589999999999996
52.61
52.63
52.65
52.67
52.69
52.71
52.73
52.75
52.769999999999996
52.79
52.81
52.83
52.85
52.87
52.89
52.91
52.93
52.949999999999996
52.97
52.99
53.01
53.03
53.05
53.07
53.089999999999996
53.11
53.13
53.15
53.17
53.19
53.21
53.23
53.25
53.269999999999996
53.29
53.31
53.33
53.35
53.37
53.39
53.41
53.43
53.449999999999996
53.47
53.49
53.51
53.53
53.55
53.57
53.589999999999996
53.61
53.63
53.65
53.67
53.69
53.71
53.73
53.75
53.769999999999996
53.79
53.81
53.83
53.85
53.87
53.89
53.91
53.93
53.949999999999996
53.97
53.99
54.01
54.03
54.05
54.07
54.089999999999996
54.11
54.13
54.15
54.17
54.19
54.21
54.23
54.25
54.269999999999996
54.29
54.31
54.33
54.35
54.37
54.39
54.41
54.43
54.449999999999996
54.47
54.49
54.51
54.53
54.55
54.57
54.589999999999996
54.61
54.63
54.65
54.67
54.69
54.71
54.73
54.75
54.769999999999996
54.79
54.81
54.83
54.85
54.87
54.89
54.91
54.93
54.949999999999996
54.97
54.99
55.01
55.03
55.05
55.07
55.089999999999996
55.11
55.13
55.15
55.17
55.19
55.21
55.23
55.25
55.269999999999996
55.29
55.31
55.33
55.35
55.37
55.39
55.41
55.43
55.449999999999996
55.47
55.49
55.51
55.53
55.55
55.57
55.589999999999996
55.61
55.63
55.65
55.67
55.69
55.71
55.73
55.75
55.769999999999996
55.79
55.81
55.83
55.85
55.87
55.89
55.91
55.93
55.949999999999996
55.97
55.99
56.01
56.03
56.05
56.07
56.089999999999996
56.11
56.13
56.15
56.17
56.19
56.21
56.23
56.25
56.269999999999996
56.29
56.31
56.33
56.35
56.37
56.39
56.41
56.43
56.449999999999996
56.47
56.49
56.51
56.53
56.55
56.57
56.589999999999996
56.61
56.63
56.65
56.67
56.69
56.71
56.73
56.75
56.769999999999996
56.79
56.81
56.83
56.85
56.87
56.89
56.91
56.93
56.949999999999996
56.97
56.99
57.01
57.03
57.05
57.07
57.089999999999996
57.11
57.13
57.15
57.17
57.19
57.21
57.23
57.25
57.269999999999996
57.29
57.31
57.33
57.35
57.37
57.39
57.41
57.43
57.449999999999996
57.47
57.49
57.51
57.53
57.55
57.57
57.589999999999996
57.61
57.63
57.65
57.67
57.69
57.71
57.73
57.75
57.769999999999996
57.79
57.81
57.83
57.85
57.87
57.89
57.91
57.93
57.949999999999996
57.97
57.99
58.01
58.03
58.05
58.07
58.089999999999996
58.11
58.13
58.15
58.17
58.19
58.21
58.23
58.25
58.269999999999996
58.29
58.31
58.33
58.35
58.37
58.39
58.41
58.43
58.449999999999996
58.47
58.49
58.51
58.53
58.55
58.57
58.589999999999996
58.61
58.63
58.65
58.67
58.69
58.71
58.73
58.75
58.769999999999996
58.79
58.81
58.83
58.85
58.87
58.89
58.91
58.93
58.949999999999996
58.97
58.99
59.01
59.03
59.05
59.07
59.089999999999996
59.11
59.13
59.15
59.17
59.19
59.21
59.23
59.25
59.269999999999996
59.29
59.31
59.33
59.35
59.37
59.39
59.41
59.43
59.449999999999996
59.47
59.49
59.51
59.53
59.55
59.57
59.589999999999996
59.61
59.63
59.65
59.67
59.69
59.71
59.73
59.75
59.769999999999996
59.79
59.81
59.83
59.85
59.87
59.89
59.91
59.93
59.949999999999996
59.97
59.99
60.01
60.03
60.05
60.07
60.089999999999996
60.11
60.13
60.15
60.17
60.19
60.21
60.23
60.25
60.269999999999996
60.29
60.31
60.33
60.35
60.37
60.39
60.41
60.43
60.449999999999996
60.47
60.49
60.51
60.53
60.55
60.57
60.589999999999996
60.61
60.63
60.65
60.67
60.69
60.71
60.73
60.75
60.769999999999996
60.79
60.81
60.83
60.85
60.87
60.89
60.91
60.93
60.949999999999996
60.97
60.99
61.01
61.03
61.05
61.07
61.089999999999996
61.11
61.13
61.15
61.17
61.19
61.21
61.23
61.25
61.269999999999996
61.29
61.31
61.33
61.35
61.37
61.39
61.41
61.43
61.449999999999996
61.47
61.49
61.51
61.53
61.55
61.57
61.589999999999996
61.61
61.63
61.65
61.67
61.69
61.71
61.73
61.75
61.769999999999996
61.79
61.81
61.83
61.85
61.87
61.89
61.91
61.93
61.95
61.97
61.99
62.01
62.03
62.05
62.07
62.089999999999996
62.11
62.13
62.15
62.17
62.19
62.21
62.23
62.25
62.269999999999996
62.29
62.31
62.33
62.35
62.37
62.39
62.41
62.43
62.45
62.47
62.49
62.51
62.53
62.55
62.57
62.589999999999996
62.61
62.63
62.65
62.67
62.69
62.71
62.73
62.75
62.769999999999996
62.79
62.81
62.83
62.85
62.87
62.89
62.91
62.93
62.95
62.97
62.99
63.01
63.03
63.05
63.07
63.089999999999996
63.11
63.13
63.15
63.17
63.19
63.21
63.23
63.25
63.269999999999996
63.29
63.31
63.33
63.35
63.37
63.39
63.41
63.43
63.45
63.47
63.49
63.51
63.53
63.55
63.57
63.589999999999996
63.61
63.63
63.65
63.67
63.69
63.71
63.73
63.75
63.769999999999996
63.79
63.81
63.83
63.85
63.87
63.89
63.91
63.93
63.95
63.97
63.99
64.01
64.03
64.05000000000001
64.07000000000001
64.09
64.11
64.13000000000001
64.15
64.17
64.19000000000001
64.21000000000001
64.23
64.25
64.27000000000001
64.29
64.31
64.33000000000001
64.35000000000001
64.37
64.39
64.41000000000001
64.43
64.45
64.47000000000001
64.49000000000001
64.51
64.53
64.55000000000001
64.57000000000001
64.59
64.61
64.63000000000001
64.65
64.67
64.69000000000001
64.71000000000001
64.73
64.75
64.77000000000001
64.79
64.81
64.83000000000001
64.85000000000001
64.87
64.89
64.91000000000001
64.93
64.95
64.97000000000001
64.99000000000001
65.01
65.03
65.05000000000001
65.07000000000001
65.09
65.11
65.13000000000001
65.15
65.17
65.19000000000001
65.21000000000001
65.23
65.25
65.27000000000001
65.29
65.31
65.33000000000001
65.35000000000001
65.37
65.39
65.41000000000001
65.43
65.45
65.47000000000001
65.49000000000001
65.51
65.53
65.55000000000001
65.57000000000001
65.59
65.61
65.63000000000001
65.65
65.67
65.69000000000001
65.71000000000001
65.73
65.75
65.77000000000001
65.79
65.81
65.83000000000001
65.85000000000001
65.87
65.89
65.91000000000001
65.93
65.95
65.97000000000001
65.99000000000001
66.01
66.03
66.05000000000001
66.07000000000001
66.09
66.11
66.13000000000001
66.15
66.17
66.19000000000001
66.21000000000001
66.23
66.25
66.27000000000001
66.29
66.31
66.33000000000001
66.35000000000001
66.37
66.39
66.41000000000001
66.43
66.45
66.47000000000001
66.49000000000001
66.51
66.53
66.55000000000001
66.57000000000001
66.59
66.61
66.63000000000001
66.65
66.67
66.69000000000001
66.71000000000001
66.73
66.75
66.77000000000001
66.79
66.81
66.83000000000001
66.85000000000001
66.87
66.89
66.91000000000001
66.93
66.95
66.97000000000001
66.99000000000001
67.01
67.03
67.05000000000001
67.07000000000001
67.09
67.11
67.13000000000001
67.15
67.17
67.19000000000001
67.21000000000001
67.23
67.25
67.27000000000001
67.29
67.31
67.33000000000001
67.35000000000001
67.37
67.39
67.41000000000001
67.43
67.45
67.47000000000001
67.49000000000001
67.51
67.53
67.55000000000001
67.57000000000001
67.59
67.61
67.63000000000001
67.65
67.67
67.69000000000001
67.71000000000001
67.73
67.75
67.77000000000001
67.79
67.81
67.83000000000001
67.85000000000001
67.87
67.89
67.91000000000001
67.93
67.95
67.97000000000001
67.99000000000001
68.01
68.03
68.05000000000001
68.07000000000001
68.09
68.11
68.13000000000001
68.15
68.17
68.19000000000001
68.21000000000001
68.23
68.25
68.27000000000001
68.29
68.31
68.33000000000001
68.35000000000001
68.37
68.39
68.41000000000001
68.43
68.45
68.47000000000001
68.49000000000001
68.51
68.53
68.55000000000001
68.57000000000001
68.59
68.61000000000001
68.63000000000001
68.65
68.67
68.69000000000001
68.71000000000001
68.73
68.75
68.77000000000001
68.79
68.81
68.83000000000001
68.85000000000001
68.87
68.89
68.91000000000001
68.93
68.95
68.97000000000001
68.99000000000001
69.01
69.03
69.05000000000001
69.07000000000001
69.09
69.11000000000001
69.13000000000001
69.15
69.17
69.19000000000001
69.21000000000001
69.23
69.25
69.27000000000001
69.29
69.31
69.33000000000001
69.35000000000001
69.37
69.39
69.41000000000001
69.43
69.45
69.47000000000001
69.49000000000001
69.51
69.53
69.55000000000001
69.57000000000001
69.59
69.61000000000001
69.63000000000001
69.65
69.67
69.69000000000001
69.71000000000001
69.73
69.75
69.77000000000001
69.79
69.81
69.83000000000001
69.85000000000001
69.87
69.89
69.91000000000001
69.93
69.95
69.97000000000001
69.99000000000001
70.01
70.03
70.05000000000001
70.07000000000001
70.09
70.11000000000001
70.13000000000001
70.15
70.17
70.19000000000001
70.21000000000001
70.23
70.25
70.27000000000001
70.29
70.31
70.33000000000001
70.35000000000001
70.37
70.39
70.41000000000001
70.43
70.45
70.47000000000001
70.49000000000001
70.51
70.53
70.55000000000001
70.57000000000001
70.59
70.61000000000001
70.63000000000001
70.65
70.67
70.69000000000001
70.71000000000001
70.73
70.75
70.77000000000001
70.79
70.81
70.83000000000001
70.85000000000001
70.87
70.89
70.91000000000001
70.93
70.95
70.97000000000001
70.99000000000001
71.01
71.03
71.05000000000001
71.07000000000001
71.09
71.11000000000001
71.13000000000001
71.15
71.17
71.19000000000001
71.21000000000001
71.23
71.25
71.27000000000001
71.29
71.31
71.33000000000001
71.35000000000001
71.37
71.39
71.41000000000001
71.43
71.45
71.47000000000001
71.49000000000001
71.51
71.53
71.55000000000001
71.57000000000001
71.59
71.61000000000001
71.63000000000001
71.65
71.67
71.69000000000001
71.71000000000001
71.73
71.75
71.77000000000001
71.79
71.81
71.83000000000001
71.85000000000001
71.87
71.89
71.91000000000001
71.93
71.95
71.97000000000001
71.99000000000001
72.01
72.03
72.05000000000001
72.07000000000001
72.09
72.11000000000001
72.13000000000001
72.15
72.17
72.19000000000001
72.21000000000001
72.23
72.25
72.27000000000001
72.29
72.31
72.33000000000001
72.35000000000001
72.37
72.39
72.41000000000001
72.43
72.45
72.47000000000001
72.49000000000001
72.51
72.53
72.55000000000001
72.57000000000001
72.59
72.61000000000001
72.63000000000001
72.65
72.67
72.69000000000001
72.71000000000001
72.73
72.75
72.77000000000001
72.79
72.81
72.83000000000001
72.85000000000001
72.87
72.89
72.91000000000001
72.93
72.95
72.97000000000001
72.99000000000001
73.01
73.03
73.05000000000001
73.07000000000001
73.09
73.11000000000001
73.13000000000001
73.15
73.17
73.19000000000001
73.21000000000001
73.23
73.25
73.27000000000001
73.29
73.31
73.33000000000001
73.35000000000001
73.37
73.39
73.41000000000001
73.43
73.45
73.47000000000001
73.49000000000001
73.51
73.53
73.55000000000001
73.57000000000001
73.59
73.61000000000001
73.63000000000001
73.65
73.67
73.69000000000001
73.71000000000001
73.73
73.75
73.77000000000001
73.79
73.81
73.83000000000001
73.85000000000001
73.87
73.89
73.91000000000001
73.93
73.95
73.97000000000001
73.99000000000001
74.01
74.03
74.05000000000001
74.07000000000001
74.09
74.11000000000001
74.13000000000001
74.15
74.17
74.19000000000001
74.21000000000001
74.23
74.25
74.27000000000001
74.29
74.31
74.33000000000001
74.35000000000001
74.37
74.39
74.41000000000001
74.43
74.45
74.47000000000001
74.49000000000001
74.51
74.53
74.55000000000001
74.57000000000001
74.59
74.61000000000001
74.63000000000001
74.65
74.67
74.69000000000001
74.71000000000001
74.73
74.75
74.77000000000001
74.79
74.81
74.83000000000001
74.85000000000001
74.87
74.89
74.91000000000001
74.93
74.95
74.97000000000001
74.99000000000001
75.01
75.03
75.05000000000001
75.07000000000001
75.09
75.11000000000001
75.13000000000001
75.15
75.17
75.19000000000001
75.21000000000001
75.23
75.25
75.27000000000001
75.29
75.31
75.33000000000001
75.35000000000001
75.37
75.39
75.41000000000001
75.43
75.45
75.47000000000001
75.49000000000001
75.51
75.53
75.55000000000001
75.57000000000001
75.59
75.61000000000001
75.63000000000001
75.65
75.67
75.69000000000001
75.71000000000001
75.73
75.75
75.77000000000001
75.79
75.81
75.83000000000001
75.85000000000001
75.87
75.89
75.91000000000001
75.93
75.95
75.97000000000001
75.99000000000001
76.01
76.03
76.05000000000001
76.07000000000001
76.09
76.11000000000001
76.13000000000001
76.15
76.17
76.19000000000001
76.21000000000001
76.23
76.25
76.27000000000001
76.29
76.31
76.33000000000001
76.35000000000001
76.37
76.39
76.41000000000001
76.43
76.45
76.47000000000001
76.49000000000001
76.51
76.53
76.55000000000001
76.57000000000001
76.59
76.61000000000001
76.63000000000001
76.65
76.67
76.69000000000001
76.71000000000001
76.73
76.75
76.77000000000001
76.79
76.81
76.83000000000001
76.85000000000001
76.87
76.89
76.91000000000001
76.93
76.95
76.97000000000001
76.99000000000001
77.01
77.03
77.05000000000001
77.07000000000001
77.09
77.11000000000001
77.13000000000001
77.15
77.17
77.19000000000001
77.21000000000001
77.23
77.25
77.27000000000001
77.29
77.31
77.33000000000001
77.35000000000001
77.37
77.39
77.41000000000001
77.43
77.45
77.47000000000001
77.49000000000001
77.51
77.53
77.55000000000001
77.57000000000001
77.59
77.61000000000001
77.63000000000001
77.65
77.67
77.69000000000001
77.71000000000001
77.73
77.75
77.77000000000001
77.79
77.81
77.83000000000001
77.85000000000001
77.87
77.89
77.91000000000001
77.93
77.95
77.97000000000001
77.99000000000001
78.01
78.03
78.05000000000001
78.07000000000001
78.09
78.11000000000001
78.13000000000001
78.15
78.17
78.19000000000001
78.21000000000001
78.23
78.25
78.27000000000001
78.29
78.31
78.33000000000001
78.35000000000001
78.37
78.39
78.41000000000001
78.43
78.45
78.47000000000001
78.49000000000001
78.51
78.53
78.55000000000001
78.57000000000001
78.59
78.61000000000001
78.63000000000001
78.65
78.67
78.69000000000001
78.71000000000001
78.73
78.75
78.77000000000001
78.79
78.81
78.83000000000001
78.85000000000001
78.87
78.89
78.91000000000001
78.93
78.95
78.97000000000001
78.99000000000001
79.01
79.03
79.05000000000001
79.07000000000001
79.09
79.11000000000001
79.13000000000001
79.15
79.17
79.19000000000001
79.21000000000001
79.23
79.25
79.27000000000001
79.29
79.31
79.33000000000001
79.35000000000001
79.37
79.39
79.41000000000001
79.43
79.45
79.47000000000001
79.49000000000001
79.51
79.53
79.55000000000001
79.57000000000001
79.59
79.61000000000001
79.63000000000001
79.65
79.67
79.69000000000001
79.71000000000001
79.73
79.75
79.77000000000001
79.79
79.81
79.83000000000001
79.85000000000001
79.87
79.89
79.91000000000001
79.93
79.95
79.97000000000001
79.99000000000001
80.01
80.03
80.05000000000001
80.07000000000001
80.09
80.11000000000001
80.13000000000001
80.15
80.17
80.19000000000001
80.21000000000001
80.23
80.25
80.27000000000001
80.29
80.31
80.33000000000001
80.35000000000001
80.37
80.39
80.41000000000001
80.43
80.45
80.47000000000001
80.49000000000001
80.51
80.53
80.55000000000001
80.57000000000001
80.59
80.61000000000001
80.63000000000001
80.65
80.67
80.69000000000001
80.71000000000001
80.73
80.75
80.77000000000001
80.79
80.81
80.83000000000001
80.85000000000001
80.87
80.89
80.91000000000001
80.93
80.95
80.97000000000001
80.99000000000001
81.01
81.03
81.05000000000001
81.07000000000001
81.09
81.11000000000001
81.13000000000001
81.15
81.17
81.19000000000001
81.21000000000001
81.23
81.25
81.27000000000001
81.29
81.31
81.33000000000001
81.35000000000001
81.37
81.39
81.41000000000001
81.43
81.45
81.47000000000001
81.49000000000001
81.51
81.53
81.55000000000001
81.57000000000001
81.59
81.61000000000001
81.63000000000001
81.65
81.67
81.69000000000001
81.71000000000001
81.73
81.75
81.77000000000001
81.79
81.81
81.83000000000001
81.85000000000001
81.87
81.89
81.91000000000001
81.93
81.95
81.97000000000001
81.99000000000001
82.01
82.03
82.05000000000001
82.07000000000001
82.09
82.11000000000001
82.13000000000001
82.15
82.17
82.19000000000001
82.21000000000001
82.23
82.25
82.27000000000001
82.29
82.31
82.33000000000001
82.35000000000001
82.37
82.39
82.41000000000001
82.43
82.45
82.47000000000001
82.49000000000001
82.51
82.53
82.55000000000001
82.57000000000001
82.59
82.61000000000001
82.63000000000001
82.65
82.67
82.69000000000001
82.71000000000001
82.73
82.75
82.77000000000001
82.79
82.81
82.83000000000001
82.85000000000001
82.87
82.89
82.91000000000001
82.93
82.95
82.97000000000001
82.99000000000001
83.01
83.03
83.05000000000001
83.07000000000001
83.09
83.11000000000001
83.13000000000001
83.15
83.17
83.19000000000001
83.21000000000001
83.23
83.25
83.27000000000001
83.29
83.31
83.33000000000001
83.35000000000001
83.37
83.39
83.41000000000001
83.43
83.45
83.47000000000001
83.49000000000001
83.51
83.53
83.55000000000001
83.57000000000001
83.59
83.61000000000001
83.63000000000001
83.65
83.67
83.69000000000001
83.71000000000001
83.73
83.75
83.77000000000001
83.79
83.81
83.83000000000001
83.85000000000001
83.87
83.89
83.91000000000001
83.93
83.95
83.97000000000001
83.99000000000001
84.01
84.03
84.05000000000001
84.07000000000001
84.09
84.11000000000001
84.13000000000001
84.15
84.17
84.19000000000001
84.21000000000001
84.23
84.25
84.27000000000001
84.29
84.31
84.33000000000001
84.35000000000001
84.37
84.39
84.41000000000001
84.43
84.45
84.47000000000001
84.49000000000001
84.51
84.53
84.55000000000001
84.57000000000001
84.59
84.61000000000001
84.63000000000001
84.65
84.67
84.69000000000001
84.71000000000001
84.73
84.75
84.77000000000001
84.79
84.81
84.83000000000001
84.85000000000001
84.87
84.89
84.91000000000001
84.93
84.95
84.97000000000001
84.99000000000001
85.01
85.03
85.05000000000001
85.07000000000001
85.09
85.11000000000001
85.13000000000001
85.15
85.17
85.19000000000001
85.21000000000001
85.23
85.25
85.27000000000001
85.29
85.31
85.33000000000001
85.35000000000001
85.37
85.39
85.41000000000001
85.43
85.45
85.47000000000001
85.49000000000001
85.51
85.53
85.55000000000001
85.57000000000001
85.59
85.61000000000001
85.63000000000001
85.65
85.67
85.69000000000001
85.71000000000001
85.73
85.75
85.77000000000001
85.79
85.81
85.83000000000001
85.85000000000001
85.87
85.89
85.91000000000001
85.93
85.95
85.97000000000001
85.99000000000001
86.01
86.03
86.05000000000001
86.07000000000001
86.09
86.11000000000001
86.13000000000001
86.15
86.17
86.19000000000001
86.21000000000001
86.23
86.25
86.27000000000001
86.29
86.31
86.33000000000001
86.35000000000001
86.37
86.39
86.41000000000001
86.43
86.45
86.47000000000001
86.49000000000001
86.51
86.53
86.55000000000001
86.57000000000001
86.59
86.61000000000001
86.63000000000001
86.65
86.67
86.69000000000001
86.71000000000001
86.73
86.75
86.77000000000001
86.79
86.81
86.83000000000001
86.85000000000001
86.87
86.89
86.91000000000001
86.93
86.95
86.97000000000001
86.99000000000001
87.01
87.03
87.05000000000001
87.07000000000001
87.09
87.11000000000001
87.13000000000001
87.15
87.17
87.19000000000001
87.21000000000001
87.23
87.25
87.27000000000001
87.29
87.31
87.33000000000001
87.35000000000001
87.37
87.39
87.41000000000001
87.43
87.45
87.47000000000001
87.49000000000001
87.51
87.53
87.55000000000001
87.57000000000001
87.59
87.61000000000001
87.63000000000001
87.65
87.67
87.69000000000001
87.71000000000001
87.73
87.75
87.77000000000001
87.79
87.81
87.83000000000001
87.85000000000001
87.87
87.89
87.91000000000001
87.93
87.95
87.97000000000001
87.99000000000001
88.01
88.03
88.05000000000001
88.07000000000001
88.09
88.11000000000001
88.13000000000001
88.15
88.17
88.19000000000001
88.21000000000001
88.23
88.25
88.27000000000001
88.29
88.31
88.33000000000001
88.35000000000001
88.37
88.39
88.41000000000001
88.43
88.45
88.47000000000001
88.49000000000001
88.51
88.53
88.55000000000001
88.57000000000001
88.59
88.61000000000001
88.63000000000001
88.65
88.67
88.69000000000001
88.71000000000001
88.73
88.75
88.77000000000001
88.79
88.81
88.83000000000001
88.85000000000001
88.87
88.89
88.91000000000001
88.93
88.95
88.97000000000001
88.99000000000001
89.01
89.03
89.05000000000001
89.07000000000001
89.09
89.11000000000001
89.13000000000001
89.15
89.17
89.19000000000001
89.21000000000001
89.23
89.25
89.27000000000001
89.29
89.31
89.33000000000001
89.35000000000001
89.37
89.39
89.41000000000001
89.43
89.45
89.47000000000001
89.49000000000001
89.51
89.53
89.55000000000001
89.57000000000001
89.59
89.61000000000001
89.63000000000001
89.65
89.67
89.69000000000001
89.71000000000001
89.73
89.75
89.77000000000001
89.79
89.81
89.83000000000001
89.85000000000001
89.87
89.89
89.91000000000001
89.93
89.95
89.97000000000001
89.99000000000001
90.01
90.03
90.05000000000001
90.07000000000001
90.09
90.11000000000001
90.13000000000001
90.15
90.17
90.19000000000001
90.21000000000001
90.23
90.25
90.27000000000001
90.29
90.31
90.33000000000001
90.35000000000001
90.37
90.39
90.41000000000001
90.43
90.45
90.47000000000001
90.49000000000001
90.51
90.53
90.55000000000001
90.57000000000001
90.59
90.61000000000001
90.63000000000001
90.65
90.67
90.69000000000001
90.71000000000001
90.73
90.75
90.77000000000001
90.79
90.81
90.83000000000001
90.85000000000001
90.87
90.89
90.91000000000001
90.93
90.95
90.97000000000001
90.99000000000001
91.01
91.03
91.05000000000001
91.07000000000001
91.09
91.11000000000001
91.13000000000001
91.15
91.17
91.19000000000001
91.21000000000001
91.23
91.25
91.27000000000001
91.29
91.31
91.33000000000001
91.35000000000001
91.37
91.39
91.41000000000001
91.43
91.45
91.47000000000001
91.49000000000001
91.51
91.53
91.55000000000001
91.57000000000001
91.59
91.61000000000001
91.63000000000001
91.65
91.67
91.69000000000001
91.71000000000001
91.73
91.75
91.77000000000001
91.79
91.81
91.83000000000001
91.85000000000001
91.87
91.89
91.91000000000001
91.93
91.95
91.97000000000001
91.99000000000001
92.01
92.03
92.05000000000001
92.07000000000001
92.09
92.11000000000001
92.13000000000001
92.15
92.17
92.19000000000001
92.21000000000001
92.23
92.25
92.27000000000001
92.29
92.31
92.33000000000001
92.35000000000001
92.37
92.39
92.41000000000001
92.43
92.45
92.47000000000001
92.49000000000001
92.51
92.53
92.55000000000001
92.57000000000001
92.59
92.61000000000001
92.63000000000001
92.65
92.67
92.69000000000001
92.71000000000001
92.73
92.75
92.77000000000001
92.79
92.81
92.83000000000001
92.85000000000001
92.87
92.89
92.91000000000001
92.93
92.95
92.97000000000001
92.99000000000001
93.01
93.03
93.05000000000001
93.07000000000001
93.09
93.11000000000001
93.13000000000001
93.15
93.17
93.19000000000001
93.21000000000001
93.23
93.25
93.27000000000001
93.29
93.31
93.33000000000001
93.35000000000001
93.37
93.39
93.41000000000001
93.43
93.45
93.47000000000001
93.49000000000001
93.51
93.53
93.55000000000001
93.57000000000001
93.59
93.61000000000001
93.63000000000001
93.65
93.67
93.69000000000001
93.71000000000001
93.73
93.75
93.77000000000001
93.79
93.81
93.83000000000001
93.85000000000001
93.87
93.89
93.91000000000001
93.93
93.95
93.97000000000001
93.99000000000001
94.01
94.03
94.05000000000001
94.07000000000001
94.09
94.11000000000001
94.13000000000001
94.15
94.17
94.19000000000001
94.21000000000001
94.23
94.25
94.27000000000001
94.29
94.31
94.33000000000001
94.35000000000001
94.37
94.39
94.41000000000001
94.43
94.45
94.47000000000001
94.49000000000001
94.51
94.53
94.55000000000001
94.57000000000001
94.59
94.61000000000001
94.63000000000001
94.65
94.67
94.69000000000001
94.71000000000001
94.73
94.75
94.77000000000001
94.79
94.81
94.83000000000001
94.85000000000001
94.87
94.89
94.91000000000001
94.93
94.95
94.97000000000001
94.99000000000001
95.01
95.03
95.05000000000001
95.07000000000001
95.09
95.11000000000001
95.13000000000001
95.15
95.17
95.19000000000001
95.21000000000001
95.23
95.25
95.27000000000001
95.29
95.31
95.33000000000001
95.35000000000001
95.37
95.39
95.41000000000001
95.43
95.45
95.47000000000001
95.49000000000001
95.51
95.53
95.55000000000001
95.57000000000001
95.59
95.61000000000001
95.63000000000001
95.65
95.67
95.69000000000001
95.71000000000001
95.73
95.75000000000001
95.77000000000001
95.79
95.81
95.83000000000001
95.85000000000001
95.87
95.89
95.91000000000001
95.93
95.95
95.97000000000001
95.99000000000001
96.01
96.03
96.05000000000001
96.07000000000001
96.09
96.11000000000001
96.13000000000001
96.15
96.17
96.19000000000001
96.21000000000001
96.23
96.25000000000001
96.27000000000001
96.29
96.31
96.33000000000001
96.35000000000001
96.37
96.39
96.41000000000001
96.43
96.45
96.47000000000001
96.49000000000001
96.51
96.53
96.55000000000001
96.57000000000001
96.59
96.61000000000001
96.63000000000001
96.65
96.67
96.69000000000001
96.71000000000001
96.73
96.75000000000001
96.77000000000001
96.79
96.81
96.83000000000001
96.85000000000001
96.87
96.89
96.91000000000001
96.93
96.95
96.97000000000001
96.99000000000001
97.01
97.03
97.05000000000001
97.07000000000001
97.09
97.11000000000001
97.13000000000001
97.15
97.17
97.19000000000001
97.21000000000001
97.23
97.25000000000001
97.27000000000001
97.29
97.31
97.33000000000001
97.35000000000001
97.37
97.39
97.41000000000001
97.43
97.45
97.47000000000001
97.49000000000001
97.51
97.53
97.55000000000001
97.57000000000001
97.59
97.61000000000001
97.63000000000001
97.65
97.67
97.69000000000001
97.71000000000001
97.73
97.75000000000001
97.77000000000001
97.79
97.81
97.83000000000001
97.85000000000001
97.87
97.89
97.91000000000001
97.93
97.95
97.97000000000001
97.99000000000001
98.01
98.03
98.05000000000001
98.07000000000001
98.09
98.11000000000001
98.13000000000001
98.15
98.17
98.19000000000001
98.21000000000001
98.23
98.25000000000001
98.27000000000001
98.29
98.31
98.33000000000001
98.35000000000001
98.37
98.39
98.41000000000001
98.43
98.45
98.47000000000001
98.49000000000001
98.51
98.53
98.55000000000001
98.57000000000001
98.59
98.61000000000001
98.63000000000001
98.65
98.67
98.69000000000001
98.71000000000001
98.73
98.75000000000001
98.77000000000001
98.79
98.81
98.83000000000001
98.85000000000001
98.87
98.89
98.91000000000001
98.93
98.95
98.97000000000001
98.99000000000001
99.01
99.03
99.05000000000001
99.07000000000001
99.09
99.11000000000001
99.13000000000001
99.15
99.17
99.19000000000001
99.21000000000001
99.23
99.25000000000001
99.27000000000001
99.29
99.31
99.33000000000001
99.35000000000001
99.37
99.39
99.41000000000001
99.43
99.45
99.47000000000001
99.49000000000001
99.51
99.53
99.55000000000001
99.57000000000001
99.59
99.61000000000001
99.63000000000001
99.65
99.67
99.69000000000001
99.71000000000001
99.73
99.75000000000001
99.77000000000001
99.79
99.81
99.83000000000001
99.85000000000001
99.87
99.89
99.91000000000001
99.93
99.95
99.97000000000001
99.99000000000001
100.01
100.03
100.05000000000001
100.07000000000001
100.09
100.11000000000001
100.13000000000001
100.15
100.17
100.19000000000001
100.21000000000001
100.23
100.25000000000001
100.27000000000001
100.29
100.31
100.33000000000001
100.35000000000001
100.37
100.39
100.41000000000001
100.43
100.45
100.47000000000001
100.49000000000001
100.51
100.53
100.55000000000001
100.57000000000001
100.59
100.61000000000001
100.63000000000001
100.65
100.67
100.69000000000001
100.71000000000001
100.73
100.75000000000001
100.77000000000001
100.79
100.81
100.83000000000001
100.85000000000001
100.87
100.89
100.91000000000001
100.93
100.95
100.97000000000001
100.99000000000001
101.01
101.03
101.05000000000001
101.07000000000001
101.09
101.11000000000001
101.13000000000001
101.15
101.17
101.19000000000001
101.21000000000001
101.23
101.25000000000001
101.27000000000001
101.29
101.31
101.33000000000001
101.35000000000001
101.37
101.39
101.41000000000001
101.43
101.45
101.47000000000001
101.49000000000001
101.51
101.53
101.55000000000001
101.57000000000001
101.59
101.61000000000001
101.63000000000001
101.65
101.67
101.69000000000001
101.71000000000001
101.73
101.75000000000001
101.77000000000001
101.79
101.81
101.83000000000001
101.85000000000001
101.87
101.89
101.91000000000001
101.93
101.95
101.97000000000001
101.99000000000001
102.01
102.03
102.05000000000001
102.07000000000001
102.09
102.11000000000001
102.13000000000001
102.15
102.17
102.19000000000001
102.21000000000001
102.23
102.25000000000001
102.27000000000001
102.29
102.31
102.33000000000001
102.35000000000001
102.37
102.39
102.41000000000001
102.43
102.45
102.47000000000001
102.49000000000001
102.51
102.53
102.55000000000001
102.57000000000001
102.59
102.61000000000001
102.63000000000001
102.65
102.67
102.69000000000001
102.71000000000001
102.73
102.75000000000001
102.77000000000001
102.79
102.81
102.83000000000001
102.85000000000001
102.87
102.89
102.91000000000001
102.93
102.95
102.97000000000001
102.99000000000001
103.01
103.03
103.05000000000001
103.07000000000001
103.09
103.11000000000001
103.13000000000001
103.15
103.17
103.19000000000001
103.21000000000001
103.23
103.25000000000001
103.27000000000001
103.29
103.31
103.33000000000001
103.35000000000001
103.37
103.39
103.41000000000001
103.43
103.45
103.47000000000001
103.49000000000001
103.51
103.53
103.55000000000001
103.57000000000001
103.59
103.61000000000001
103.63000000000001
103.65
103.67
103.69000000000001
103.71000000000001
103.73
103.75000000000001
103.77000000000001
103.79
103.81
103.83000000000001
103.85000000000001
103.87
103.89
103.91000000000001
103.93
103.95
103.97000000000001
103.99000000000001
104.01
104.03
104.05000000000001
104.07000000000001
104.09
104.11000000000001
104.13000000000001
104.15
104.17
104.19000000000001
104.21000000000001
104.23
104.25000000000001
104.27000000000001
104.29
104.31
104.33000000000001
104.35000000000001
104.37
104.39
104.41000000000001
104.43
104.45
104.47000000000001
104.49000000000001
104.51
104.53
104.55000000000001
104.57000000000001
104.59
104.61000000000001
104.63000000000001
104.65
104.67
104.69000000000001
104.71000000000001
104.73
104.75000000000001
104.77000000000001
104.79
104.81
104.83000000000001
104.85000000000001
104.87
104.89
104.91000000000001
104.93
104.95
104.97000000000001
104.99000000000001
105.01
105.03
105.05000000000001
105.07000000000001
105.09
105.11000000000001
105.13000000000001
105.15
105.17
105.19000000000001
105.21000000000001
105.23
105.25000000000001
105.27000000000001
105.29
105.31
105.33000000000001
105.35000000000001
105.37
105.39
105.41000000000001
105.43
105.45
105.47000000000001
105.49000000000001
105.51
105.53
105.55000000000001
105.57000000000001
105.59
105.61000000000001
105.63000000000001
105.65
105.67
105.69000000000001
105.71000000000001
105.73
105.75000000000001
105.77000000000001
105.79
105.81
105.83000000000001
105.85000000000001
105.87
105.89
105.91000000000001
105.93
105.95
105.97000000000001
105.99000000000001
106.01
106.03
106.05000000000001
106.07000000000001
106.09
106.11000000000001
106.13000000000001
106.15
106.17
106.19000000000001
106.21000000000001
106.23
106.25000000000001
106.27000000000001
106.29
106.31
106.33000000000001
106.35000000000001
106.37
106.39
106.41000000000001
106.43
106.45
106.47000000000001
106.49000000000001
106.51
106.53
106.55000000000001
106.57000000000001
106.59
106.61000000000001
106.63000000000001
106.65
106.67
106.69000000000001
106.71000000000001
106.73
106.75000000000001
106.77000000000001
106.79
106.81
106.83000000000001
106.85000000000001
106.87
106.89
106.91000000000001
106.93
106.95
106.97000000000001
106.99000000000001
107.01
107.03
107.05000000000001
107.07000000000001
107.09
107.11000000000001
107.13000000000001
107.15
107.17
107.19000000000001
107.21000000000001
107.23
107.25000000000001
107.27000000000001
107.29
107.31
107.33000000000001
107.35000000000001
107.37
107.39
107.41000000000001
107.43
107.45
107.47000000000001
107.49000000000001
107.51
107.53
107.55000000000001
107.57000000000001
107.59
107.61000000000001
107.63000000000001
107.65
107.67
107.69000000000001
107.71000000000001
107.73
107.75000000000001
107.77000000000001
107.79
107.81
107.83000000000001
107.85000000000001
107.87
107.89
107.91000000000001
107.93
107.95
107.97000000000001
107.99000000000001
108.01
108.03
108.05000000000001
108.07000000000001
108.09
108.11000000000001
108.13000000000001
108.15
108.17
108.19000000000001
108.21000000000001
108.23
108.25000000000001
108.27000000000001
108.29
108.31
108.33000000000001
108.35000000000001
108.37
108.39
108.41000000000001
108.43
108.45
108.47000000000001
108.49000000000001
108.51
108.53
108.55000000000001
108.57000000000001
108.59
108.61000000000001
108.63000000000001
108.65
108.67
108.69000000000001
108.71000000000001
108.73
108.75000000000001
108.77000000000001
108.79
108.81
108.83000000000001
108.85000000000001
108.87
108.89
108.91000000000001
108.93
108.95
108.97000000000001
108.99000000000001
109.01
109.03
109.05000000000001
109.07000000000001
109.09
109.11000000000001
109.13000000000001
109.15
109.17
109.19000000000001
109.21000000000001
109.23
109.25000000000001
109.27000000000001
109.29
109.31
109.33000000000001
109.35000000000001
109.37
109.39
109.41000000000001
109.43
109.45
109.47000000000001
109.49000000000001
109.51
109.53
109.55000000000001
109.57000000000001
109.59
109.61000000000001
109.63000000000001
109.65
109.67
109.69000000000001
109.71000000000001
109.73
109.75000000000001
109.77000000000001
109.79
109.81
109.83000000000001
109.85000000000001
109.87
109.89
109.91000000000001
109.93
109.95
109.97000000000001
109.99000000000001
110.01
110.03
110.05000000000001
110.07000000000001
110.09
110.11000000000001
110.13000000000001
110.15
110.17
110.19000000000001
110.21000000000001
110.23
110.25000000000001
110.27000000000001
110.29
110.31
110.33000000000001
110.35000000000001
110.37
110.39
110.41000000000001
110.43
110.45
110.47000000000001
110.49000000000001
110.51
110.53
110.55000000000001
110.57000000000001
110.59
110.61000000000001
110.63000000000001
110.65
110.67
110.69000000000001
110.71000000000001
110.73
110.75000000000001
110.77000000000001
110.79
110.81
110.83000000000001
110.85000000000001
110.87
110.89
110.91000000000001
110.93
110.95
110.97000000000001
110.99000000000001
111.01
111.03
111.05000000000001
111.07000000000001
111.09
111.11000000000001
111.13000000000001
111.15
111.17
111.19000000000001
111.21000000000001
111.23
111.25000000000001
111.27000000000001
111.29
111.31
111.33000000000001
111.35000000000001
111.37
111.39
111.41000000000001
111.43
111.45
111.47000000000001
111.49000000000001
111.51
111.53
111.55000000000001
111.57000000000001
111.59
111.61000000000001
111.63000000000001
111.65
111.67
111.69000000000001
111.71000000000001
111.73
111.75000000000001
111.77000000000001
111.79
111.81
111.83000000000001
111.85000000000001
111.87
111.89
111.91000000000001
111.93
111.95
111.97000000000001
111.99000000000001
112.01
112.03
112.05000000000001
112.07000000000001
112.09
112.11000000000001
112.13000000000001
112.15
112.17
112.19000000000001
112.21000000000001
112.23
112.25000000000001
112.27000000000001
112.29
112.31
112.33000000000001
112.35000000000001
112.37
112.39
112.41000000000001
112.43
112.45
112.47000000000001
112.49000000000001
112.51
112.53
112.55000000000001
112.57000000000001
112.59
112.61000000000001
112.63000000000001
112.65
112.67
112.69000000000001
112.71000000000001
112.73
112.75000000000001
112.77000000000001
112.79
112.81
112.83000000000001
112.85000000000001
112.87
112.89
112.91000000000001
112.93
112.95
112.97000000000001
112.99000000000001
113.01
113.03
113.05000000000001
113.07000000000001
113.09
113.11000000000001
113.13000000000001
113.15
113.17
113.19000000000001
113.21000000000001
113.23
113.25000000000001
113.27000000000001
113.29
113.31
113.33000000000001
113.35000000000001
113.37
113.39
113.41000000000001
113.43
113.45
113.47000000000001
113.49000000000001
113.51
113.53
113.55000000000001
113.57000000000001
113.59
113.61000000000001
113.63000000000001
113.65
113.67
113.69000000000001
113.71000000000001
113.73
113.75000000000001
113.77000000000001
113.79
113.81
113.83000000000001
113.85000000000001
113.87
113.89
113.91000000000001
113.93
113.95
113.97000000000001
113.99000000000001
114.01
114.03
114.05000000000001
114.07000000000001
114.09
114.11000000000001
114.13000000000001
114.15
114.17
114.19000000000001
114.21000000000001
114.23
114.25000000000001
114.27000000000001
114.29
114.31
114.33000000000001
114.35000000000001
114.37
114.39
114.41000000000001
114.43
114.45
114.47000000000001
114.49000000000001
114.51
114.53
114.55000000000001
114.57000000000001
114.59
114.61000000000001
114.63000000000001
114.65
114.67
114.69000000000001
114.71000000000001
114.73
114.75000000000001
114.77000000000001
114.79
114.81
114.83000000000001
114.85000000000001
114.87
114.89
114.91000000000001
114.93
114.95
114.97000000000001
114.99000000000001
115.01
115.03
115.05000000000001
115.07000000000001
115.09
115.11000000000001
115.13000000000001
115.15
115.17
115.19000000000001
115.21000000000001
115.23
115.25000000000001
115.27000000000001
115.29
115.31
115.33000000000001
115.35000000000001
115.37
115.39
115.41000000000001
115.43
115.45
115.47000000000001
115.49000000000001
115.51
115.53
115.55000000000001
115.57000000000001
115.59
115.61000000000001
115.63000000000001
115.65
115.67
115.69000000000001
115.71000000000001
115.73
115.75000000000001
115.77000000000001
115.79
115.81
115.83000000000001
115.85000000000001
115.87
115.89
115.91000000000001
115.93
115.95
115.97000000000001
115.99000000000001
116.01
116.03
116.05000000000001
116.07000000000001
116.09
116.11000000000001
116.13000000000001
116.15
116.17
116.19000000000001
116.21000000000001
116.23
116.25000000000001
116.27000000000001
116.29
116.31
116.33000000000001
116.35000000000001
116.37
116.39
116.41000000000001
116.43
116.45
116.47000000000001
116.49000000000001
116.51
116.53
116.55000000000001
116.57000000000001
116.59
116.61000000000001
116.63000000000001
116.65
116.67
116.69000000000001
116.71000000000001
116.73
116.75000000000001
116.77000000000001
116.79
116.81
116.83000000000001
116.85000000000001
116.87
116.89
116.91000000000001
116.93
116.95
116.97000000000001
116.99000000000001
117.01
117.03
117.05000000000001
117.07000000000001
117.09
117.11000000000001
117.13000000000001
117.15
117.17
117.19000000000001
117.21000000000001
117.23
117.25000000000001
117.27000000000001
117.29
117.31
117.33000000000001
117.35000000000001
117.37
117.39
117.41000000000001
117.43
117.45
117.47000000000001
117.49000000000001
117.51
117.53
117.55000000000001
117.57000000000001
117.59
117.61000000000001
117.63000000000001
117.65
117.67
117.69000000000001
117.71000000000001
117.73
117.75000000000001
117.77000000000001
117.79
117.81
117.83000000000001
117.85000000000001
117.87
117.89
117.91000000000001
117.93
117.95
117.97000000000001
117.99000000000001
118.01
118.03
118.05000000000001
118.07000000000001
118.09
118.11000000000001
118.13000000000001
118.15
118.17
118.19000000000001
118.21000000000001
118.23
118.25000000000001
118.27000000000001
118.29
118.31
118.33000000000001
118.35000000000001
118.37
118.39
118.41000000000001
118.43
118.45
118.47000000000001
118.49000000000001
118.51
118.53
118.55000000000001
118.57000000000001
118.59
118.61000000000001
118.63000000000001
118.65
118.67
118.69000000000001
118.71000000000001
118.73
118.75000000000001
118.77000000000001
118.79
118.81
118.83000000000001
118.85000000000001
118.87
118.89
118.91000000000001
118.93
118.95
118.97000000000001
118.99000000000001
119.01
119.03
119.05000000000001
119.07000000000001
119.09
119.11000000000001
119.13000000000001
119.15
119.17
119.19000000000001
119.21000000000001
119.23
119.25000000000001
119.27000000000001
119.29
119.31
119.33000000000001
119.35000000000001
119.37
119.39
119.41000000000001
119.43
119.45
119.47000000000001
119.49000000000001
119.51
119.53
119.55000000000001
119.57000000000001
119.59
119.61000000000001
119.63000000000001
119.65
119.67
119.69000000000001
119.71000000000001
119.73
119.75000000000001
119.77000000000001
119.79
119.81
119.83000000000001
119.85000000000001
119.87
119.89
119.91000000000001
119.93
119.95
119.97000000000001
119.99000000000001
120.01
120.03
120.05000000000001
120.07000000000001
120.09
120.11000000000001
120.13000000000001
120.15
120.17
120.19000000000001
120.21000000000001
120.23
120.25000000000001
120.27000000000001
120.29
120.31
120.33000000000001
120.35000000000001
120.37
120.39
120.41000000000001
120.43
120.45
120.47000000000001
120.49000000000001
120.51
120.53
120.55000000000001
120.57000000000001
120.59
120.61000000000001
120.63000000000001
120.65
120.67
120.69000000000001
120.71000000000001
120.73
120.75000000000001
120.77000000000001
120.79
120.81
120.83000000000001
120.85000000000001
120.87
120.89
120.91000000000001
120.93
120.95
120.97000000000001
120.99000000000001
121.01
121.03
121.05000000000001
121.07000000000001
121.09
121.11000000000001
121.13000000000001
121.15
121.17
121.19000000000001
121.21000000000001
121.23
121.25000000000001
121.27000000000001
121.29
121.31
121.33000000000001
121.35000000000001
121.37
121.39
121.41000000000001
121.43
121.45
121.47000000000001
121.49000000000001
121.51
121.53
121.55000000000001
121.57000000000001
121.59
121.61000000000001
121.63000000000001
121.65
121.67
121.69000000000001
121.71000000000001
121.73
121.75000000000001
121.77000000000001
121.79
121.81
121.83000000000001
121.85000000000001
121.87
121.89
121.91000000000001
121.93
121.95
121.97000000000001
121.99000000000001
122.01
122.03
122.05000000000001
122.07000000000001
122.09
122.11000000000001
122.13000000000001
122.15
122.17
122.19000000000001
122.21000000000001
122.23
122.25000000000001
122.27000000000001
122.29
122.31
122.33000000000001
122.35000000000001
122.37
122.39
122.41000000000001
122.43
122.45
122.47000000000001
122.49000000000001
122.51
122.53
122.55000000000001
122.57000000000001
122.59
122.61000000000001
122.63000000000001
122.65
122.67
122.69000000000001
122.71000000000001
122.73
122.75000000000001
122.77000000000001
122.79
122.81
122.83000000000001
122.85000000000001
122.87
122.89
122.91000000000001
122.93
122.95
122.97000000000001
122.99000000000001
123.01
123.03
123.05000000000001
123.07000000000001
123.09
123.11000000000001
123.13000000000001
123.15
123.17
123.19000000000001
123.21000000000001
123.23
123.25000000000001
123.27000000000001
123.29
123.31
123.33000000000001
123.35000000000001
123.37
123.39000000000001
123.41000000000001
123.43
123.45
123.47000000000001
123.49000000000001
123.51
123.53
123.55000000000001
123.57000000000001
123.59
123.61000000000001
123.63000000000001
123.65
123.67
123.69000000000001
123.71000000000001
123.73
123.75000000000001
123.77000000000001
123.79
123.81
123.83000000000001
123.85000000000001
123.87
123.89000000000001
123.91000000000001
123.93
123.95
123.97000000000001
123.99000000000001
124.01
124.03
124.05000000000001
124.07000000000001
124.09
124.11000000000001
124.13000000000001
124.15
124.17
124.19000000000001
124.21000000000001
124.23
124.25000000000001
124.27000000000001
124.29
124.31
124.33000000000001
124.35000000000001
124.37
124.39000000000001
124.41000000000001
124.43
124.45
124.47000000000001
124.49000000000001
124.51
124.53
124.55000000000001
124.57000000000001
124.59
124.61000000000001
124.63000000000001
124.65
124.67
124.69000000000001
124.71000000000001
124.73
124.75000000000001
124.77000000000001
124.79
124.81
124.83000000000001
124.85000000000001
124.87
124.89000000000001
124.91000000000001
124.93
124.95
124.97000000000001
124.99000000000001
125.01
125.03
125.05000000000001
125.07000000000001
125.09
125.11000000000001
125.13000000000001
125.15
125.17
125.19000000000001
125.21000000000001
125.23
125.25000000000001
125.27000000000001
125.29
125.31
125.33000000000001
125.35000000000001
125.37
125.39000000000001
125.41000000000001
125.43
125.45
125.47000000000001
125.49000000000001
125.51
125.53
125.55000000000001
125.57000000000001
125.59
125.61000000000001
125.63000000000001
125.65
125.67
125.69000000000001
125.71000000000001
125.73
125.75000000000001
125.77000000000001
125.79
125.81
125.83000000000001
125.85000000000001
125.87
125.89000000000001
125.91000000000001
125.93
125.95
125.97000000000001
125.99000000000001
126.01
126.03
126.05000000000001
126.07000000000001
126.09
126.11000000000001
126.13000000000001
126.15
126.17
126.19000000000001
126.21000000000001
126.23
126.25000000000001
126.27000000000001
126.29
126.31
126.33000000000001
126.35000000000001
126.37
126.39000000000001
126.41000000000001
126.43
126.45
126.47000000000001
126.49000000000001
126.51
126.53
126.55000000000001
126.57000000000001
126.59
126.61000000000001
126.63000000000001
126.65
126.67
126.69000000000001
126.71000000000001
126.73
126.75000000000001
126.77000000000001
126.79
126.81
126.83000000000001
126.85000000000001
126.87
126.89000000000001
126.91000000000001
126.93
126.95
126.97000000000001
126.99000000000001
127.01
127.03
127.05000000000001
127.07000000000001
127.09
127.11000000000001
127.13000000000001
127.15
127.17
127.19000000000001
127.21000000000001
127.23
127.25000000000001
127.27000000000001
127.29
127.31
127.33000000000001
127.35000000000001
127.37
127.39000000000001
127.41000000000001
127.43
127.45
127.47000000000001
127.49000000000001
127.51
127.53
127.55000000000001
127.57000000000001
127.59
127.61000000000001
127.63000000000001
127.65
127.67
127.69000000000001
127.71000000000001
127.73
127.75000000000001
127.77000000000001
127.79
127.81
127.83000000000001
127.85000000000001
127.87
127.89000000000001
127.91000000000001
127.93
127.95
127.97000000000001
127.99000000000001
128.01
128.03
128.04999999999998
128.07
128.09
128.10999999999999
128.13
128.15
128.17
128.19
128.20999999999998
128.23
128.25
128.26999999999998
128.29
128.31
128.32999999999998
128.35
128.37
128.39
128.41
128.43
128.45
128.47
128.48999999999998
128.51
128.53
128.54999999999998
128.57
128.59
128.60999999999999
128.63
128.65
128.67
128.69
128.70999999999998
128.73
128.75
128.76999999999998
128.79
128.81
128.82999999999998
128.85
128.87
128.89
128.91
128.93
128.95
128.97
128.98999999999998
129.01
129.03
129.04999999999998
129.07
129.09
129.10999999999999
129.13
129.15
129.17
129.19
129.20999999999998
129.23
129.25
129.26999999999998
129.29
129.31
129.32999999999998
129.35
129.37
129.39
129.41
129.43
129.45
129.47
129.48999999999998
129.51
129.53
129.54999999999998
129.57
129.59
129.60999999999999
129.63
129.65
129.67
129.69
129.70999999999998
129.73
129.75
129.76999999999998
129.79
129.81
129.82999999999998
129.85
129.87
129.89
129.91
129.93
129.95
129.97
129.98999999999998
130.01
130.03
130.04999999999998
130.07
130.09
130.10999999999999
130.13
130.15
130.17
130.19
130.20999999999998
130.23
130.25
130.26999999999998
130.29
130.31
130.32999999999998
130.35
130.37
130.39
130.41
130.43
130.45
130.47
130.48999999999998
130.51
130.53
130.54999999999998
130.57
130.59
130.60999999999999
130.63
130.65
130.67
130.69
130.70999999999998
130.73
130.75
130.76999999999998
130.79
130.81
130.82999999999998
130.85
130.87
130.89
130.91
130.93
130.95
130.97
130.98999999999998
131.01
131.03
131.04999999999998
131.07
131.09
131.10999999999999
131.13
131.15
131.17
131.19
131.20999999999998
131.23
131.25
131.26999999999998
131.29
131.31
131.32999999999998
131.35
131.37
131.39
131.41
131.43
131.45
131.47
131.48999999999998
131.51
131.53
131.54999999999998
131.57
131.59
131.60999999999999
131.63
131.65
131.67
131.69
131.70999999999998
131.73
131.75
131.76999999999998
131.79
131.81
131.82999999999998
131.85
131.87
131.89
131.91
131.93
131.95
131.97
131.98999999999998
132.01
132.03
132.04999999999998
132.07
132.09
132.10999999999999
132.13
132.15
132.17
132.19
132.20999999999998
132.23
132.25
132.26999999999998
132.29
132.31
132.32999999999998
132.35
132.37
132.39
132.41
132.43
132.45
132.47
132.48999999999998
132.51
132.53
132.54999999999998
132.57
132.59
132.60999999999999
132.63
132.65
132.67
132.69
132.70999999999998
132.73
132.75
132.76999999999998
132.79
132.81
132.82999999999998
132.85
132.87
132.89
132.91
132.93
132.95
132.97
132.98999999999998
133.01
133.03
133.04999999999998
133.07
133.09
133.10999999999999
133.13
133.15
133.17
133.19
133.20999999999998
133.23
133.25
133.26999999999998
133.29
133.31
133.32999999999998
133.35
133.37
133.39
133.41
133.43
133.45
133.47
133.48999999999998
133.51
133.53
133.54999999999998
133.57
133.59
133.60999999999999
133.63
133.65
133.67
133.69
133.70999999999998
133.73
133.75
133.76999999999998
133.79
133.81
133.82999999999998
133.85
133.87
133.89
133.91
133.93
133.95
133.97
133.98999999999998
134.01
134.03
134.04999999999998
134.07
134.09
134.10999999999999
134.13
134.15
134.17
134.19
134.20999999999998
134.23
134.25
134.26999999999998
134.29
134.31
134.32999999999998
134.35
134.37
134.39
134.41
134.43
134.45
134.47
134.48999999999998
134.51
134.53
134.54999999999998
134.57
134.59
134.60999999999999
134.63
134.65
134.67
134.69
134.70999999999998
134.73
134.75
134.76999999999998
134.79
134.81
134.82999999999998
134.85
134.87
134.89
134.91
134.93
134.95
134.97
134.98999999999998
135.01
135.03
135.04999999999998
135.07
135.09
135.10999999999999
135.13
135.15
135.17
135.19
135.20999999999998
135.23
135.25
135.26999999999998
135.29
135.31
135.32999999999998
135.35
135.37
135.39
135.41
135.43
135.45
135.47
135.48999999999998
135.51
135.53
135.54999999999998
135.57
135.59
135.60999999999999
135.63
135.65
135.67
135.69
135.70999999999998
135.73
135.75
135.76999999999998
135.79
135.81
135.82999999999998
135.85
135.87
135.89
135.91
135.93
135.95
135.97
135.98999999999998
136.01
136.03
136.04999999999998
136.07
136.09
136.10999999999999
136.13
136.15
136.17
136.19
136.20999999999998
136.23
136.25
136.26999999999998
136.29
136.31
136.32999999999998
136.35
136.37
136.39
136.41
136.43
136.45
136.47
136.48999999999998
136.51
136.53
136.54999999999998
136.57
136.59
136.60999999999999
136.63
136.65
136.67
136.69
136.71
136.73
136.75
136.76999999999998
136.79
136.81
136.82999999999998
136.85
136.87
136.89
136.91
136.93
136.95
136.97
136.98999999999998
137.01
137.03
137.04999999999998
137.07
137.09
137.10999999999999
137.13
137.15
137.17
137.19
137.21
137.23
137.25
137.26999999999998
137.29
137.31
137.32999999999998
137.35
137.37
137.39
137.41
137.43
137.45
137.47
137.48999999999998
137.51
137.53
137.54999999999998
137.57
137.59
137.60999999999999
137.63
137.65
137.67
137.69
137.71
137.73
137.75
137.76999999999998
137.79
137.81
137.82999999999998
137.85
137.87
137.89
137.91
137.93
137.95
137.97
137.98999999999998
138.01
138.03
138.04999999999998
138.07
138.09
138.10999999999999
138.13
138.15
138.17
138.19
138.21
138.23
138.25
138.26999999999998
138.29
138.31
138.32999999999998
138.35
138.37
138.39
138.41
138.43
138.45
138.47
138.48999999999998
138.51
138.53
138.54999999999998
138.57
138.59
138.60999999999999
138.63
138.65
138.67
138.69
138.71
138.73
138.75
138.76999999999998
138.79
138.81
138.82999999999998
138.85
138.87
138.89
138.91
138.93
138.95
138.97
138.98999999999998
139.01
139.03
139.04999999999998
139.07
139.09
139.10999999999999
139.13
139.15
139.17
139.19
139.21
139.23
139.25
139.26999999999998
139.29
139.31
139.32999999999998
139.35
139.37
139.39
139.41
139.43
139.45
139.47
139.48999999999998
139.51
139.53
139.54999999999998
139.57
139.59
139.60999999999999
139.63
139.65
139.67
139.69
139.71
139.73
139.75
139.76999999999998
139.79
139.81
139.82999999999998
139.85
139.87
139.89
139.91
139.93
139.95
139.97
139.98999999999998