-1.0282465861104803e-19
-1.6615308276302342e-14
-4.2186525079375475e-13
-2.9631289151316992e-12
-1.2024296848240344e-11
-3.593552866439807e-11
-8.834676597551393e-11
-1.8968741711342884e-10
-3.687362278931671e-10
-6.643274146883994e-10
-1.127221706705128e-9
-1.8221740896615733e-9
-2.830233845785296e-9
-4.25131703113139e-9
-6.207096945489704e-9
-8.8442645748419e-9
-1.2338218587929151e-8
-1.6897253459269943e-8
-2.2767324917600892e-8
-3.023748449207118e-8
-3.964608981262557e-8
-5.138791495154387e-8
-6.592230604736417e-8
-8.378255234536228e-8
-1.0558667247379359e-7
-1.3204985122529362e-7
-1.639988045422951e-7
-2.0238840133776905e-7
-2.4832093208253196e-7
-3.0306848802378076e-7
-3.68099004430132e-7
-4.4510662990877534e-7
-5.360472161527658e-7
-6.431798841850998e-7
-7.691158214124934e-7
-9.168757077487188e-7
-1.089957470446043e-6
-1.292416441000083e-6
-1.5289604528254952e-6
-1.8050630004445275e-6
-2.1270983120398344e-6
-2.50250311003631e-6
-2.9399710049079897e-6
-3.4496869597616453e-6
-4.043611176362467e-6
-4.735824219688464e-6
-5.542948396973731e-6
-6.484664582353716e-6
-7.584349163764867e-6
-8.869863046893997e-6
-0.000010374534325824528
-0.000012138389227890463
-0.000014209703548354231
-0.000016646970856074468
-0.000019521416952427213
-0.00002292023633286024
-0.00002695079156827415
-0.00003174610937251548
-0.00003747214104677434
-0.00004433745073733984
-0.00005260628516045079
-0.00006261641543100797
-0.00007480381073129144
-0.00008973724696193778
-0.0001081676134778648
-0.00013109938049079078
-0.00015989618741208843
-0.0001964402105051749
-0.00024337854572908075
-0.0003045146122356653
-0.0003854495307500836
-0.0004946713940975275
-0.0006454839517654318
-0.0008595939405704252
-0.001174189733585495
-0.0016569574192128928
-0.0024409642478319116
-0.003815836117659022
-0.006507485157691161
-0.012761761607462004
-0.032496630586763796
-0.16208878381280292
-3.5146883644872395
-0.08821547164756512
0.056657193211127645
-0.009472948704751655
-0.007642902298907033
-0.005698754608420197
-0.004407507805935892
-0.0035445969444916374
-0.0029453144526130517
-0.0025132916831608486
-0.0021917968021234755
-0.0019461842880599634
-0.001754449232639052
-0.001602102118575997
-0.0014792934287458667
-0.00137913908830714
-0.001296709773110769
-0.0012284006566058768
-0.0011715266797254471
-0.0011240557217633861
-0.0010844285007541657
-0.0010514344283061624
-0.001024124408426636
-0.0010017485478084579
-0.0009837109913598714
-0.0009695367422309278
-0.0009588470097203745
-0.0009513407222008875
-0.0009467805657885433
-0.0009449823966143821
-0.0009458072079553964
-0.0009491550654204191
-0.0009549605873990694
-0.0009631896660184083
-0.0009738372105060374
-0.0009869257600186754
-0.0010025048634992224
-0.001020651164858503
-0.0010414691662873215
-0.0010650926736147687
-0.0010916869576057847
-0.0011214516960654196
-0.0011546247956642933
-0.0011914872318322175
-0.0012323690926384276
-0.0012776570717119488
-0.0013278037304820646
-0.0013833389474126212
-0.0014448840997934003
-0.0015131696936835839
-0.0015890573862375114
-0.0016735676554449801
-0.001767914799486477
-0.0018735515416709613
-0.001992226352045587
-0.00212605778617269
-0.002277631858294753
-0.0024501309797426815
-0.002647506731304717
-0.002874714390589354
-0.003138035840107418
-0.003445531157281859
-0.0038076811479246693
-0.004238319211166376
-0.0047560119683729436
-0.005386154368967584
-0.006164236344798696
-0.007141095985748073
-0.008391673328038435
-0.010030214757469184
-0.01223800533572537
-0.015317008076429873
-0.019801332453134368
-0.02671070621286483
-0.038198244043037566
-0.05949023530932787
-0.10620076246933548
-0.2445392761679927
-1.083569930641232
-66.89913358410418
-0.6808038633193635
-0.1853926764540788
-0.08398617388262661
-0.04732186008258006
-0.030117026652086785
-0.020717627435675293
-0.015041374837655233
-0.011360642441697018
-0.008843360087867834
-0.007049042079956485
-0.005727004173261103
-0.004726172725185493
-0.003951171299690634
-0.0033394211797247906
-0.0028485079472762363
-0.0024488752865987873
-0.0021194268980723394
-0.0018447860748311488
-0.0016135361148624482
-0.0014170603151021457
-0.0012487591608797673
-0.0011035109322138261
-0.000977293014654219
-0.0008669115041737986
-0.0007698051532655818
-0.0006839012173465644
-0.0006075080961714969
-0.0005392344315802228
-0.00047792747616382637
-0.0004226256679839504
-0.00037252179435043814
-0.0003269341302006834
-0.0002852836399025725
-0.000247075830677867
-0.00021188620444774286
-0.0001793485151696097
-0.00014914522949804486
-0.00012099972973906647
-0.0000946699033918285
-0.00006994284283265019
-0.0000466304387925031
-0.000024565697193597704
-3.599644216310366e-6
0.000016401288199485562
0.000035557482926014044
0.00005397803413115222
0.00007176237639133693
0.00008900169277166414
0.00010578013997085837
0.00012217592206582566
0.00013826223914358164
0.00015410813292100102
0.0001697792481023385
0.00018533852555403533
0.0002008468412719737
0.00021636360345969922
0.00023194731878024952
0.00024765613791713617
0.0002635483899437884
0.00027968311464026394
0.0002961206017774017
0.0003129229465239114
0.0003301546305104535
0.00034788313873026014
0.0003661796233911211
0.00038511962709043515
0.0004047838793221515
0.00042525918240589317
0.0004466394055425104
0.0004690266089662783
0.0004925323242299159
0.000517279021712301
0.0005434018027459599
0.0005710503616173123
0.000600391272551742
0.0006316106691799652
0.0006649173996312005
0.0007005467602656921
0.0007387649364181278
0.000779874311085915
0.0008242198445664303
0.0008721967827731693
0.0009242600236444981
0.0009809355656764753
0.0010428345884796433
0.001110670884154264
0.0011852825869128904
0.0012676594609072284
0.0013589774377599927
0.0014606426977545484
0.0015743484395322148
0.0017021487001097446
0.0018465553511668035
0.002010666992345948
0.002198342339448316
0.0024144365985565926
0.002665128442992404
0.002958379633260328
0.003304592632569914
0.003717570195813781
0.004215946691829526
0.004825376450285494
0.005581974478756313
0.006537902110277323
0.007770775849372569
0.009400214960663485
0.01161847010009126
0.014750715561624723
0.019383075030957465
0.026661789764855295
0.03908570811724123
0.0630013012912917
0.11875922520997213
0.30485322193302583
1.971743404024653
6.3056872784561175
0.43577713926182093
0.14329272945304306
0.07004496474655945
0.04122452867376478
0.027031558832937473
0.019025246788161934
0.014076385884442117
0.010809034998919394
0.008541722005746741
0.006905832315710224
0.005687932853298235
0.004757553308844534
0.004031325901220085
0.0034539794884267195
0.0029877096053787387
0.0026059581408134375
0.0022896302907197633
0.002024715908927279
0.0018007498080985333
0.0016097892921573655
0.0014457195783297446
0.0013037722915473693
0.0011801855247238079
0.0010719598537943615
0.0009766805793476933
0.0008923864357281938
0.0008174713981128203
0.0007506103925161772
0.0006907024891188862
0.0006368270345903601
0.0005882094651209296
0.0005441944360720419
0.0005042245338975443
0.0004678232848024209
0.00043458149805522507
0.00040414621740355537
0.0003762117272470319
0.00035051218875809345
0.00032681557735895865
0.00030491866557989653
0.00028464285054410963
0.0002658306676354607
0.00024834286453386006
0.0002320559351454155
0.0002168600327490179
0.0002026571972404198
0.00018935984365245877
0.00017688946890274677
0.00016517554152397406
0.00015415454539959803
0.00014376915357787717
0.00013396751233220783
0.00012470261896447936
0.00011593177956922041
0.00010761613520834728
0.00009972024678165342
0.0000922117303991588
0.00008506093631737418
0.00007824066555150686
0.00007172591914925071
0.00006549367584321365
0.00005952269441613341
0.00005379333762882517
0.00004828741500020883
0.000042988042098511156
0.000037879514317203275
0.00003294719337740368
0.00002817740502686785
0.000023557346600515075
0.000019075003274324496
0.000014719071988909365
0.000010478892140757913
6.344382246027217e-6
2.3059818725022964e-6
-1.6454017863459868e-6
-5.518443253004697e-6
-9.321444523883978e-6
-0.000013062377693695334
-0.000016748924853541766
-0.000020388515634031555
-0.000023988362733118673
-0.000027555495743270334
-0.00003109679357029994
-0.00003461901571929113
-0.000038128832709357975
-0.00004163285586836474
-0.000045137666752799285
-0.0000486498464332281
-0.00005217600488642153
-0.00005572281073707993
-0.00005929702159879714
-0.00006290551527254591
-0.00006655532207457182
-0.00007025365858198043
-0.00007400796310554277
-0.00007782593322492248
-0.00008171556575259702
-0.00008568519952955506
-0.00008974356149972822
-0.00009389981656161904
-0.00009816362175540033
-0.00010254518541576903
-0.00010705533200300463
-0.0001117055734218494
-0.000116508187752718
-0.00012147630645277
-0.00012662401124181226
-0.00013196644207365293
-0.00013751991781129258
-0.0001433020714831786
-0.0001493320023034679
-0.00015563044700359923
-0.0001622199734551688
-0.00016912520008355826
-0.000176373045191551
-0.00018399301106124445
-0.00019201750860285498
-0.0002004822294133167
-0.00020942657343489345
-0.0002188941420263336
-0.00022893330824554612
-0.00023959787858964914
-0.0002509478634604729
-0.0002630503773790444
-0.0002759806946581711
-0.0002898234921191978
-0.00030467431784995545
-0.0003206413343956286
-0.0003378473967589922
-0.00035643254096128353
-0.0003765569787730778
-0.00039840472004441595
-0.00042218797787570313
-0.0004481525564867625
-0.0004765844809845092
-0.0005078182078307636
-0.000542246862554265
-0.0005803350984790167
-0.0006226353734885437
-0.0006698087254955676
-0.0007226515277763056
-0.000782130277897172
-0.00084942730361312
-0.0009260014888357573
-0.0010136699442919433
-0.001114719314471682
-0.0012320596943715268
-0.001369440891735281
-0.0015317616907303442
-0.0017255208481289823
-0.0019594893013545776
-0.0022457369996298354
-0.002601245677803872
-0.0030505237128281427
-0.003630004032625874
-0.004395764433708859
-0.005437784663739852
-0.006907930869961177
-0.009079160787384022
-0.012483209254150205
-0.018272929968794246
-0.029352324461259148
-0.054908218961250234
-0.13822616924976863
-0.8210777596927793
-4.031257602122659
-0.22653516957533162
-0.07241189274214484
-0.035048456272001025
-0.020541543929781386
-0.013447111330495589
-0.009461349483059862
-0.007003754270023561
-0.005383626982481084
-0.004260339897832142
-0.003450213834461851
-0.002847140486427744
-0.0023863693042479326
-0.0020265809408302735
-0.0017404092823947851
-0.0015091508176757965
-0.0013196736698162525
-0.0011625402153593938
-0.0010308279345273166
-0.0009193668365680243
-0.0008242334366902323
-0.0007424072207896982
-0.0006715326174628198
-0.0006097510229047401
-0.0005555802815596906
-0.0005078269043133164
-0.00046552124743523413
-0.0004278690404522951
-0.00039421471761931276
-0.00036401338084529535
-0.0003368091493126014
-0.0003122182867524072
-0.00028991593920173745
-0.00026962562714754804
-0.00025111085761286595
-0.000234168381430241
-0.00021862273721564654
-0.0002043218090339227
-0.00019113318817468646
-0.0001789411769292974
-0.00016764430808150787
-0.00015715328106575736
-0.00014738923661173663
-0.0001382823077899668
-0.0001297703978662918
-0.0001217981451366074
-0.00011431604258224493
-0.00010727968624967276
-0.00010064913107325883
-0.00009438833670637462
-0.00008846468901015771
-0.00008284858533695854
-0.00007751307375727895
-0.00007243353801466143
-0.00006758742132571275
-0.00006295398323403091
-0.00005851408462117005
-0.00005424999671332516
-0.000050145230527813786
-0.00004618438370279954
-0.000042353002062798465
-0.00003863745361039898
-0.00003502481290758393
-0.000031502754032940156
-0.000028059450476100694
-0.000024683480466545185
-0.00002136373633346712
-0.000018089336559099155
-0.000014849539222375252
-0.000011633655532119752
-8.430962119879906e-6
-5.230610698983319e-6
-2.021533596094168e-6
1.2076564808046444e-6
4.468774264253888e-6
7.77417941316233e-6
0.000011136906051963892
0.000014570807151295136
0.000018090717040099684
0.00002171263596600144
0.00002545394140977238
0.000029333631848375103
0.000033372609906651
0.00003759401341284466
0.00004202360487154755
0.000046690232417633006
0.000051626378586412596
0.000056868817455041644
0.00006245940619357547
0.00006844604423112017
0.0000748838426854806
0.0000818365592389674
0.00008937837042064646
0.00009759607591016461
0.00010659186035852251
0.00011648678073184462
0.00012742520633831825
0.0001395805219498562
0.0001531625230435034
0.00016842710341618636
0.00018568908614176717
0.00020533942161171334
0.00022786853994579247
0.00025389851257546077
0.00028422803994061535
0.0003198964679730449
0.0003622766283847461
0.00041321236086791095
0.0004752271161964669
0.0005518489848157378
0.0006481328536012887
0.0007715292798771912
0.0009333906998134787
0.001151711510317143
0.0014564092741629763
0.0019002477738685913
0.002583514888654969
0.0037165182947501486
0.005804256682771557
0.010328296403131534
0.023354265933949795
0.09547623284972347
40.666861757001016
0.08510911794623781
0.02175544687915345
0.009706418816156206
0.005455145893502138
0.003481294949120327
0.0024080004898744626
0.001760904814102936
0.001341240849842556
0.0010538733851832406
0.0008486398659216836
0.0006970635413061248
0.0005820079345489048
0.0004926618457639628
0.0004219326374496667
0.00036501153914035074
0.00031854534623364353
0.0002801384043514801
0.0002480425406242683
0.0002209580617909639
0.0001979025850579449
0.00017812251579900083
0.00016103203629806815
0.00014617025426642952
0.0001331705887780802
0.0001217385582381071
0.00011163543584470024
0.0001026660665618228
0.00009466967785417147
0.00008751287243530554
0.0000810842306771642
0.00007529011379285898
0.00007005137210690209
0.00006530074215739366
0.000060980772791323876
0.00005704216094368818
0.00005344240721887449
0.00005014472297353771
0.00004711713657533806
0.0000443317584421261
0.000041764173449940434
0.000039392936116347116
0.00003719914917887544
0.000035166110202392386
0.0000332790139608445
0.000031524700765829443
0.000029891442819291176
0.000028368762171020914
0.00002694727505476533
0.00002561855832855075
0.000024375034507981335
0.000023209872496038817
0.000022116901610396636
0.000021090536913730767
0.000020125714182500226
0.00001921783312026416
0.00001836270764414533
0.00001755652225682942
0.0000167957936688239
0.00001607733696237247
0.000015398235694114468
0.00001475581542205769
0.000014147620216707035
0.000013571391778799755
0.000013025050838894058
0.000012506680558849886
0.000012014511693244876
0.000011546909301135103
0.000011102360826199157
0.000010679465386961106
0.000010276924139054206
9.89353158893753e-6
9.528167753500387e-6
9.179791072970159e-6
8.847431995758056e-6
8.530187163624691e-6
8.227214134011446e-6
7.937726583732154e-6
7.660989944669087e-6
7.3963174277080116e-6
7.143066396075991e-6
6.900635053551687e-6
6.668459416795251e-6
6.446010544389335e-6
6.232791998103915e-6
6.0283375144942826e-6
5.832208867232187e-6
5.643993902592199e-6
5.4633047323186916e-6
5.289776069685689e-6
5.1230636959907755e-6
4.962843045977984e-6
4.808807901815891e-6
4.660669186255932e-6
4.5181538465034e-6
4.381003821127924e-6
4.248975083063602e-6
4.1218367523948135e-6
3.999370273207116e-6
3.881368649293243e-6
3.7676357339869734e-6
3.6579855698101506e-6
3.5522417740037136e-6
3.4502369663578317e-6
3.351812236065213e-6
3.256816644606394e-6
3.1651067619267437e-6
3.076546233399004e-6
2.991005375275339e-6
2.9083607965184816e-6
2.8284950450810643e-6
2.7512962768543973e-6
2.6766579456547856e-6
2.604478512743754e-6
2.534661174499507e-6
2.467113606964222e-6
2.401747726092768e-6
2.338479462617285e-6
2.277228550527859e-6
2.2179183282420777e-6
2.1604755516111375e-6
2.104830217967559e-6
2.0509154004854465e-6
1.9986670921716716e-6
1.9480240588612327e-6
1.8989277006316522e-6
1.8513219210961236e-6
1.8051530040717306e-6
1.7603694971560562e-6
1.7169221017775854e-6
1.6747635693157128e-6
1.6338486029147308e-6
1.594133764641112e-6
1.555577387658123e-6
1.5181394931131536e-6
1.481781711454717e-6
1.4464672079134672e-6
1.412160611900896e-6
1.3788279500938106e-6
1.346436582989937e-6
1.3149551447315288e-6
1.2843534860093605e-6
1.2546026198694413e-6
1.2256746702576384e-6
1.1975428231470028e-6
1.1701812801024282e-6
1.1435652141464462e-6
1.117670727798581e-6
1.0924748131682052e-6
1.067955313988146e-6
1.044090889483973e-6
1.020860979978579e-6
9.982457741396798e-7
9.76226177781848e-7
9.54783784140582e-7
9.339008455407325e-7
9.135602463859996e-7
8.937454774006309e-7
8.744406110584079e-7
8.556302781374255e-7
8.372996453434224e-7
8.194343939467031e-7
8.020206993816174e-7
7.850452117600438e-7
7.684950372529493e-7
7.523577202969891e-7
7.366212265850929e-7
7.21273926802601e-7
7.06304581072243e-7
6.917023240736402e-7
6.774566508044463e-7
6.635574029524023e-7
6.499947558488551e-7
6.367592059762059e-7
6.238415590028424e-7
6.112329183208496e-7
5.989246740627591e-7
5.869084925751331e-7
5.751763063276625e-7
5.637203042377051e-7
5.52532922391241e-7
5.416068351419277e-7
5.309349465713774e-7
5.205103822939702e-7
5.103264815909565e-7
5.003767898589023e-7
4.906550513586859e-7
4.811552022514296e-7
4.7187136390893133e-7
4.627978364865071e-7
4.5392909274661055e-7
4.4525977212255e-7
4.3678467501172705e-7
4.284987572885765e-7
4.203971250278205e-7
4.124750294289674e-7
4.047278619336106e-7
3.971511495272792e-7
3.897405502181151e-7
3.8249184868498915e-7
3.7540095208796554e-7
3.684638860343087e-7
3.6167679069374857e-7
3.5503591705671706e-7
3.4853762332979707e-7
3.421783714627186e-7
3.359547238016158e-7
3.2986333986339615e-7
3.239009732263879e-7
3.1806446853256105e-7
3.1235075859689105e-7
3.067568616196376e-7
3.0127987849739986e-7
2.959169902291102e-7
2.9066545541322574e-7
2.855226078325517e-7
2.804858541232924e-7
2.7555267152503555e-7
2.7072060570862533e-7
2.6598726867883587e-7
2.613503367490476e-7
2.5680754858514966e-7
2.523567033160743e-7
2.4799565870838866e-7
2.43722329402598e-7
2.3953468520878767e-7
2.3543074945942691e-7
2.3140859741719395e-7
2.2746635473576778e-7
2.2360219597165898e-7
2.1981434314517545e-7
2.1610106434875687e-7
2.1246067240090113e-7
2.088915235440765e-7
2.053920161849933e-7
2.0196058967570437e-7
1.9859572313409528e-7
1.9529593430233952e-7
1.9205977844194183e-7
1.8888584726409703e-7
1.8577276789411838e-7
1.8271920186870743e-7
1.7972384416492557e-7
1.7678542225975745e-7
1.7390269521919926e-7
1.7107445281584087e-7
1.6829951467394677e-7
1.655767294411267e-7
1.629049739856031e-7
1.6028315261829813e-7
1.5771019633879348e-7
1.5518506210443173e-7
1.5270673212171922e-7
1.5027421315930434e-7
1.4788653588180218e-7
1.4554275420374856e-7
1.432419446630316e-7
1.4098320581313963e-7
1.3876565763360355e-7
1.3658844095802964e-7
1.3445071691914657e-7
1.3235166641029392e-7
1.3029048956283636e-7
1.2826640523896195e-7
1.2627865053936945e-7
1.2432648032537497e-7
1.2240916675494214e-7
1.2052599883222337e-7
1.1867628197014639e-7
1.1685933756564968e-7
1.1507450258714749e-7
1.133211291738448e-7
1.1159858424653015e-7
1.099062491294628e-7
1.0824351918303243e-7
1.0660980344683406e-7
1.0500452429283432e-7
1.0342711708831846e-7
1.0187702986831119e-7
1.0035372301718467e-7
9.885666895914438e-8
9.738535185736516e-8
9.593926732145428e-8
9.451792212303848e-8
9.312083391919152e-8
9.174753098347919e-8
9.039755194438655e-8
8.907044553090543e-8
8.77657703250677e-8
8.648309452120225e-8
8.522199569173353e-8
8.398206055931879e-8
8.276288477512017e-8
8.1564072703052e-8
8.03852372098122e-8
7.92259994605326e-8
7.808598871987459e-8
7.696484215842171e-8
7.586220466420136e-8
7.477772865920052e-8
7.371107392071064e-8
7.266190740738437e-8
7.162990308984209e-8
7.061474178572239e-8
6.961611099902522e-8
6.863370476364421e-8
6.766722349095345e-8
6.671637382134005e-8
6.578086847956711e-8
6.48604261338636e-8
6.395477125862643e-8
6.306363400064072e-8
6.218675004871507e-8
6.132386050663875e-8
6.047471176936072e-8
5.963905540231334e-8
5.8816648023775093e-8
5.800725119020901e-8
5.7210631284475274e-8
5.642655940684918e-8
5.56548112687641e-8
5.489516708920613e-8
5.4147411493682225e-8
5.34113334157015e-8
5.268672600068887e-8
5.197338651227634e-8
5.1271116240896687e-8
5.0579720414628845e-8
4.989900811222167e-8
4.922879217824716e-8
4.85688891403232e-8
4.791911912834458e-8
4.7279305795680824e-8
4.6649276242274026e-8
4.6028860939597644e-8
4.541789365742113e-8
4.481621139233313e-8
4.4223654297980554e-8
4.364006561696992e-8
4.3065291614400065e-8
4.2499181512969264e-8
4.1941587429627184e-8
4.13923643137254e-8
4.08513698866275e-8
4.031846458274614e-8
3.979351149195964e-8
3.927637630338757e-8
3.8766927250474775e-8
3.8265035057360906e-8
3.777057288649822e-8
3.728341628748647e-8
3.680344314709338e-8
3.633053364043283e-8
3.586457018326503e-8
3.540543738540189e-8
3.4953022005175215e-8
3.450721290495304e-8
3.406790100767187e-8
3.363497925435837e-8
3.3208342562621914e-8
3.278788778608487e-8
3.2373513674736655e-8
3.196512083617978e-8
3.156261169775385e-8
3.1165890469508656e-8
3.077486310801034e-8
3.0389437280959755e-8
3.000952233259775e-8
2.9635029249886495e-8
2.9265870629440844e-8
2.8901960645195273e-8
2.8543215016785273e-8
2.8189550978632335e-8
2.784088724970479e-8
2.7497144003949954e-8
2.715824284137202e-8
2.6824106759746652e-8
2.649466012695165e-8
2.6169828653903132e-8
2.5849539368081822e-8
2.553372058763169e-8
2.522230189602486e-8
2.4915214117269307e-8
2.4612389291657075e-8
2.431376065203167e-8
2.4019262600567525e-8
2.3728830686046543e-8
2.3442401581622907e-8
2.3159913063060596e-8
2.288130398743743e-8
2.2606514272301494e-8
2.233548487526878e-8
2.2068157774055474e-8
2.1804475946931216e-8
2.15443833535852e-8
2.1287824916394998e-8
2.1034746502089792e-8
2.078509490379784e-8
2.053881782346962e-8
2.029586385466831e-8
2.005618246571948e-8
1.981972398321106e-8
1.9586439575835598e-8
1.9356281238568036e-8
1.9129201777170993e-8
1.8905154793018386e-8
1.868409466823354e-8
1.8465976551131933e-8
1.8250756341962504e-8
1.803839067894133e-8
1.7828836924571062e-8
1.7622053152238586e-8
1.741799813308638e-8
1.721663132315059e-8
1.701791285075858e-8
1.6821803504183928e-8
1.6628264719549244e-8
1.6437258568972495e-8
1.624874774895356e-8
1.6062695568992842e-8
1.5879065940437908e-8
1.5697823365554405e-8
1.5518932926813624e-8
1.5342360276395505e-8
1.516807162589896e-8
1.499603373625728e-8
1.48262139078528e-8
1.4658579970828247e-8
1.4493100275588034e-8
1.4329743683487947e-8
1.4168479557707048e-8
1.4009277754299577e-8
1.385210861342194e-8
1.3696942950730663e-8
1.3543752048949904e-8