-1.986938951776443e-18
-7.903866292130566e-19
-2.1467103609489683e-18
0.00014153764243453798
0.00006919868626136678
-0.0003441367934185744
-0.00005760459376659082
-0.00020844531786747133
0.0003488827661147561
-0.00019462984899243227
-0.0004316533120227363
-0.00007425588150705534
0.000577448830237597
-0.0005009373793943174
0.0002838706310212132
0.000602503204379654
0.00010012302951440858
-0.0008086849284694119
0.0007178480668172798
-0.0003874800505477437
-0.0008020437713765751
-0.00014852812532771057
0.0010521317189978255
-0.0008583541045941862
0.00042970816447117274
0.000970608923347984
0.00019054648741192822
-0.001267532377690458
0.0010269938374464905
-0.0005228454544228005
-0.0011747680613405918
-0.0002490711224571577
0.0014075772903800353
-0.0011855964526341102
0.000581132908171836
0.00130917307275425
0.000306375001129122
-0.0016577699521003646
0.0014333248857722899
-0.0006361925602270835
-0.0015387725899431
-0.0003465371253223627
0.0018361057933633576
-0.0015533850460592012
0.0006405594297539995
0.0016167720499896613
0.00042989115972135225
-0.001919206290546306
0.0017331483581391558
-0.0006178781967722013
-0.00172409420948406
-0.0005204484234711874
0.001993598036771802
-0.0017529531313220127
0.0005285704926667939
0.0017046261671227702
0.0005989375220955417
-0.0017709981552191112
0.0017918956409648224
-0.0002382735952307992
-0.0014641964597713652
-0.0008633273502820685
0.0011256586146643852
-0.0016382974733285842
-0.0005722906359202072
0.0007797143350479626
0.0013073537238326987
0.0003391737818502533
0.0008189498797614685
0.002776833736955558
0.001405877211318362
-0.0024643249701152246
-0.005199415252381014
0.0025089402710354375
-0.011756286222719918
-0.010351025070635742
0.006760540505191639
0.027032370755928275
-0.032911585941829254
0.11210946521616524
0.255818813268
0.44923540882430024
0.7607979618838957
0.18104918284338417
-0.2249472872381245
-0.10956391386423338
0.016143552026213637
0.07880691962510916
7.899444894559442e-6
0.008716484099288739
0.002248439664485744
-0.004859555543195884
-0.0033150163683636565
-0.005756333449370293
0.0005110196068208762
0.005294486513145598
0.0024952154021185826
-0.006530811578603078
0.007683310914566744
-0.0034880318860691845
-0.00827479471719867
-0.0017168144883465753
0.010521655294210617
-0.009034716290857264
0.005388348606226271
0.01066427299305671
0.0014714778375917582
-0.01387365118902469
0.011103009513234065
-0.00714245035767441
-0.01287259188546582
-0.0012248826968129227
0.016970593735423836
-0.012901411132096885
0.008783907110244436
0.0157851493220511
0.0011889912158398127
-0.021099006770091504
0.016127367371876044
-0.011626508593937226
-0.01898086346510494
-0.001099296727304386
0.025576337381301748
-0.01902294650512644
0.014103754646008826
0.024324203343980937
0.0011244558534142875
-0.0332960190438611
0.027541389899410663
-0.020855465242836536
-0.031169349420922067
-0.0007863737885785748
0.0409233124199732
-0.031965227150439805
0.02557472195560924
0.04448528905571822
0.0005048938330119926
-0.058419954696930294
0.07117372636114239
-0.05214857282409421
-0.057707622588012306
-0.00024687777843655507
0.06031414131555262
-0.05024210602723524
0.03514333679823174
0.07828970506610777
0.09598869020794053
0.08571210008494722
0.0348951544129183
-0.05593065415816279
-0.24258493725667482
0.021519479793360226
0.6915471312291102
-0.3668351011098952
0.4675170041363252
0.5617600383371533
-0.018191151795674137
-1.6854199875425642
0.9628305323793936
-1.937940515911808
-20.608078746595474
0.8482529461559749
9.944235975304306
-1.821123684202651
1.1092463187786543
1.426136900016965
-0.06839777161200052
-0.9590808489193885
0.3258680437589413
-0.2429885005915075
-0.24527341312371223
0.012900086920069422
0.2583635820186921
-0.087687553116722
0.08097672101706165
0.10339397182338655
-0.00723384695386246
-0.11944600925386532
0.046009569843774634
-0.042463271641011
-0.05419018809114892
0.004770007730745309
0.06608416490598823
-0.026292658245975174
0.025499873524932874
0.033580308590670606
-0.0026157154597914083
-0.042566446294330054
0.017419183781940007
-0.017165114417244234
-0.021431636559678856
0.002029426603713082
0.028698547713241797
-0.01299295297176441
0.01248718307709246
0.01659543432179518
-0.0008345547386850086
-0.02144558275351518
0.010348910889934641
-0.009250482899536483
-0.01309461561266252
0.0004546501840026819
0.017275232818618137
-0.00900354072179083
0.007573558690449985
0.010581455610132958
0.00006238588375286191
-0.01297478148565931
0.008004321963989796
-0.006209159095691433
-0.009301291122354886
-0.0005843220437084616
0.012576299467012926
-0.00922026481596472
0.005683773705307929
0.009038553180667383
0.0006666195900465086
-0.012092515812939512
0.00828299583202885
-0.004679788579551376
-0.00953598803233371
-0.0015962157734825558
0.011567738633142368
-0.01150960465469194
0.0056222988015617705
0.010479425032616474
0.0016075895295013414
-0.010279830613759948
0.009901060885678176
-0.004468814812157729
-0.011751726254086993
-0.0034086874063854696
0.01364518808869694
-0.02551961175153599
0.0109295702496712
0.011885227731306248
0.001297671841791608
-0.00532412764174553
-0.010205022165175751
-0.01154118877961491
-0.009649075811936744
-0.002643679639333505
0.013767754483245822
-0.01018921793384207
0.0033603321903989073
0.020372612823386677
0.011362624222777078
-0.05109800027337206
0.024320697276520926
-0.011851943410561498
-0.02921249968360501
-0.010576102601744969
0.03623530708048241
-0.028895839644901472
0.008688707101715711
0.04087505184817265
0.01607279874787299
-0.08000809363086486
0.05475522735078665
-0.02488908464783791
-0.0721066871884649
-0.025246869736547432
0.0938800894498785
-0.08840002853339224
0.030341098684054966
0.13074796918375986
0.060246067737432414
-0.33310546227667076
0.2507352215111071
-0.14126731939912276
-0.4055668549169723
-0.17115535440737403
0.6761626095660371
-1.0722664615790933
0.400226801719073
5.498137938895393
133.57254082347006
-16.35884233316541
4.914757977676061
-0.7360936890582341
-1.630199307169213
-0.5947638842320808
0.7617896917727708
-0.5245130822720475
0.10304026659065471
0.2219201910686446
0.021884372053799492
-0.21380650993873893
0.10912217142198191
-0.03718935625567553
-0.09748599046887617
-0.02868584219538102
0.06910392062206874
-0.07313985320257049
0.009514122799341485
0.04017845240194975
0.010775816427146133
-0.04290806492478872
0.027663852084292326
-0.017069094219327136
-0.02687444248982143
-0.014747470472234023
0.023661893843724094
-0.01793353950003714
0.0019436098756258008
0.013415289094895626
0.0012103675665293592
-0.01923566057759002
0.01054202547081399
-0.004880985871695679
-0.012122023014583818
-0.003290489252487722
0.008349050700467825
-0.008664426658876213
0.0006665936079121615
0.005728741363599631
0.0010011119248079148
-0.008834863361924851
0.004532336612000071
-0.003697756939245566
-0.005031246235127054
-0.0038054917989661535
0.0037717667723428444
-0.005248503648487479
-0.00002153247278664351
0.0033212173931408784
0.00039967289315721974
-0.004727484801435167
0.002077123071738357
-0.002233417159523769
-0.002237658489198729
-0.00223378061500925
0.0017324344086103915
-0.003101560018546943
-0.00008824762133432195
0.0010048405399894706
-0.0003204535646291373
-0.0027446337078989636
0.0009124313059729697
-0.0008548761435697576
-0.0015341682512259
-0.0009028359301119671
0.00062339549191714
-0.0013025983974230362
0.00012714209959853502
0.00046833035167473115
-0.00025632435844598215
-0.0013967461535937694
0.00016125732135251889
-0.00037222883306287097
-0.0007894520192143533
-0.00036303510714339983
0.00022163951860309039
-0.00013769073323972294
-0.0002913014323379262
-0.00010663917121660305
-0.00017276790034128546
-0.0005182014856241656
-0.0003287321626797605
-0.00012974728276829434
-0.00018545228690616559
-0.00022026299400356654
-0.00013164084651281393
0.0001132023498388745
-0.0002467040722750655
-0.00030897779257454283
-0.00010711611642805598
0.0000209046116207739
-0.0009488713903212311
0.0003578116315992168
0.0002063567554906659
3.7890078422253814e-6
-0.0000692938817055981
-0.0003284371880647317
-0.00028694281883972643
-0.00017352796747674136
-1.3243148954801536e-6
0.00023550935246081543
-0.0001668767663994743
0.00020742348443264022
0.0004160771491793214
0.00006865851310700244
-0.00037714962436745814
0.00045698520738052836
-0.00019414628736660105
-0.00018107780010115121
0.00018427636052920936
0.00047773323469269127
-0.0000588774969029454
0.00046187703654684343
0.0005847161305737621
0.000289928518156268
0.0001710228743458525
0.0006766361514246982
0.00003176004251869066
0.00030537263267127983
0.0007325523618352765
0.0011157746580886811
0.0005673294157000319
0.0009350864680730505
0.0008641652583128114
0.0006881068637945595
-0.0002752398148299079
0.0009503789291992212
-0.002084102373694644
-0.00063087244627635
0.0018269193551587479
0.0016530227113460013
0.0020369477883666006
0.0026579211366987657
0.0014815827515857402
0.0018111127674570189
0.0032692411522383833
0.001396142743686751
0.0022512312014612078
0.004292409035340031
0.004710266106503662
0.0022952207905854415
0.005497078193428698
0.004689048596814941
0.0032101536763079236
0.0002509518616246448
0.0014126568484391765
0.0021377579697768796
0.006051504391119547
0.011068174291406432
0.01601348013059516
0.008582121371519057
0.01915674669985516
0.019063532411669602
0.009683579013861982
-0.010506918247952666
0.021455684321753207
-0.0036338811148548832
-0.027351220755424503
0.032427396577316726
0.10196462926336591
0.07537655458385925
0.2066470478752909
0.27719729113148944
0.16183979973693105
0.14057681045815554
6.291473396874203
-0.8613287178602369
0.5507613868887751
0.6504819763751373
0.5635481135195953
0.278424054571981
0.11149191698419432
0.15081670669587943
0.0397495576240638
-0.012127599279475097
0.02088216689119566
-0.011017379778502276
-0.003157516531750509
0.02110243548238407
0.03508453822664016
0.02739859405322456
0.02153539738921599
0.02312979370642298
0.00811940698917133
-0.007288728745828225
-0.000318642977580699
-0.00353274499106997
-0.006596818629974122
0.004616093681423071
0.011932520252020948
0.01072957170969537
0.007479664416788557
0.010633628763842945
0.003907703305171526
-0.0036679794715393996
-0.0017869103179460628
-0.0019031134827371152
-0.004113170196000859
0.0013376435018722917
0.006503387743520752
0.006585478363436688
0.0037945431802884205
0.006893149662513432
0.002632845075339853
-0.0032129434830440846
-0.002598501068219673
-0.002035442552762076
-0.0044304477699512014
-0.00024190493734233665
0.003827973294553779
0.005038630063253358
0.0019488046260490073
0.005199150217349136
0.002273334124203942
-0.003558749891764425
-0.0021179328756642316
-0.011905746309245156
-0.004262346002387745
-0.0004128382706293646
0.0011350229880067145
0.001701088677981453
0.001972676592074249
0.0016223384254290504
0.0006277016691792546
-0.0015455415537513415
-0.008381978500768087
-0.00014631875407521602
-0.002507842631994611
-0.0018534917262733464
0.003599286572378865
0.003705951054537817
0.0006511010418305443
0.002861145348842175
0.0013851396697940454
-0.001472260704979405
-0.00399938293797066
0.0001584920074006314
-0.0021099599169776937
-0.0013248314188481023
0.0019358787019716204
0.00317487063885934
0.000039370644502679034
0.0021957027386524212
0.0013228099107442757
-0.0011427722155192576
-0.0030607314669906815
0.0002447647827293836
-0.001829974629253034
-0.0014691548135337244
0.0009986537342405756
0.0024037890949023368
-0.000487172123838709
0.0013963724486185344
0.0009054868958025716
-0.0009117241372238034
-0.0025584013032250753
-9.294083157099402e-6
-0.0015327720967735021
-0.0014590084710959705
-0.00007772284591528519
0.0008673683671331221
-0.0010242691590817365
-0.00005285938934890243
-0.0005166574995525334
-0.0011476299034832698
-0.0018900438876214701
-0.000859458552909749
-0.0011092846402986822
-0.001800026865451052
-0.00236269655310444
-0.0028640327401772154
-0.002421531608362334
-0.004494217887240406
-0.004163422832212507
-0.0017147675747384758
0.00041473154649285753
-0.004930026414801222
-0.00016436587808621713
-0.0021616590415763537
-0.015088698101013
-0.025216707751542836
-0.011042834733307966
-0.04184844774874076
-0.04355804881902677
-0.005042065679454932
0.06528832064663474
-0.09803098999195461
0.16887969220825352
0.21156307639458186
-0.6446074242838823
-0.46418726953402134
-0.03447881688700399
-0.08623026873202516
-0.051438472905936145
0.0013757719405985242
0.01144642443091026
-0.006463817058803789
0.007604521512110411
0.0008504559153927803
-0.0050165430420782324
-0.004974763333386625
-0.003577106196871559
-0.007569509982891081
-0.008318197489300263
-0.006965115110095206
-0.003530879523962581
-0.0004651997912727152
-0.0001708542905013009
-0.0004407695438690705
-0.0011518125410152943
-0.0016819408460857289
-0.0007145344460398791
-0.0006854339935656582
-0.0008512329960361695
-0.0007620869762291604
-0.0008393455505816436
-0.0008137673319267954
-0.0013143242978383202
-0.0009137696128701932
-0.00037619383279543454
-0.00020489468580474164
-0.0006354153663718423
0.000030386328519127202
-0.00021378016774736613
-0.000960008565249112
-0.0014204582381184964
-0.0004788026665814384
-0.0011766768790860706
-0.0009427643354611838
1.9370793561987933e-6
0.0005136532746766606
-0.0005417787984723321
0.00036498666654097517
0.00015688306911263822
-0.0008376124758535876
-0.001522385319575489
-0.0001624283270685393
-0.0012344547044184314
-0.0009907654380917398
0.00015835424640841858
0.0009416481676975578
-0.0005245073128357788
0.0006241770592713975
0.0003569123777398998
-0.000782853577740123
-0.0017086315930087501
-0.00007823604469264531
-0.001265832099701539
-0.001046162209237107
0.0002687900973799083
0.0011576691356942955
-0.0004429989510256017
0.0007649159890919179
0.0004934387323837613
-0.000786019419798672
-0.0017715993835685719
-0.000015783782880450508
-0.001276875350526928
-0.0010287079546468173
0.0002500607087279289
0.0012348597090886964
-0.00047710445098164575
0.0008307052680944953
0.0006198043770033527
-0.0007425232375972121
-0.0017225198957788283
0.00014544296172725444
-0.0011003179326711811
-0.000987647740736216
0.0002895634538090419
0.0014125829608685836
-0.00044645084565411583
0.0009119361731331802
0.0006688579390430556
-0.0006035676864585945
-0.0017177320062635104
0.00023309019698842246
-0.0011925743634326573
-0.0009485228674109154
0.00025945873382022535
0.0014149068586166947
-0.0005791658446282479
0.0008692519210462374
0.0007494856295232298
-0.0005720619975421162
-0.0017612542340258626
0.0002170166394017056
-0.0011016629758652044
-0.0010360978292985237
0.0003681277721870675
0.0014759386883914163
-0.00043452265286080243
0.0009231321096717013
0.0007792374549116356
-0.0006168605922163437
-0.0017415899012178369
0.0002468744237846209
-0.0010803451179617464
-0.0010243769486441697
0.0002710148328209701
0.001589026047717945
-0.00047476089288953533
0.0009499593887309322
0.00082174574412197
-0.0005181061732490686
-0.0016501360089921256
0.0003357401317457368
-0.0010895189606256787
-0.0010519518556657485
0.00023594221309647636
0.0013752803075871868
-0.00040180556260422805
0.0009128335329730894
0.0007986865443573424
-0.0003664418933032834
-0.0016347904459111176
0.0005390529449424237
-0.001073572077788001
-0.0009923443330229617
0.0003251244602362938
0.0013364191901322406
-0.0005478083824281397
0.000842058473262872
0.0008423738395357962
-0.00013829959279532215
-0.0014800112947036136
0.0004523056835297165
-0.000894249732311731
-0.0009494202868295746
0.00029272675916288977
0.0014576180943622005
-0.000512466879908929
0.0007266349006793438
0.0008530539089103823
-0.00024196129560263017
-0.0015434677781014502
0.00038107494116884334
-0.000853473185529789
-0.0008948723762974715
0.00020145917607034905
0.0014460052805208023
-0.0005068703369701897
0.0008559474707349779
0.0008285369977948438
-0.00048541049845487983
-0.001543457363963895
0.0006449823713354029
-0.0008240709972051344
-0.0009475056781163066
0.00030436436275138834
0.0014957281703730232
-0.0004668948260160933
0.0006716252520891256
0.0008847933143550063
-0.0002624398471525392
-0.001509632730810915
0.0004258239606786003
-0.0009290805912080449
-0.0009409363826337549
0.00022205651833045217
0.001147076531549954
-0.0006180920110585599
0.0007382385999052949
0.0008475880571867283
-0.00046387731352028386
-0.001404504431758691
0.0005462237481850266
-0.0008645461825121223
-0.0009052202892576865
0.0003353415780441523
0.0015584042531374283
-0.0005483114685705683
0.0007059065349023601
0.0007980586759960382
-0.0003032878957133502
-0.0014792341317675494
0.0004235094936230872
-0.0009295047913128312
-0.000967970848799128
0.0003283577444941828
0.0013850327519362561
-0.0005721381584382602
0.0008503102791786535
0.0008520113688057257
-0.00019561170432385065
-0.0014296257121282597
0.0005790924796861608
-0.0009219585310587496
-0.0009076348869155206
0.00027981889102047847
0.0012570893019076177
-0.0004911919060347449
0.0007722886524396728
0.0008357890860555117
-0.0003513984284303275
-0.001401628357410331
0.0004421613402076568
-0.0009150364164817085
-0.0009046602161789741
0.0003370762281839837
0.0014609161251447848
-0.00041323526706612477
0.0009286034770142682
0.0008354995370551939
-0.00035290994808638565
-0.001551200070786999
0.0004246882054450999
-0.0009398151727899656
-0.0009579513868036435
0.0004343438561733195
0.0016082733798686857
-0.00048679001922352394
0.0009818514627986548
0.0008970171029575339
-0.0005115952429408487
-0.0015885458456831433
0.0004379998550569608
-0.0010199940277126824
-0.0008834408072128059
0.0004945858360753632
0.0014322360079727647
-0.0004502015222453123
0.0008826989524306561
0.0009042794986774274
-0.0004982855282176159
-0.001699122348738389
0.00039246228698742514
-0.0010386528457774012
-0.0008948415281308324
0.0003099699284049808
0.0016319983456973756
-0.000533316257459399
0.0010150348159814798
0.0008764377816872172
-0.00028587719309110807
-0.0015203510126617277
0.0004046674107505187
-0.0008237856590615694
-0.0009307758560583053
0.0003129440671533775
0.0015196172352593817
-0.0007367214303347649
0.000957412602118754
0.0008418973618067739
-0.00043294767216938475
-0.0014175818607060713
0.0005615212179188997
-0.0006936282816933114
-0.0008371298661067593
0.00035015611558342793
0.001376038237174399
-0.0007053678643374776
0.0007475138572117779
0.000790923677857602
-0.00013332129306344972
-0.0014995333374107857
0.0006242825273159762
-0.000884376512376314
-0.0008635579736582719
0.00009433290152162133
0.001511914514260411
-0.0004482574666232675
0.0006861341027359243
0.0008848404159534885
-0.00023073974155955258
-0.001387994822148185
0.0005967247634689407
-0.0007131527851494461
-0.000968719219911424
0.00023495526557525812
0.001336008559535496
-0.0004739818090706896
0.000813349667272587
0.0009267491732633843
-0.00007987562184775088
-0.0013695928161503415
0.000538214089313502
-0.0007082936716486475
-0.0008798842416833945
0.00021335867186935616
0.0014130985189386848
-0.0005687927764207568
0.0007712146529427136
0.0009215166589810844
-0.00024552904744451677
-0.0013970830407739928
0.0005791484733658592
-0.0007308735986663027
-0.0008999555050816056
0.00018264042807594237
0.0013537598546010902
-0.00043879245274101484
0.0006076169881779984
0.0009026500532202763
0.000022688895699609135
-0.0013648536450712023
0.0005876285008611251
-0.0007623146463736509
-0.0008156715308204494
0.00011569057164440171
0.0011055318491577917
-0.0006169503891231621
0.0006986698425102963
0.0008067146160358531
-0.0004484368716390673
-0.0013273411931382787
0.00045267998856600824
-0.0008283737468352298
-0.0008833872297737997
0.00012493184895249085
0.0012964017496750275
-0.0004729090215888932
0.0005862348152895272
0.0008387654027113022
-0.0001797459635644084
-0.0012999816546763882
0.0006297360130630711
-0.0009050582420079411
-0.0008367139345425142
0.00005070627852953133
0.0011069072504597999
-0.00043680024380279235
0.0006437113205537396
0.0008578304351173957
-0.00013884202730876107
-0.001295772285704252
0.000563298566634608
-0.000739187415240992
-0.0007842110136948754
0.00014369699683227272
0.0013867892625388726
-0.0005625371247217102
0.0005708875426451021
0.0008281237046183751
-0.00029708464683905376
-0.0013335709241562262
0.0004676127065716631
-0.0007065114100445528
-0.0008417352286741431
0.00019377338122980052
0.0012941217347622967
-0.0005281200316576092
0.0006860352498682969
0.00076630421439791
-0.0003017046859753419
-0.0014527006003468078
0.0003743049619745825
-0.0007331334175996475
-0.0008266454465473503
0.0002691786892216966
0.0013683177276458149
-0.00043411970759413775
0.0008000089465691253
0.0007492604376304739
-0.0002111232993708497
-0.001331832313637965
0.0004883622497204648
-0.0006682016726368902
-0.0008165894438001265
0.00032110335759641704
0.0014105936914943775
-0.00047000249882733807
0.0008455765484449562
0.0008031632226732447
-0.00038627323381269714
-0.001351220303544863
0.0003097826607913704
-0.0009241984874938815
-0.0007912267425601272
0.0001918999682559808
0.0013082810133739165
-0.00023594544169909277
0.0009927261559818765
0.0008062306395157802
-0.00033820993926299145
-0.0012899004367758133
0.00042019195945504465
-0.0009212051442440265
-0.0008205185276162132
0.00038207967235474025
0.001379513900661998
-0.00037652087566494375
0.0008383296098024869
0.0007655213344263001
-0.00033153487168740436
-0.0013621002678115706
0.00034863206902695714
-0.0009034531128663547
-0.000815742548550451
0.0003526984489864576
0.0013514304045647472
-0.00032296835872879475
0.0008596226226047734
0.0007866396075925267
-0.0003717461293546789
-0.0013835747255693542
0.00028575436062407367
-0.0008934264741173246
-0.0007983783497268349
0.0003331128295409557
0.0013234446887125941
-0.0003273335034349621
0.0008443842459912813
0.0007784315572879655
-0.00044346213036332765
-0.0013831859508618434
0.00035489188930817
-0.0008689980360298041
-0.000759923624980997
0.0003871205418336204
0.0013591206323745066
-0.0003518280070916671
0.0008351331305601858
0.0007632718937577536
-0.0003531548753525389
-0.0013821469111530258
0.000303480999698931
-0.0008452332435645418
-0.0007688569040679015
0.000324917739072707
0.0013627851763604122
-0.0003137417187860083
0.0008403240576897986