0.200000141589259
0.20001713373070926
0.20006245998401195
0.2001361582331208
0.20023829016486952
0.2003689414490795
0.20052822198978584
0.20071626624939584
0.20093323364813995
0.20117930904175144
0.20145470328092607
0.20175965385677602
0.20209442563721353
0.2024593116999885
0.20285463426897624
0.20328074576127644
0.20373802995376206
0.20422690327892712
0.20474781626124208
0.20530125510676528
0.2058877434605071
0.20650784434803504
0.20716216232008486
0.20785134582155243
0.20857608980924924
0.2093371386462683
0.21013528930482317
0.21097139491408287
0.2118463686949542
0.21276118833010077
0.21371690082492054
0.21471462792393414
0.2157555721573366
0.2168410236046451
0.21797236747684745
0.2191510926356798
0.2203788011892718
0.22165721932812743
0.2229882095951963
0.22437378481984405
0.2258161239893113
0.22731759038468294
0.22888075237388616
0.23050840733490488
0.23220360928225864
0.2339697008940662
0.2358103507925015
0.23772959712615213
0.2397318987505839
0.24182219561920854
0.2440059804017141
0.2462893838709141
0.24867927728060996
0.2511833958519372
0.25381048867030925
0.2565705018777303
0.25947480418014435
0.26253646659947544
0.26577061241074823
0.26919485879911254
0.272829879676239
0.2767001304211062
0.2808347917843015
0.28526901455554166
0.2900455832701881
0.29521717354878546
0.30084946604620716
0.3070255220772197
0.3138520606499313
0.321468676079737
0.33006173891535673
0.3398860114177875
0.3512994771528067
0.36482186734230815
0.3812380709769296
0.40179239608628114
0.4285825525607045
0.4654416938370473
0.5201942980340246
0.6116404518522899
0.7988768792328551
1.4059970823381656
-3.6129402000045574
-0.6736524015621081
0.08074708417272061
0.03160318040045625
0.08834236672843025
0.1298456147404841
0.16062006202084747
0.1845745557817154
0.2040646823847815
0.220521998815903
0.234853721358992
0.24765995151331013
0.25935330219259994
0.27022736506555406
0.2804975290878284
0.290326255483429
0.29983927030081675
0.30913625870159206
0.31829812350075365
0.32739203545442075
0.3364750284533476
0.3455966146785323
0.35480072697807175
0.36412719182662956
0.37361287037578
0.38329256248282706
0.39319974050527884
0.40336716082015706
0.41382738824509097
0.4246132597742559
0.4357583080060827
0.44729716049258206
0.45926592843594677
0.4717025963358093
0.4846474231152193
0.4981433647738422
0.5122365286435788
0.5269766698083466
0.5424177411896879
0.5586185102141472
0.5756432569250969
0.5935625709681518
0.6124542681971669
0.6324044518962466
0.6535087490348224
0.6758737588986642
0.6996187603106876
0.7248777350711255
0.751801780022736
0.7805619993993173
0.8113529943887902
0.8443971002895815
0.8799495662968745
0.9183049331492257
0.9598049458362803
1.0048484514258138
1.0539038893041683
1.1075252030091816
1.16637232031051
1.2312378093128353
1.3030819991583686
1.3830798771611492
1.4726846426524607
1.5737152545053588
1.688479250688494
1.8199486129925964
1.972017478862719
2.1498898775976043
2.360681052816863
2.614383510511794
2.925484904585521
3.315815897825598
3.8198771721606124
4.495590689594354
5.448235800171983
6.89127908103025
9.333365892037481
14.357887058722635
30.6327699155253
-234.93028234074822
-24.987709737216807
-13.234005761242866
-9.040351938648337
-6.888786360941185
-5.5803484101133085
-4.7010339292216745
-4.069773483090617
-3.5948138922245128
-3.224693458582223
-2.9283137763151568
-2.685774577649288
-2.483749856952011
-2.3129803398726776
-2.166832308751439
-2.0404287429775083
-1.9301040806052694
-1.8330501939780048
-1.7470796656030503
-1.670463394676247
-1.6018166594141654
-1.5400175666025553
-1.4841476341341242
-1.4334478022090655
-1.3872853935704474
-1.3451289704265514
-1.3065289709924723
-1.2711026333568025
-1.2385221391094097
-1.2085052025785417
-1.1808075372317137
-1.1552167769906239
-1.131547535429378
-1.1096373624426006
-1.0893434143739946
-1.070539695541374
-1.0531147605874362
-1.036969790942213
-1.0220169769085334
-1.0081781509146093
-0.9953836283655312
-0.983571221031406
-0.972685394602356
-0.9626765473383527
-0.9535003909635084
-0.9451174183382769
-0.9374924451713881
-0.9305942152461559
-0.9243950604412855
-0.9188706083082328
-0.9139995311908977
-0.9097633318914287
-0.9061461617381864
-0.9031346676322244
-0.9007178652627446
-0.8988870362112271
-0.8976356471269765
-0.8969592895670262
-0.8968556394639389
-0.8973244355275648
-0.8983674762091769
-0.8999886351693852
-0.9021938955019596
-0.9049914032836249
-0.9083915413525384
-0.9124070245763048
-0.9170530182626626
-0.922347281805822
-0.9283103401608387
-0.9349656863152684
-0.942340018600126
-0.9504635174753994
-0.9593701673694913
-0.9690981302819471
-0.9796901792247051
-0.9911942012342425
-1.0036637817129022
-1.0171588843481003
-1.0317466439371898
-1.0475022932749383
-1.0645102500513925
-1.0828653957390044
-1.1026745860873757
-1.1240584425857405
-1.1471534867631825
-1.172114695376279
-1.1991185756234368
-1.2283668872387992
-1.2600911750523713
-1.2945583247426118
-1.3320774208934252
-1.3730082770937297
-1.4177721329425503
-1.4668651876768282
-1.5208758877041069
-1.5805072408191698
-1.6466059482560689
-1.7202009143467991
-1.8025548542535057
-1.8952345085977766
-2.0002077910545673
-2.1199807437497817
-2.257794724732327
-2.4179171751968456
-2.606082226979618
-2.8301796986725534
-3.101372782784829
-3.435991606542862
-3.8589132242747284
-4.409994232434803
-5.157342302457326
-6.227735699947667
-7.887132597925678
-10.803877335069435
-17.272256029049963
-43.8067503427937
78.0327543482091
20.5452812738361
11.767809116232485
8.218857701339255
6.299635440059862
5.097646909802424
4.274450943509574
3.675591806527648
3.2205352613266673
2.8631719593724356
2.5751996492477605
2.338283995257434
2.1400254919821204
1.9717379484594453
1.827155330851422
1.7016438218950725
1.591702898353541
1.494638871311794
1.408345127036284
1.3311504838720092
1.2617122433160957
1.1989392866191997
1.1419358098484895
1.089959512280815
1.042390084439811
0.9987051525306443
0.9584616990041791
0.9212815580621178
0.8868399802072097
0.8548565340523976
0.8250878064488075
0.7973214994881682
0.7713716221880175
0.7470745471421897
0.7242857559076276
0.7028771367733999
0.6827347285601522
0.6637568268741253
0.6458523866707471
0.6289396684281721
0.6129450856779457
0.5978022198133235
0.583450974532838
0.5698368473769683
0.5569102998818967
0.5446262111332174
0.5329434021287137
0.5218242204866314
0.5112341767672999
0.5011416250913064
0.4915174819004116
0.4823349776661093
0.473569437144961
0.46519808443996347
0.45719986967808557
0.4495553145756745
0.44224637455077914
0.435256315368822
0.4285696025840898
0.42217180227452633
0.41604949176686096
0.4101901792193746
0.40458223107587565
0.39921480652923996
0.39407779824091654
0.38916177865568324
0.38445795133128907
0.37995810677244474
0.3756545823193008
0.37154022569326883
0.3676083618492571
0.3638527628239812
0.36026762030529375
0.35684752067893355
0.35358742233663276
0.35048263505390387
0.34752880126777697
0.34472187910379676
0.3420581270191446
0.33953408994419165
0.3371465868188379
0.33489269943271044
0.33276976248984086
0.33077535482918485
0.3289072917420396
0.3271636183366824
0.3255426039091584
0.3240427372871641
0.32266272312214
0.3214014791119201
0.32025813414410476
0.31923202735759604
0.3183227081273369
0.31752993698503745
0.3168536874964859
0.3162941491246801
0.3158517311166131
0.3155270674612197
0.3153210229763179
0.3152347005935375
0.31526944992267675
0.31542687719093515
0.3157088566674157
0.31611754370105183
0.3166553895194283
0.3173251579581766
0.31812994431602315
0.319073196559476
0.32015873913432674
0.32139079967982287
0.3227740389853513
0.32431358458149656
0.32601506841696676
0.3278846691434248
0.3299291596122338
0.3321559602841519
0.33457319936680546
0.33718978063056504
0.3400154600131337
0.3430609323155815
0.34633792952074366
0.34985933254072515
0.3536392985314013
0.3576934063137224
0.3620388229297167
0.3666944949571914
0.3716813689382883
0.3770226461782418
0.3827440782874616
0.388874311229591
0.39544528737943524
0.40249271728665476
0.4100566356187585
0.41818205929977564
0.42691977040901796
0.43632725228701136
0.4464698149604108
0.4574219560678988
0.46926901681066663
0.4821092102931003
0.49605612370938
0.5112418287050186
0.5278207796011136
0.5459747425203809
0.5659190880894837
0.5879109090145495
0.6122596112384412
0.6393409050347532
0.6696155412889251
0.7036547829706633
0.742175616361589
0.7860903426698336
0.8365779021664853
0.8951889172644392
0.9640046425632935
1.0458851152489823
1.144870931468137
1.2668623707823319
1.420828265282493
1.621098729284497
1.8920746136732798
2.2789588427175276
2.8759248149109444
3.9170444211146287
6.1893390453583965
15.008846124412816
-32.93933594255799
-7.836113570623518
-4.416981284579265
-3.0635395336652476
-2.338461859572099
-1.886784655849304
-1.5785274290338482
-1.3548295396410086
-1.1851620253660888
-1.0521125488803817
-0.9450244139815633
-0.8570100063833515
-0.7834198867201276
-0.7210019958016458
-0.6674133950560768
-0.6209233576342709
-0.580225685356004
-0.5443160813841512
-0.5124097073182797
-0.4838843574479734
-0.4582404209087062
-0.4350721171090538
-0.4140464672733498
-0.3948876789103248
-0.37736538455161955
-0.36128566876900264
-0.3464841416188446
-0.33282053397739403
-0.3201744384598041
-0.30844192232908835
-0.29753281101448553
-0.28736849231504014
-0.2778801284867754
-0.2690071905040121
-0.2606962487715274
-0.25289996945546767
-0.24557627680171776
-0.2386876503091091
-0.23220053212705108
-0.2260848250609437
-0.2203134654629006
-0.21486205833156366
-0.20970856434267574
-0.20483303043241075
-0.20021735706937227
-0.19584509656504343
-0.19170127775023565
-0.18777225313739385
-0.18404556533318617
-0.18050982999354553
-0.17715463304621282
-0.17397044026389585
-0.17094851756740564
-0.16808086068518505
-0.16536013300186284
-0.16277961060208174
-0.16033313366199992
-0.15801506346488353
-0.1558202444228161
-0.15374397057722072
-0.15178195612866213
-0.14993030961444004
-0.14818551141143615
-0.14654439429444113
-0.1450041268268125
-0.14356219940289985
-0.14221641280073788
-0.14096486914020448
-0.13980596517693503
-0.13873838789666143
-0.1377611124090842
-0.1368734021758013
-0.13607481164413357
-0.13536519139873388
-0.1347446959871764
-0.1342137946250695
-0.13377328504283037
-0.1334243108014858
-0.13316838248117455
-0.13300740323683538
-0.13294369932340397
-0.13298005632324683
-0.13311976196693812
-0.13336665663174577
-0.1337251928405328
-0.13420050537888667
-0.13479849401608893
-0.13552592127774293
-0.13639052830068682
-0.13740117254317258
-0.13856799207295664
-0.13990260238148977
-0.14141833326513412
-0.14313051540149568
-0.14505682900666828
-0.147217730637377
-0.14963697915323185
-0.15234228859060636
-0.15536614496321827
-0.15874683689784846
-0.1625297681864628
-0.16676914630735187
-0.1715301786403822
-0.17689196364371443
-0.18295134761171936
-0.18982814518104626
-0.19767232115987926
-0.20667405051374538
-0.21707809821348034
-0.22920484961528576
-0.24348187915267616
-0.26049277919141306
-0.2810553621375169
-0.30635214659141863
-0.33815902190732294
-0.3792706257704757
-0.4343528997926953
-0.5118238745129677
-0.6285732744053528
-0.8241990537412425
-1.2184700637183836
-2.4215091504736086
27.691167708868864
2.2129392699182557
1.1016832476957685
0.7244240322637345
0.5347053898124963
0.42063453680106405
0.3445588482995271
0.2902553605016851
0.2495845422950011
0.21801343753484975
0.19281737416493827
0.1722600742752903
0.1551827629472511
0.14078251707279105
0.12848542124938844
0.11787036876789604
0.10862138851782482
0.10049677077568596
0.09330846889775819
0.08690799649167553
0.08117654974310422
0.07601794833418804
0.0713534992343291
0.0671181988297216
0.06325788348199664
0.05972706324195242
0.05648725498203855
0.05350568559708236
0.05075427284437402
0.048208816868101585
0.04584835329175594
0.043654631426349996
0.04161169024763928
0.03970551141972622
0.037923733514482166
0.03625541519645029
0.03469083785874901
0.03322134025120448
0.03183917921112115
0.030537411814404756
0.029309795200611884
0.02815070105603706
0.027055042313060683
0.02601821007798861
0.02503601916083907
0.02410466086951374
0.02322066196330322
0.022380848848668467
0.02158231625300962
0.020822399736856775
0.020098651507201734
0.01940881907893615
0.018750826401023657
0.01812275712189432
0.017522839716737286
0.01694943423970829
0.016401020497906565
0.01587618747247876
0.0153736238362938
0.014892109438038896
0.014430507639941238
0.013987758411107026
0.01356287209111374
0.013154923749336805
0.012763048074798142
0.012386434739355173
0.012024324183979813
0.01167600378387584
0.0113408043533911
0.011018096956208628
0.010707289990245436
0.010407826520134006
0.010119181833175952
0.00984086119730228
0.009572397801893088
0.009313350864355713
0.009063303887161107
0.008821863051627049
0.008588655736146625
0.008363329147805012
0.008145549057435492
0.007934998629148853
0.007731377336245219
0.007534399956199627
0.007343795638107988
0.007159307036603772
0.006980689506814591
0.006807710355426227
0.006640148143372983
0.006477792036073807
0.006320441197500491
0.006167904224687995
0.006019998619594926
0.005876550295486454
0.005737393115255427
0.0056023684593139575
0.005471324820885837
0.0053441174267098305
0.005220607881327532
0.005100663833274907
0.004984158661635001
0.004870971181529202
0.004760985367237104
0.004654090091738103
0.004550178881559367
0.004449149685901639
0.004350904659091022
0.004255349955477277
0.004162395535964319
0.0040719549854181395
0.00398394534025318
0.0038982869255485214
0.0038149032010918434
0.0037337206157918214
0.0036546684699393095
0.0035776787848338897
0.003502686179325916
0.0034296277528549817
0.003358442974594717
0.003289073578339581
0.003221463462794716
0.0031555585969511067
0.003091306930250901
0.003028658307265597
0.0029675643866288984
0.002907978563982024
0.002849855898705171
0.0027931530442229487
0.0027378281816849972
0.0026838409568356973
0.0026311524198979826
0.0025797249683075572
0.0025295222921433284
0.0024805093221096836
0.0024326521799346
0.002385918131055923
0.00234027553947564
0.0022956938246691348
0.002252143420442914
0.0022095957356406885
0.0021680231166032304
0.0021273988112931394
0.0020876969350004447
0.0020488924375498836
0.0020109610719352077
0.0019738793643098687
0.0019376245852674244
0.001902174722348786
0.0018675084537167572
0.0018336051229415474
0.0018004447148441093
0.0017680078323468326
0.0017362756742840308
0.0017052300141270084
0.0016748531795809213
0.0016451280330129837
0.001616037952673576
0.001587566814673798
0.0015596989756850096
0.0015324192563274837
0.0015057129252171782
0.0014795656836409678
0.0014539636508323769
0.0014288933498211663
0.0014043416938313944
0.0013802959732039301
0.0013567438428205103
0.0013336733100076162
0.0013110727228993653
0.001288930759239829
0.0012672364156059036
0.0012459789970329803
0.0012251481070262619
0.0012047336379416562
0.0011847257617207023
0.0011651149209648487
0.0011458918203349911
0.0011270474182629602
0.0011085729189621175
0.0010904597647248765
0.0010726996284955589
0.0010552844067074096
0.001038206212373253
0.0010214573684195535
0.0010050304012543052
0.0009889180345594225
0.0009731131832988633
0.0009576089479339495
0.0009423986088378779
0.0009274756209016725
0.0009128336083241499
0.0008984663595788742
0.0008843678225512782
0.0008705320998395251
0.0008569534442128394
0.0008436262542214234
0.0008305450699522184
0.0008177045689250961
0.0008050995621241987
0.0007927249901594807
0.00078057591955361
0.0007686475391496046
0.0007569351566348504
0.0007454341951771933
0.0007341401901690987
0.0007230487860759248
0.0007121557333846089
0.0007014568856491565
0.0006909481966294673
0.0006806257175202153
0.0006704855942665685
0.0006605240649637264
0.0006507374573372895
0.0006411221863016932
0.0006316747515939458
0.0006223917354800993
0.0006132698005319105
0.0006043056874713068
0.00059549621308034
0.0005868382681743634
0.000578328815636329
0.0005699648885101046
0.0005617435881508553
0.0005536620824305327
0.0005457176039966786
0.0005379074485827313
0.0005302289733681541
0.0005226795953867127
0.0005152567899813448
0.0005079580893040819
0.0005007810808595411
0.0004937234060905989
0.0004867827590048451
0.0004799568848405337
0.0004732435787707289
0.0004666406846444449
0.0004601460937635855
0.00045375774369455955
0.0004474736171134438
0.0004412917406836628
0.00043521018396515713
0.0004292270583540299
0.0004233405160517492
0.0004175487490629636
0.0004118499882210584
0.0004062425022405815
0.0004007245967957152
0.0003952946136240083
0.0003899509296545654
0.000384691956159979
0.00037951613793125777
0.0003744219524750745
0.0003694079092326418
0.00036447254881957905
0.0003596144422861346
0.00035483219039715434
0.00035012442293120817
0.0003454897979983117
0.00034092700137568313
0.0003364347458610153
0.00033201177064273165
0.00032765684068674646
0.00032336874613923594
0.0003191463017449541
0.0003149883462806483
0.00031089374200313327
0.00030686137411160255
0.000302890150223766
0.0002989789998654174
0.00029512687397305516
0.00029133274440917487
0.00028759560348987485
0.00028391446352443777
0.00028028835636653563
0.0002767163329767383
0.00027319746299601174
0.0002697308343298912
0.00026631555274303677
0.0002629507414638825
0.0002596355407990973
0.00025636910775758784
0.0002531506156837851
0.0002499792538999465
0.00024685422735724443
0.0002437747562953893
0.00024074007591055554
0.00023774943603139222
0.00023480210080289193
0.0002318973483779134
0.00022903447061614054
0.000226212772790293
0.00022343157329938288
0.00022069020338883684
0.0002179880068772931
0.00021532433988990482
0.0002126985705979767
0.00021011007896475794
0.00020755825649724323
0.00020504250600381514
0.00020256224135758156
0.00020011688726524944
0.00019770587904140486
0.00019532866238804712
0.00019298469317924954
0.00019067343725080626
0.00018839437019474605
0.00018614697715858234
0.00018393075264917826
0.0001817452003411119
0.00017958983288942593
0.00017746417174665006
0.00017536774698398663
0.00017330009711655835
0.000171260768932612
0.00016924931732658157
0.00016726530513591054
0.0001653083029815429
0.00016337788911199283
0.0001614736492508966
0.00015959517644796898
0.00015774207093327525
0.00015591393997473884
0.00015411039773880232
0.0001523310651541695
0.00015057556977854627
0.00014884354566831558
0.00014713463325106524
0.00014544847920090824
0.00014378473631652315
0.000142143063401848
0.0001405231251493676
0.00013892459202592857
0.00013734714016102454
0.00013579045123748694
0.00013425421238453126
0.000132738116073097
0.00013124186001342916
0.00012976514705484836
0.00012830768508765593
0.0001268691869471278
0.00012544937031954103
0.00012404795765019353
0.00012266467605336377
0.00012129925722416899
0.00011995143735227587
0.00011862095703741966
0.00011730756120669493
0.00011601099903356854
0.00011473102385858354
0.00011346739311170938
0.00011221986823630377
0.00011098821461464585
0.00010977220149500976
0.00010857160192023776
0.00010738619265778457
0.00010621575413119349
0.00010506007035297651
0.00010391892885886574
0.00010279212064340266
0.0001016794400968382
0.00010058068494331255
0.00009949565618028747
0.00009842415801919963
0.00009736599782731288
0.0000963209860707382
0.00009528893625859862
0.00009426966488831117
0.0000932629913919625
0.00009226873808375586
0.00009128673010850052
0.0000903167953911271
0.0000893587645872017
0.0000884124710344199
0.00008747775070505623
0.00008655444215935158
0.00008564238649981602
0.00008474142732642833
0.00008385141069271129
0.00008297218506266549
0.00008210360126854325
0.00008124551246944211
0.00008039777411070399
0.00007956024388409894
0.00007873278168878098
0.00007791524959299448
0.00007710751179652013
0.00007630943459384106
0.00007552088633801689
0.00007474173740524674
0.00007397186016011155
0.00007321112892147807
0.00007245941992905063
0.00007171661131055917
0.00007098258304956867
0.0000702572169538975
0.00006954039662463105
0.00006883200742572023
0.00006813193645415085
0.00006744007251067328
0.00006675630607107931
0.00006608052925801689
0.00006541263581333073
0.00006475252107091681
0.00006410008193008246
0.00006345521682940009
0.00006281782572104528
0.00006218781004560829
0.00006156507270737137
0.0000609495180500395
0.00006034105183291889
0.000059739581207530595
0.0000591450146946534
0.000058557262161785575
0.00005797623480101764
0.00005740184510730773
0.00005683400685715221
0.000056272635087642705
0.000055717646075901595
0.00005516895731889024
0.00005462648751358019
0.00005409015653748242
0.000053559885429524954
0.000053035596371274734
0.00005251721266849529
0.00005200465873303334
0.00005149786006502926
0.00005099674323544361
0.00005050123586889508
0.00005001126662680165
0.000049526765190821215
0.00004904766224658474
0.00004857388946771629
0.00004810537950013442
0.00004764206594662953
0.00004718388335171266