0.20000012617782548
0.20001286115706807
0.20028123073125983
0.2000584954620424
0.20036150935350264
0.20041223422483667
0.2009552675128919
0.20057091823779682
0.20066647971663365
0.20082054992489295
0.20151045208177898
0.20222421626909756
0.20248009141623088
0.20288092413192835
0.20341487567500988
0.20320159654843753
0.20309202216388247
0.2037194622993576
0.20413782608770786
0.20453688883857668
0.20599760923238536
0.2073315461402489
0.20780736898848343
0.2085978490300037
0.20946106463376762
0.20922338931224274
0.20908571028882222
0.21020453205609443
0.21095693133710827
0.21165989306883684
0.21385279940101712
0.21597930635054308
0.2165968617691682
0.21787115568403836
0.21922351409810437
0.21899668411540965
0.21891418169132185
0.2206330581463579
0.22178987169073042
0.2229171365614053
0.22595359736619755
0.22888129118797698
0.23003261209663756
0.23176136505765596
0.23375962062394087
0.23385652596658654
0.23405303036356104
0.23646807348834453
0.23841437684122033
0.24020004271417944
0.2440779708431483
0.24807894194027205
0.2500313766664194
0.2523816009551098
0.2555154126746643
0.25659012169120415
0.25768565399497334
0.26104859133237146
0.26490242742039466
0.26750374788991343
0.27249110733000426
0.27803241662698486
0.28239300744988105
0.2851704562526204
0.2912744580759846
0.2961650966198223
0.30051738428974
0.305236860735278
0.3167794039097382
0.32171326599555033
0.3273738888512963
0.3370816264754177
0.35307735814724134
0.3509734923220767
0.37510834888750916
0.41143244652733346
0.44471991739364813
0.46511288351617197
0.6836204455586755
0.7393784411808704
0.7911419330483811
0.8650733099111703
1.064177674513711
-1.1062329976916787
-0.23302105130358647
0.08900017045954635
0.17077614391514828
0.13832047527619748
0.17468277913450275
0.1862756190900313
0.19797400069228896
0.21791460852955719
0.23954500264320974
0.24938399721057464
0.26465009577592147
0.27104082352212927
0.2747670245796728
0.2848723511214153
0.2933131194481452
0.30119997524496067
0.3193192299653552
0.33657506104213936
0.3422350418401956
0.35510438574861136
0.3644643167837513
0.36212178918602234
0.3618034343552609
0.3769225814622534
0.3809079312088344
0.3916012591493144
0.4168567090782957
0.43881878731096746
0.44315357404857025
0.46236608844444604
0.4733184310879844
0.46790996522281864
0.4666890246497737
0.48967942346077414
0.49286972460772416
0.5094866932026331
0.5478597529870328
0.5800410456513545
0.5862484583809471
0.6180935653159916
0.6340802799503504
0.62588534503146
0.6254336365677072
0.6643223415395713
0.666674449359549
0.6961198592363038
0.7616705645720435
0.8147735725884927
0.8280537154309082
0.8899692668662001
0.918295209987672
0.9071688525814425
0.9090259329517572
0.9891550238353907
0.9760974818906764
1.0451186361932183
1.1917812840772548
1.2886520843747613
1.3355543188018413
1.5356816626493575
1.5719742432934611
1.619470389746232
1.6721959223599354
1.7259728753819967
1.9000682558327189
2.0443645037413885
2.3524814322497303
3.2596087305568386
2.7224121641552923
3.6817699755918065
4.230852488949998
4.135760252858366
4.48756901395561
5.4111022880730815
7.191164552363665
10.183566440683999
14.552940178938753
-22.68038986971454
-9.969407114144191
-9.10648690943046
-7.293906269997802
-7.196221236278139
-6.765939005768491
-4.829942412958806
-4.53312518429555
-3.864309885601958
-3.115921323654467
-2.695430023010295
-2.6033275000917286
-2.3386861035731146
-2.216000417511222
-2.206956355523257
-2.149357253233721
-1.9591551807643
-1.906735684366736
-1.7967225675640695
-1.6486667105400963
-1.5454651632728567
-1.5229724307623296
-1.442032426186135
-1.4040928854912262
-1.4009685274731758
-1.3816782926192093
-1.317454192018631
-1.2996316831320927
-1.2592105976256593
-1.1999002935172136
-1.1564070667015616
-1.1481823654698469
-1.1116003027109078
-1.0948956507065688
-1.096130201978133
-1.0895496188459575
-1.0592288383008828
-1.0529841032162197
-1.0339906424522318
-1.0035923470012567
-0.9807234783150355
-0.9787755800827961
-0.9603657030040055
-0.9531042162509804
-0.9572216835528055
-0.9565529139619855
-0.9420476544432242
-0.9416010790178619
-0.9337993875143882
-0.9163155622408966
-0.9028382226639985
-0.90559043176317
-0.8959518026183754
-0.8942654509561939
-0.9032087521553435
-0.9082281076185945
-0.903509997654555
-0.9066062544952431
-0.9054874368813283
-0.8958870110268766
-0.8871548921067576
-0.894974001420773
-0.8922259186210203
-0.8943448791130723
-0.9105432122030175
-0.9216328217612877
-0.9237388122297929
-0.9327979798935307
-0.9390166565315924
-0.9348813401126198
-0.9296759989481408
-0.9444625756937741
-0.9484267887423784
-0.9489519456842527
-0.9834481590163177
-0.9993061530657158
-1.0089296581378728
-1.0239016692796203
-1.0307098008601456
-1.0382375248672457
-1.04596492747039
-1.0508647208142183
-1.091927048049141
-1.1093996466275526
-1.1438209252982974
-1.2073730927022368
-1.2156306692895151
-1.24197269667004
-1.2876075423153213
-1.290094054714634
-1.2991601680290392
-1.3382301694276364
-1.392348673727113
-1.4317077700854797
-1.5162874742960042
-1.6379073050307633
-1.6869987361304881
-1.7517166661670684
-1.8662564200809248
-1.887092508558371
-1.918704045734193
-2.033925966641295
-2.1796264157473746
-2.3112928294091457
-2.5888743417136664
-3.0230279112663085
-3.237005662606746
-3.5651180170753687
-4.185875257835315
-4.343073649722088
-4.604528432792558
-5.442753480977207
-6.682643643021078
-8.654496629028285
-15.064642297794427
36.301636603804276
15.139228627984394
14.45515751582515
9.335015333906114
8.081214814298319
7.488366056772253
5.5589258273456315
4.620333863539861
3.9880784968319882
3.2097728772677696
2.685676825613169
2.445670415979493
2.262987940244607
2.0475214439741736
1.9755620394057603
1.9083633605358972
1.76269770425315
1.6505110484249503
1.555456375657395
1.4140624406164244
1.2928482869680633
1.2338723601169728
1.18232121341695
1.118646365884422
1.092186204838098
1.0730802115372926
1.014379708397527
0.9735045894428545
0.9431998986986648
0.8888769444433556
0.8409162856677643
0.8145598130754174
0.7911582464724671
0.7616377384326773
0.7484793867050037
0.7349488082446944
0.7114120739070604
0.6900233134672941
0.6746791417638665
0.6469277151405026
0.6219618034108809
0.6083865192040451
0.5953172486132036
0.5794452984807056
0.5709035212867181
0.5641088756944711
0.5495674760325415
0.5373349115534276
0.526824345353032
0.5105219111659262
0.49737690265446255
0.4892130311519351
0.4811868465900386
0.47187431474738817
0.46617384423574465
0.4612005878441432
0.452762022643993
0.4448748402381549
0.4375615454668361
0.42946812622938635
0.42097190642995086
0.41514237562420425
0.4094396044363915
0.40377684790617574
0.3996896080162557
0.39577547192961127
0.3905591148397252
0.38560946664237994
0.3810129922951841
0.37588486216587147
0.37113088020666074
0.3673208694821036
0.363341256053473
0.3601449652861369
0.3571632931961813
0.35421091961635964
0.35096976149959036
0.3479113055326384
0.34513871670071117
0.3423019406604426
0.3395606831497209
0.3371342097739271
0.33529254787727325
0.3329974499124206
0.3308512673639712
0.32901679216571905
0.3273432394343216
0.3252902490018018
0.3238978049154668
0.3227523492957735
0.32162905317503965
0.32033441018201714
0.3197800004354922
0.31880924354518897
0.3174329148737315
0.3167217755591588
0.31623155701185945
0.3156798097270702
0.3155831401005627
0.3155308026873946
0.31553698034030503
0.31563614842465054
0.3157435800333176
0.3159792425673994
0.3160328728008588
0.3161458612816888
0.31725456710333955
0.31762334010430104
0.31864486524336894
0.32021691803197555
0.3216013429266524
0.32278328573357995
0.32453913185233124
0.32611305399567597
0.3275639471746882
0.32940747515025864
0.3319097295328525
0.3338364539954738
0.3365814319594174
0.3397232923339529
0.3429077469916613
0.34582086482014085
0.34988598250511876
0.35309775910700786
0.35679091470727
0.3613260497158989
0.3673168582352495
0.3703575166307442
0.37611093389221845
0.3838986065025151
0.38814593186893664
0.3934180677404829
0.40153358192690436
0.4083553795667685
0.4158740021143244
0.42564255327021955
0.4349267062519861
0.4437473904081378
0.4555678641622113
0.4664830796409403
0.4780840909553896
0.49077942337083513
0.5098012038952567
0.5215977982572298
0.5387379576012772
0.5622454495616187
0.5934093887372893
0.6043279535289225
0.634997040277432
0.6642810524923347
0.7029628923555182
0.7242758881269019
0.7760544587940691
0.8152881872480161
0.8725530327544521
0.9486378813747012
1.0484518341682172
1.0853434320437518
1.2535308971617012
1.4506677350387924
1.5526152353945397
1.7450743880654758
2.166444184030289
2.590168732480803
3.3231937964287432
5.5358457127177685
14.820981338677145
82.46237763072214
-8.599904768630314
-4.407166210333852
-3.1994504496582414
-2.677230249939955
-1.7391600505070954
-1.6708464990639953
-1.4608570728057861
-1.2244727420565236
-1.039550302272084
-1.0173300459941366
-0.866675700764093
-0.779994241468085
-0.7278040465945008
-0.69867348845675
-0.6166653607390039
-0.5938450498914576
-0.565403598737406
-0.5227030582794222
-0.4768637224375607
-0.478517718610081
-0.4371558785470463
-0.4097606983748081
-0.3961235317742517
-0.3883460419010196
-0.35528845267096665
-0.3502228901012718
-0.34259820663080975
-0.32491106291894223
-0.3041410813388864
-0.30760476181141133
-0.28757254573109714
-0.2740783959098652
-0.2676919945361872
-0.26597015414232356
-0.24768634867389794
-0.24664685314063595
-0.24443057892866124
-0.23520937531386166
-0.22290768197320626
-0.2284477953418067
-0.21472445540319238
-0.20624893628176427
-0.20283123151222712
-0.20324170026144425
-0.1907168553791687
-0.19116443740205857
-0.1925513487194167
-0.1860812331715837
-0.1780796171881116
-0.19272968204190152
-0.17180027674258425
-0.1685293404547913
-0.16663330627939577
-0.16511961804789305
-0.16256071233852784
-0.161413971847441
-0.16025140645191296
-0.1590529855480702
-0.15810292751743638
-0.15430614912505564
-0.15101328703125144
-0.14509964811692921
-0.1441789755495292
-0.14771612975266346
-0.14012560463479987
-0.1420329678426358
-0.14319155239503417
-0.1422075665068315
-0.13776050110095844
-0.14044812591853129
-0.13780965313412588
-0.13409501242700278
-0.13327315819804328
-0.13613528290565774
-0.1314322975834506
-0.1331477926333936
-0.13502532341963994
-0.13516671787224743
-0.13237463558631998
-0.13512380911515687
-0.13379719399371184
-0.13158976290250418
-0.13143417129449778
-0.1341952471672622
-0.13179168268325528
-0.13381871292881864
-0.1364002457124048
-0.13759538269676677
-0.13699497936173857
-0.13977289946916333
-0.14014624957482627
-0.14011332991462055
-0.14129412978041966
-0.14447267147036102
-0.14551246088750905
-0.14827929430763165
-0.1517089257365185
-0.1550001746056191
-0.15786619564452323
-0.16131759249938732
-0.16546664189887766
-0.17016494727397508
-0.17513963229826687
-0.18021038970105901
-0.18902590735018562
-0.1954743109373595
-0.2016907398662628
-0.2112832224462319
-0.22642358356303133
-0.23276616835062133
-0.2516181159159092
-0.2795747049853541
-0.3068215636816668
-0.32131438302868737
-0.3901259015618454
-0.4212803155175407
-0.458221082472668
-0.5502830382183455
-0.7925579361863324
-0.866291130584634
-1.6943914891521221
19.095481990799495
1.587483496577827
1.03980743385959
0.6335391753825727
0.516628179489361
0.4595803501021657
0.37743280595143774
0.2887673109832313
0.2773116405390341
0.22270064694924674
0.18890967308813927
0.16962610975169776
0.1571462248626401
0.1271696278688295
0.12228889533926608
0.117533999712032
0.11339833957504232
0.11018983935702387
0.09384134563927098
0.0873133135070718
0.08105887301248287
0.07592822237408527
0.07212301568261902
0.06768240127266854
0.06367306988309117
0.060030393912579284
0.05672774287890683
0.05405823754821808
0.05068692182986445
0.04865305606618433
0.046763673758118525
0.044489562063897516
0.041744830793218515
0.04096297355045697
0.038598584977172785
0.03623690057686785
0.034666165175596064
0.03388858525656405
0.03139917301231601
0.030716897273088732
0.03031830236864869
0.029282445515925966
0.027185226584162205
0.027455350279770738
0.02576671799715929
0.023852199542087258
0.022793556611335163
0.022916416225961203
0.02077513056063412
0.020730436332347654
0.021121489173686617
0.020591179673873028
0.018814415772659954
0.019615213503045754
0.01828515830183097
0.016458528396392672
0.015682025730819837
0.01634762775913032
0.014356104885895508
0.014658372109764345
0.015414241244486539
0.015229849574973378
0.01358949440780366
0.014738349056847854
0.013533251238374384
0.0118770286722827
0.011186354356636207
0.012073548777920424
0.0102308656242785
0.010715365009962827
0.01164000141522698
0.011672375440164657
0.010181911902949765
0.011419845825673302
0.01034045176110884
0.008696040158584469
0.008105749044660944
0.009178630983688431
0.007393909499980853
0.007946967554303658
0.00907682708251794
0.009227974891429607
0.0076700289010613945
0.009068687283269814
0.008096967904629314
0.006554342948939533
0.005999322329156838
0.007039033482645818
0.005415926962737456
0.006025936660828236
0.007337026115183491
0.007476830638758693
0.006026967789670799
0.007374960176739355
0.006487284541769587
0.005003481917227984
0.00444068184648882
0.005590750598175375
0.004049845640078803
0.00454701790139695
0.005871287026665771
0.006169257724768218
0.004789237925219851
0.006135744423509415
0.005329069407873596
0.0038563137471503625
0.0032346795623488783
0.004346782322698178
0.002840233293712455
0.003485536139814703
0.004740655933831182
0.005111713217335883
0.003920806239759074
0.0050704399510304865
0.004414662319697693
0.0029574176546110784
0.0023705992886880432
0.003531329184798951
0.0020232553344634646
0.0027328321959795084
0.004080447895933866
0.004392618970852319
0.003197046498716864
0.0045134848074145995
0.003713433456234359
0.0023726365524140247
0.0018813769307223953
0.002867354291658944
0.0015615923613194152
0.0020499340650564617
0.003350031745973132
0.0038288284630159865
0.0027563753083696746
0.0038578994825733655
0.0032021944199743337
0.0018050074646690224
0.0012678103800874744
0.0024097230771000433
0.0009655818981344539
0.00153274044413986
0.0028524898948101133
0.003306688716805451
0.0022549587332619664
0.0034299229409514758
0.0028273002932833534
0.0014837606314861236
0.0008938381772157293
0.001956915511215007
0.0005309027594713535
0.0011439528914032407
0.002323506585210527
0.0029756116157080453
0.0017889612054203987
0.003094654502522496
0.0024402623606591092
0.0011641544705022684
0.0005400489709524915
0.0013854419070318512
0.0004975721373142221
0.0007882327115165577
0.0020856870046304828
0.0026471006427917602
0.0013695006319588007
0.0027047668024064875
0.0023034484072813753
0.0009517589711037398
0.0003058926948306994
0.0012747079287316425
-0.000026281792841042843
0.0006385175357999021
0.0019492058708519386
0.002410159746999029
0.0015429541966067036
0.002474111898186029
0.0020180486639219362
0.0007616497525063866
0.0000999619063690668
0.0008971199864495025
0.00004753615328790539
0.0004273673445695962
0.0015385850908358684
0.0021713949642610192
0.0010949918653562008
0.0024440164036003335
0.001717979990446629
0.0004776280536901825
-0.00012756286977429838
0.0008276988452464552
-0.00010369116933351815
0.0002633902190562184
0.0015654113909853145
0.0019911165124889703
0.0009993751157260427
0.002058012026118511
0.0015161624497624499
0.0002278117908928206
-0.0002331037893777929
0.0006516435756763082
-0.0003474362135311149
0.000109360470365187
0.0012894222757973643
0.0019599180969433515
0.0010465074733086344
0.001914541566666838
0.0014864706436647486
0.00006418083070052029
-0.00039170987472620267
0.0005079885211582138
-0.000587425350882825
0.00001673516132591519
0.0011240704608912577
0.001792963801017287
0.0008202334400116211
0.001976224332108205
0.0013142075964076814
-8.757091395539001e-7
-0.0005115923026135567
0.0005843870945294919
-0.000647961650452315
-0.00009787056490316844
0.0012396154189661549
0.0017388441769251538
0.00046686167694858725
0.001755677827788903
0.0012373390547189963
-0.00012930301775095686
-0.0006558367283710301
0.0005411460326480744
-0.0008304893964206807
-0.00013969698128448463
0.0011573747761690037
0.0016887504740128228
0.0006807474390626684
0.0017872398382210257
0.0011856549083950946
-0.0003155997321981933
-0.0007259463824171819
0.0005597069337608167
-0.0009468693466653174
-0.00027393632214124626
0.0011400528597618903
0.001596834043951049
0.00034088031230662777
0.0017240917295348248
0.0011002514105947951
-0.00029820050351198036
-0.0006851308686381871
0.00032663845126505026
-0.0008523849793032938
-0.00026562366442658367
0.0009075946971883876
0.0015162071781348622
0.00048272138994510255
0.0012720043635816175
0.0009860320098141813
0.00008090920815635985
-0.0006947008868992576
0.0003512778691854162
-0.0008191595476822875
-0.0003076799443100396
0.0008963601329545411
0.001487932162800057
0.0005318121080952339
0.0013385319299945022
0.0010638290752323057
-0.0002479040686934027
-0.0007867022514392758
0.00009002180096649576
-0.0008066832971391103
-0.0003659086099555638
0.0006893172210415417
0.0013202159619241512
0.0003518789678608121
0.001489501114967507
0.0010368637241033856
-0.00038254256297473355
-0.0008506601387430211
0.00006869865758605622
-0.0009233785944210661
-0.00046144513950912734
0.0007991905693345094
0.0013542567878922788
0.00033093755938999066
0.0013532099390052093
0.0010029257841712392
-0.00018932697275537622
-0.0007695620628960154
0.000056370372991292214
-0.0010033701062603752
-0.0005303805163543421
0.0008888432601506465
0.0013518300885826705
0.0003337367905548705
0.0014116126309179845
0.000983483418621219
-0.000229786748179146
-0.0008702056658516321
0.00013601421248920684
-0.00097895532198291
-0.0004978006078534795
0.0007237486803424514
0.0012469601947222174
0.000333154514285945
0.0013555255095426537
0.0009221009975010103
-0.0001428629611633724
-0.0008728150985436763
-0.00008803919025009521
-0.0009035525291269659
-0.0005853040838786314
0.0006339597224279055
0.0012525909481633588
0.0006136813999928752
0.0011445628740574456
0.0008263837471224237
-0.0004119171818299451
-0.0009230096334857797
-0.000023885023316718303
-0.0009613099653094674
-0.0005142715103032019
0.0006672919187733986
0.0011602925265590948
0.00029772189691460425
0.0013524471493689624
0.0008091124413022776
-0.00036652815181726446
-0.0009035422929067491
-0.000113519083050511
-0.0007399287492127039
-0.00048409440644270677
0.0009642010000391326
0.0011668727800894854
0.0005740910459124268
0.0013205039190691218
0.0008458677971067961
-0.0001929350575365768
-0.0007875954101261415
0.000050885454427245296
-0.0008772063381214814
-0.0005328318065105251
0.0006337980358535559
0.001157075387603208
0.00021537300013907233
0.001216969975565537
0.0008504646076165092
-0.00019155384271908862
-0.0009088926093662902
-0.00011263120632184493
-0.0008567017110104264
-0.0005127354580250956
0.0005467275361682356
0.0010840295009619245
0.0002725446947330227
0.0011339170044585142
0.000754149843241263
-0.0005982374888753254
-0.0009331636403320508
0.00012177463291579622
-0.001093315425411455
-0.0005304156684198114
0.000518274549381425
0.001129270171543988
0.00010166670908468752
0.0012174072814284684
0.0007121653621359725
-0.0004571739751279566
-0.0008989266664839632
0.0001204852954514896
-0.001084525163492948
-0.0005774741913376069
0.000634462086103307
0.001125708873894547
0.00006205679503802241
0.001235440717517083
0.0007047372180407336
-0.00047641601202061607
-0.000962451601259075
0.00005887295582111292
-0.0011642048732012076
-0.0005037600925164861
0.0005518784749813259
0.0010723828104570623
0.00011047324398687141
0.0014107966016344258
0.0005793979591479527
-0.0004432562044170419
-0.0009917185796809338
0.000052630089804026604
-0.0011035872480402937
-0.0005113965641166799
0.0006788280457317816
0.0011275155940758262
0.00004053347156962879
0.0013097936955256985
0.0006654987999539599
-0.0005172711464145785
-0.0009542485436112925
0.0001268718571926134
-0.001160070343526743
-0.0004673627460892114
0.0007029474780909626
0.0010942361688538902
0.000015631218509802154
0.0013195124018775429
0.0006343397949377283
-0.0005313619317329725
-0.0009519202596803104
0.00012474106212552214
-0.0010996419561095329
-0.0005096227150149232
0.0006577577832365717
0.0010494882960414478
0.000023687359090583205
0.0012828412123946863
0.0006250013746881767
-0.000515813969206255
-0.0009820527739327453
0.00006574035054612727
-0.0010302113335758326
-0.0005127174440957354
0.0006438407720589288
0.001061397830081359
-0.00003176345886472478
0.0012065966429960738
0.0006156835790434291
-0.000597397652027823
-0.0009527309236173019
0.00012688642491111575
-0.0011443008926345238
-0.0005003550849126752
0.0006523057200317475
0.0010319513361542445
-0.00002608360843055648
0.0012473051845838723
0.0006135795381215086