-2.1837953509911453e-17
-3.531555571918313e-12
-9.077223361592145e-11
-6.505177149494676e-10
-2.7153402458952634e-9
-8.418678628036184e-9
-2.1667016303501166e-8
-4.917850935087366e-8
-1.0214482210486927e-7
-1.9897069460216085e-7
-3.699281051421078e-7
-6.653309251750469e-7
-1.170458557325539e-6
-2.0340803866281333e-6
-3.526090214211985e-6
-6.162209693480125e-6
-0.000010998138280588525
-0.000020405808013197267
-0.000040458875410973106
-0.00009007035318847099
-0.00025091561323515525
-0.00122715634105966
-0.0678250185367163
-0.0016567425081285714
-0.0005085588743603543
-0.00026889161633746836
-0.0001778443677597075
-0.00013276182395850642
-0.0001068302770899467
-0.00009042075502468229
-0.00007933858198852004
-0.00007150044590351132
-0.0000657682724898693
-0.00006147363775170427
-0.0000582009306507719
-0.00005567957076038018
-0.000053726603180607126
-0.00005221434554832719
-0.00005105127267591664
-0.00005017026119650484
-0.000049521107509127986
-0.00004906562129040117
-0.0000487743227013282
-0.000048624167156199256
-0.00004859694543259445
-0.00004867813781548483
-0.0000488560797777445
-0.000049121345399759534
-0.0000494662855442176
-0.00004988467771995371
-0.00005037145769681889
-0.00005092251174215383
-0.00005153451435766498
-0.000052204800555515105
-0.00005293126463393938
-0.00005371227949064571
-0.000054546632008711386
-0.00005543347113930704
-0.000056372266107810864
-0.00005736277276607162
-0.000058405006561453204
-0.00005949922093229737
-0.0000606458901988457
-0.00006184569621855705
-0.00006309951823020183
-0.00006440842543334004
-0.00006577367194626764
-0.00006719669386307034
-0.0000686791081927993
-0.00007022271351503568
-0.00007182949222858307
-0.00007350161430571281
-0.00007524144249516931
-0.0000770515389438645
-0.00007893467323133209
-0.0000808938318329482
-0.00008293222904868674
-0.00008505331945424786
-0.00008726081195112676
-0.00008955868551241957
-0.00009195120674196913
-0.00009444294938645727
-0.00009703881596381293
-0.00009974406169691299
-0.00010256432096998963
-0.00010550563655656213
-0.00010857449190295841
-0.00011177784679103421
-0.00011512317674870958
-0.000118618516627878
-0.00012227250882746327
-0.00012609445670619293
-0.000130094383806267
-0.00013428309959738588
-0.0001386722725528127
-0.00014327451148735736
-0.0001481034562246475
-0.00015317387882109103
-0.00015850179676102713
-0.00016410459975642062
-0.0001700011920416184
-0.00017621215235630845
-0.00018275991416734686
-0.0001896689691031603
-0.00019696609707723373
-0.00020468062717583
-0.00021284473410067894
-0.00022149377581557619
-0.00023066667907779855
-0.0002404063807818417
-0.000250760334552924
-0.00026178109386529324
-0.0002735269852031029
-0.00028606288753337916
-0.00029946113774814487
-0.0003138025859240299
-0.000329177829456512
-0.0003456886616312957
-0.0003634497783613513
-0.0003825907971244347
-0.0004032586552144944
-0.00042562047111771004
-0.0004498669742702767
-0.00047621663618257695
-0.000504920672008486
-0.0005362691289621753
-0.0005705983405097913
-0.0006083001085386736
-0.0006498330875715285
-0.0006957369967353962
-0.0007466504927492624
-0.0008033338242184222
-0.0008666977888321708
-0.0009378410828030171
-0.0010180989452984815
-0.0011091071819651457
-0.0012128873927227046
-0.0013319618361309672
-0.0014695103345809253
-0.0016295877908286368
-0.0018174306586521305
-0.0020398965526256495
-0.0023061075163837586
-0.0026284124811288396
-0.003023863820086616
-0.003516547873675764
-0.004141384867205101
-0.0049505618934928075
-0.006024912879409181
-0.007495127815549378
-0.00958385106872929
-0.012695995510201015
-0.017632565943731283
-0.026167022816675177
-0.04290518757652268
-0.08315473828338185
-0.22642073588793218
-1.884026046756224
-2.3430857420690936
-0.2397576783467354
-0.08447220048568371
-0.04252804618730378
-0.02544907011815055
-0.01686687006583726
-0.011959174409969867
-0.008894968700462691
-0.006855849056237847
-0.005431567385746008
-0.004398140532830436
-0.0036249065483608283
-0.003031498420825209
-0.0025662949803263936
-0.0021949184294660935
-0.0018937623101754027
-0.0016461847091289142
-0.0014401826498977725
-0.001266924037950557
-0.0011197940369825565
-0.000993759788498703
-0.000884937616029201
-0.00079029220876704
-0.0007074237347174561
-0.0006344147039942654
-0.0005697181667658435
-0.0005120749758092577
-0.0004604517926414063
-0.0004139941022668207
-0.00037199022474294273
-0.0003338434784333779
-0.0002990504514412628
-0.00026718389608496723
-0.00023787915517645665
-0.0002108233100380646
-0.00018574644312845093
-0.00016241455613516477
-0.00014062379335648065
-0.00012019570115957669
-0.00010097331497747036
-0.00008281791114656135
-0.00006560629577615613
-0.00004922852959213254
-0.00003358600834162221
-0.000018589834378347797
-4.1594275758972714e-6
9.778666446947894e-6
0.000023291805037908167
0.000036442142252720604
0.000049287410819457314
0.00006188161160984943
0.00007427562677436119
0.0000865177701983402
0.00009865428694017071
0.00011072981172447894
0.00012278779531398477
0.00013487090661550645
0.00014702141764308478
0.00015928157794208232
0.00017169398473682577
0.00018430195489935907
0.0001971499048309506
0.000210283744503842
0.00022375129223254955
0.00023760271724340449
0.00025189101780422404
0.00026667254359269356
0.0002820075721553714
0.00029796095078697416
0.000314602817003466
0.0003320094130703681
0.00035026401288185984
0.00036945798299453886
0.0003896920039712676
0.0004110774835992949
0.00043373820029021847
0.00045781222341615573
0.00048345416794943574
0.0005108378541922987
0.0005401594604196399
0.0005716412780252765
0.0006055362067294361
0.0006421331635793765
0.0006817636265711373
0.0007248095954854189
0.0007717133341454744
0.0008229893670221975
0.0008792393491766887
0.000941170626550642
0.0010096195746973119
0.0010855811789628772
0.0011702468434183712
0.0012650531576854124
0.0013717454138538158
0.0014924612099139539
0.0016298417525293534
0.0017871818815717638
0.0019686350348089732
0.0021794974401779725
0.0024266086153800284
0.0027189260008922784
0.0030683660545411462
0.0034910631390073195
0.004009301639535187
0.004654567016458954
0.0054725234252401694
0.006531446312575526
0.007937152231538454
0.009860852674647671
0.012594512170854203
0.016669802683063548
0.023140337098534403
0.034344656779822326
0.056378813334192035
0.1096295057654316
0.3013397941107448
2.6355543447324035
2.783844415536645
0.30156490760844756
0.10739434511117774
0.05431623377129868
0.03259175524839906
0.021645018788597578
0.015375189772776816
0.011456926117545507
0.008848245491675476
0.007025892884197242
0.005703812474115073
0.00471496695667722
0.003956537859656102
0.003362444336692537
0.0028886590450486783
0.002504938936478503
0.0021899579972915906
0.0019283320722557468
0.0017087398557559062
0.001522701822153404
0.001363766500184535
0.0012269559480698048
0.001108380235571738
0.0010049645593749946
0.0009142529160036524
0.0008342647490709126
0.0007633888533560945
0.0007003038742024992
0.0006439180526537963
0.0005933230741128573
0.0005477583731418184
0.0005065832743316007
0.00046925506487961917
0.0004353115994862268
0.0004043573986995872
0.00037605246208380393
0.0003501032073828107
0.00032625508663301257
0.00030428653405070044
0.0002840039783813577
0.00026523771123164696
0.0002478384477016452
0.00023167444999450823
0.0002166291112089168
0.00020259891714642696
0.00018949172008972184
0.0001772252711993115
0.00016572596821187998
0.00015492778310854732
0.00014477134080299924
0.00013520312502774003
0.00012617479173382285
0.00011764257367613433
0.00010956676258638158
0.00010191125757079951
0.00009464317020166114
0.00008773247828252637
0.00008115172151636529
0.00007487573334098514
0.0000688814040609703
0.00006314747112370753
0.000057654332993251226
0.000052383883581983834
0.00004731936462792095
0.00004244523376763111
0.00003774704636004425
0.00003321134937754135
0.000028825585901468898
0.000024578008948592065
0.000020457603516091774
0.00001645401587198574
0.000012557489235403873
8.758805093830483e-6
5.049229492246826e-6
1.4204637038697221e-6
-2.1354012421107987e-6
-5.625926645077005e-6
-9.058365250725756e-6
-0.000012439697781792061
-0.000015776667226502008
-0.00001907581119934103
-0.00002234349266352937
-0.000025585929283643037
-0.00002880922165920126
-0.00003201938067662114
-0.00003522235420590337
-0.00003842405336088673
-0.00004163037853737833
-0.00004484724544098991
-0.00004808061131799105
-0.00005133650160533194
-0.00005462103722324778
-0.00005794046274278479
-0.00006130117567377307
-0.00006470975713470456
-0.00006817300418643046
-0.00007169796413565329
-0.00007529197114362679
-0.00007896268550999589
-0.00008271813604264472
-0.00008656676597212333
-0.00009051748292604869
-0.00009457971354423652
-0.00009876346339218564
-0.00010307938292160494
-0.00010753884033141269
-0.00011215400230667092
-0.00011693792375894923
-0.00012190464786206638
-0.00012706931787949543
-0.00013244830251802882
-0.00013805933682494383
-0.00014392168098162922
-0.00015005629974620212
-0.00015648606577582547
-0.00016323599063110914
-0.00017033348795431058
-0.0001778086741419961
-0.00018569471283963373
-0.00019402821080568222
-0.00020284967418447545
-0.00021220403605125296
-0.0002221412683391732
-0.00023271709403071368
-0.00024399381894044914
-0.00025604130670777434
-0.000268938126001382
-0.00028277290571736253
-0.00029764594254409656
-0.0003136711162157567
-0.00033097818181189903
-0.00034971552657329046
-0.00037005350223177035
-0.0003921884746331686
-0.00041634777300694677
-0.00044279577514406
-0.00047184143697277467
-0.0005038476726625439
-0.0005392431246346804
-0.0005785370465508071
-0.0006223382783193639
-0.0006713796529869606
-0.0007265496903478316
-0.0007889341768932815
-0.0008598713244633853
-0.0009410258282720058
-0.0010344896125397554
-0.001142920860553292
-0.001269738923433238
-0.0014194023565604749
-0.0015978132570583386
-0.0018129180597685427
-0.002075622071707307
-0.002401220149217371
-0.002811705706420392
-0.0033396336135294493
-0.004034859059507618
-0.00497688971099596
-0.006298912440650891
-0.008238056478937767
-0.011250612716775151
-0.016309497211862645
-0.025807239052057444
-0.047029559874622
-0.11191561635718042
-0.5414893334467754
-12.052705237384842
-0.2678719586029068
-0.07757720762679172
-0.03616371509334876
-0.020781520967851828
-0.01344094916988764
-0.00938064008370326
-0.006903937936929413
-0.005284069334920116
-0.004167716334428987
-0.003366403857140509
-0.0027721687387452054
-0.0023195741999656625
-0.0019670951384681817
-0.0016873570381014367
-0.0014617244480629075
-0.0012771576005481218
-0.0011243126139388164
-0.000996353363063371
-0.000888185968679333
-0.000795952500551314
-0.0007166882627741281
-0.0006480849561308279
-0.0005883239365954151
-0.000535956835738488
-0.0004898187771715561
-0.0004489644056146166
-0.00041262012768279564
-0.0003801480362336232
-0.0003510183642995601
-0.0003247882407275947
-0.0003010851532571272
-0.00027959396435883375
-0.0002600466341292086
-0.0002422140243320883
-0.0002258993158071892
-0.00021093268644045967
-0.00019716698130828322
-0.000184474169175802
-0.00017274242630329565
-0.00016187372377461225
-0.00015178182134588527
-0.00014239059131163087
-0.00013363261168178588
-0.0001254479802155477
-0.00011778331042478983
-0.00011059087816852131
-0.00010382789339310397
-0.0000974558762801859
-0.0000914401208233016
-0.00008574923186627184
-0.0000803547240641896
-0.00007523067319035861
-0.00007035341180754327
-0.0000657012626215515
-0.00006125430389783898
-0.000056994162193788894
-0.000052903828375680345
-0.00004896749347985819
-0.00004517040146287957
-0.00004149871628605151
-0.00003793940110867786
-0.00003448010763219812
-0.000031109073855993956
-0.00002781502867817785
-0.00002458710191072772
-0.00002141473837860468
-0.000018287614841554927
-0.000015195558516780453
-0.000012128465990487615
-9.076221287054826e-6
-6.028611814253532e-6
-2.9752408189095715e-6
9.456513366065001e-8
3.191855307388071e-6
6.328162435883304e-6
9.515620995369566e-6
0.000012767098597508716
0.000016096343425759876
0.000019518151185705534
0.000023048555725572754
0.000026705048340984125
0.000030506831859032272
0.00003447511695801985
0.00003863346990409341
0.00004300822308110695
0.00004762896249769547
0.000052529110067592964
0.000057746623136947335
0.00006332483982608935
0.00006931350675482714
0.00007577003629932375
0.00008276105463399868
0.00009036432077713273
0.00009867112259178098
0.00010778929094899207
0.0001178470220642556
0.0001289977663243213
0.00014142653866563523
0.00015535814433244042
0.00017106801563228447
0.00018889665310110873
0.0002092691110521974
0.00023272164887008193
0.0002599387290006647
0.0002918052248755352
0.00032948143465827976
0.00037451304910087667
0.00042899602189464534
0.0004958300825668315
0.0005791198975555471
0.0006848310732912777
0.0008219044520420764
0.0010042350246009417
0.0012543772143164965
0.0016109407837893125
0.0021445677587392338
0.0029960956761575057
0.0044806545835068155
0.007429314598528851
0.014673893141029327
0.04168330017770355
0.42652180279974994
0.28820349417361973
0.0361460771818876
0.013285680910323646
0.006818814165809934
0.004128405913033816
0.0027592210811270544
0.0019696173245095446
0.0014736269821820343
0.0011420708066762356
0.0009096859650463842
0.0007406246589124259
0.0006138731227487947
0.0005164544974840855
0.0004400053955079102
0.00037894001831001727
0.0003294131035634044
0.00028870787855563566
0.0002548610557681552
0.00022642549622237587
0.00020231568476888553
0.00018170457703257098
0.00016395319349003857
0.00014856160052569478
0.00013513416604935387
0.00012335453108821098
0.00011296731307764542
0.00010376454927542948
0.00009557552769716409
0.00008825907206321101
0.00008169762690291126
0.00007579267855676862
0.0000704611782530041
0.00006563272439740407
0.00006124732545557886
0.00005725361071188361
0.00005360738935417628
0.00005027048254178154
0.00004720977095584144
0.00004439641360043427
0.000041805203576073835
0.00003941403407347487
0.000037203453570163005
0.00003515629361352453
0.00003325735597468353
0.000031493148602574
0.000029851661877421773
0.000028322178292096697
0.000026895109979543548
0.000025561859530871775
0.000024314700369659313
0.000023146673607905947
0.000022051498841964368
0.000021023496779054754
0.000020057521937050123
0.00001914890394835139
0.00001829339623513205
0.000017487131018291137
0.00001672657978378375
0.00001600851846393886
0.000015329996702990434
0.000014688310669313516
0.000014080978955079382
0.000013505721169804479
0.000012960438889747873
0.000012443198672063632
0.000011952216882385323
0.000011485846118400154
0.000011042563040822614
0.000010620957447852199
0.000010219722450339774
9.837645623047168e-6
9.473601023006333e-6
9.126541979471328e-6
8.795494571613596e-6
8.47955172021043e-6
8.177867828334036e-6
7.889653913681704e-6
7.61417318183499e-6
7.350736995519621e-6
7.098701200036204e-6
6.857462769455533e-6
6.6264567420845305e-6
6.4051534171427615e-6
6.193055787596388e-6
5.989697186775838e-6
5.794639128746528e-6
5.607469324486597e-6
5.4277998577716205e-6
5.255265506300524e-6
5.089522195053989e-6
4.930245570163248e-6
4.77712968273029e-6
4.629885773058803e-6
4.4882411466789406e-6
4.351938134366601e-6
4.2207331290981375e-6
4.094395693535947e-6
3.972707732233026e-6
3.855462723277557e-6
3.742465004578069e-6
3.6335291104138675e-6
3.5284791542726008e-6
3.4271482543403985e-6
3.329377998329204e-6
3.2350179446124135e-6
3.1439251568974245e-6
3.055963769900883e-6
2.9710045837021113e-6
2.8889246846458725e-6
2.8096070908419536e-6
2.7329404204645834e-6
2.6588185812050144e-6
2.5871404793597202e-6
2.5178097471587553e-6
2.4507344870486997e-6
2.385827031745025e-6
2.3230037189610103e-6
2.262184679804568e-6
2.203293639910101e-6
2.146257732445826e-6
2.0910073221974295e-6
2.0374758399938467e-6
1.9855996267888606e-6
1.9353177867690706e-6
1.8865720488986853e-6
1.8393066363588566e-6
1.7934681433747746e-6
1.749005418961766e-6
1.705869457153731e-6
1.6640132933082005e-6
1.623391906110325e-6
1.5839621249242343e-6
1.5456825421643672e-6
1.5085134303812913e-6
1.4724166637777713e-6
1.4373556438888454e-6
1.403295229178925e-6
1.3702016683233651e-6
1.3380425369590457e-6
1.3067866777010061e-6
1.2764041432365959e-6
1.2468661423195113e-6
1.218144988498525e-6
1.1902140514252557e-6
1.1630477105958144e-6
1.136621311389988e-6
1.1109111232798608e-6
1.0858943000879929e-6
1.0615488421826708e-6
1.0378535605043032e-6
1.014788042323502e-6
9.923326186379526e-7
9.704683331194711e-7
9.491769125294493e-7
9.284407385245462e-7
9.082428207795337e-7
8.885667713584747e-7
8.693967802693071e-7
8.50717592140679e-7
8.325144839634413e-7
8.147732438422126e-7
7.974801507061108e-7
7.806219549297797e-7
7.641858598193631e-7
7.481595039201409e-7
7.325309441049634e-7
7.172886394051148e-7
7.024214355470186e-7
6.879185501605106e-7
6.737695586258338e-7
6.59964380528845e-7
6.464932666949301e-7
6.333467867742271e-7
6.205158173517981e-7
6.079915305581384e-7
5.957653831562815e-7
5.8382910608346e-7
5.721746944259913e-7
5.607943978074905e-7
5.496807111712973e-7
5.388263659391234e-7
5.282243215287576e-7
5.178677572145146e-7
5.07750064315125e-7
4.97864838694155e-7
4.882058735591908e-7
4.787671525464034e-7
4.695428430779732e-7
4.605272899802444e-7
4.5171500935129196e-7
4.4310068266706696e-7
4.3467915111561504e-7
4.264454101497451e-7
4.1839460424856637e-7
4.105220218790866e-7
4.028230906493409e-7
3.9529337264488275e-7
3.8792855994101127e-7
3.8072447028325724e-7
3.7367704292913856e-7
3.667823346445351e-7
3.6003651584820916e-7
3.534358668983686e-7
3.4697677451551743e-7
3.406557283359671e-7
3.344693175907043e-7
3.284142279045577e-7
3.2248723821081936e-7
3.166852177766496e-7
3.110051233349152e-7
3.054439963181288e-7
2.9999896019052383e-7
2.9466721787437977e-7
2.894460492668453e-7
2.843328088438024e-7
2.793249233473101e-7
2.744198895534218e-7
2.6961527211728373e-7
2.649087014924784e-7
2.602978719218761e-7
2.5578053949715606e-7
2.5135452028445756e-7
2.470176885136395e-7
2.427679748287493e-7
2.3860336459739646e-7
2.3452189627685085e-7
2.3052165983472533e-7
2.266007952222392e-7
2.2275749089811792e-7
2.189899824012478e-7
2.1529655097031577e-7
2.116755222087131e-7
2.0812526479306353e-7
2.0464418922376928e-7
2.0123074661609764e-7
1.9788342753031675e-7
1.9460076083948923e-7
1.9138131263359208e-7
1.8822368515866706e-7
1.8512651578974176e-7
1.8208847603634218e-7
1.7910827057947278e-7
1.761846363389198e-7
1.7331634156984227e-7
1.7050218498763351e-7
1.677409949200708e-7
1.6503162848579755e-7
1.6237297079824818e-7
1.5976393419415043e-7
1.5720345748572318e-7
1.5469050523582408e-7
1.5222406705520937e-7
1.4980315692120285e-7
1.4742681251702832e-7
1.4509409459111434e-7
1.4280408633571598e-7
1.4055589278419304e-7
1.3834864022632864e-7
1.36181475641104e-7
1.3405356614633466e-7
1.3196409846462324e-7
1.2991227840509764e-7
1.2789733036040082e-7
1.2591849681846115e-7
1.2397503788854373e-7
1.220662308411246e-7
1.20191369661155e-7
1.1834976461425785e-7
1.1654074182547725e-7
1.1476364287014798e-7
1.1301782437652271e-7
1.1130265763976722e-7
1.0961752824697362e-7
1.0796183571284676e-7
1.0633499312571055e-7
1.047364268035367e-7
1.03165575959666e-7
1.0162189237791914e-7
1.0010484009681604e-7
9.861389510261137e-8
9.714854503089182e-8
9.570828887643681e-8
9.429263671114e-8
9.290110940969181e-8
9.15332383828315e-8
9.018856531790582e-8
8.886664192653483e-8
8.756702969915548e-8
8.628929966624967e-8
8.503303216604568e-8
8.379781661849783e-8
8.258325130536819e-8
8.13889431562233e-8
8.021450754016231e-8
7.905956806312045e-8
7.792375637057491e-8
7.680671195549878e-8
7.570808197140434e-8
7.462752105033135e-8
7.356469112563394e-8
7.251926125942911e-8
7.14909074745667e-8
7.047931259099744e-8
6.948416606640457e-8
6.850516384098341e-8
6.754200818624239e-8
6.659440755772204e-8
6.566207645150721e-8
6.474473526443412e-8
6.384211015788256e-8
6.295393292505605e-8
6.207994086164705e-8
6.12198766397947e-8
6.037348818524453e-8
5.9540528557617544e-8
5.872075583369996e-8
5.7913932993679665e-8
5.711982781023114e-8
5.633821274039049e-8
5.55688648201256e-8
5.481156556153584e-8
5.406610085260895e-8
5.333226085946593e-8
5.2609839931017975e-8
5.189863650598456e-8
5.1198453022192854e-8
5.050909582810844e-8
4.983037509652938e-8
4.916210474039264e-8
4.8504102330627705e-8
4.785618901600851e-8
4.721818944495167e-8
4.658993168919952e-8
4.5971247169352675e-8
4.536197058218726e-8
4.476193982972158e-8
4.417099594998105e-8
4.358898304941572e-8
4.3015748236931565e-8
4.245114155948543e-8
4.1895015939213624e-8
4.1347227112043224e-8
4.080763356775485e-8
4.027609649145741e-8
3.975247970643553e-8
3.923664961834041e-8
3.87284751606794e-8
3.822782774158543e-8
3.773458119181767e-8
3.7248611713974636e-8
3.6769797832880684e-8
3.629802034712127e-8
3.583316228169423e-8
3.5375108841751636e-8
3.4923747367400625e-8
3.447896728954373e-8
3.404066008672357e-8
3.360871924295344e-8
3.318304020650778e-8
3.2763520349644534e-8
3.235005892924393e-8
3.194255704833133e-8
3.154091761847227e-8
3.11450453230084e-8
3.075484658112251e-8
3.0370229512704944e-8
2.999110390400593e-8
2.9617381174055092e-8
2.924897434182428e-8
2.888579799412164e-8
2.852776825419678e-8
2.817480275103781e-8
2.7826820589345425e-8
2.7483742320170613e-8
2.7145489912191406e-8
2.681198672362388e-8
2.6483157474743683e-8
2.6158928221009117e-8
2.5839226326766792e-8
2.5523980439529914e-8
2.5213120464814174e-8
2.4906577541515707e-8
2.4604284017823222e-8
2.430617342764566e-8
2.4012180467549013e-8
2.3722240974185956e-8
2.343629190220936e-8
2.3154271302656446e-8
2.287611830179469e-8
2.2601773080416064e-8
2.2331176853571843e-8
2.2064271850736836e-8
2.1801001296390538e-8
2.1541309391010446e-8
2.1285141292463748e-8
2.10324430977908e-8
2.0783161825369054e-8
2.05372453974515e-8
2.0294642623069067e-8
2.0055303181288867e-8
1.981917760482052e-8
1.958621726396366e-8
1.935637435088642e-8
1.9129601864229587e-8
1.8905853594028044e-8
1.8685084106943328e-8
1.8467248731797723e-8
1.8252303545407123e-8
1.80402053587025e-8
1.783091170313467e-8
1.7624380817356954e-8
1.742057163417815e-8
1.7219443767780494e-8
1.702095750119667e-8
1.682507377404063e-8
1.663175417048388e-8
1.6440960907477614e-8
1.625265682320845e-8
1.606680536578681e-8
1.5883370582162875e-8
1.570231710726289e-8
1.5523610153342492e-8
1.5347215499552498e-8
1.5173099481711377e-8
1.5001228982281682e-8
1.48315714205438e-8
1.4664094742964964e-8
1.4498767413756998e-8
1.4335558405621572e-8
1.4174437190676004e-8
1.4015373731557865e-8
1.3858338472703168e-8
1.3703302331795775e-8
1.3550236691382977e-8
1.3399113390654137e-8
1.3249904717380385e-8