1.1078244486155595e-18
2.5720668457755005e-18
-2.478800652171057e-18
0.00003319069917216151
0.0001902400154315916
0.001042750740045273
-4.456320415051801e-6
0.0007060458392204131
-0.0003733172660631356
0.00022554239743400662
0.0002625790481121562
0.0000883801036231479
-0.0007224233777681056
0.000786464597454623
-0.00027763643688857745
-0.0008521142501149203
-0.0003814322975888433
0.0009863797675984355
-0.002783899395000781
-0.0007744666241553594
0.0030859515808666113
0.007127028167641466
0.011834678939642277
0.0075716311261774995
0.0013080429562719082
-0.002152206906210564
-0.0016697163120784483
0.0013618370651989754
-0.0015971094789006587
0.00036042248834706943
0.001426316817559142
0.0005370759045192786
-0.001674995104433706
0.0016351925699242434
-0.0006661157193748638
-0.0014461253609624198
-0.00039365041066291725
0.0018980621459034348
-0.001667143925026961
0.0008072146608521328
0.0018976707064309285
0.000386829911536032
-0.0021297588551635626
0.001783532078643003
-0.0008434997406432456
-0.0019689589030721924
-0.0004127906257773288
0.002580257876789707
-0.0021352030059601985
0.001144284303317397
0.0023750550941237423
0.0004003640180461678
-0.003127641376628491
0.0024520771014507913
-0.0013329212872811333
-0.0027684337471919384
-0.00043475964619223275
0.0035436464497430927
-0.002750511180997088
0.0014251047705984977
0.0030403383980963086
0.00047789967012008464
-0.003888528036848254
0.0030360607805923413
-0.0016851129791469628
-0.0032995546172603215
-0.0004885238763145239
0.004266873829114655
-0.003346702512842263
0.0019060524290313223
0.003711218653189874
0.0005181266767461131
-0.004848819432346544
0.0036091947493579824
-0.002197199542709029
-0.004346609768678244
-0.0005726822728427749
0.00548474187545801
-0.0041603632886352835
0.0024988254242332584
0.005009737174198478
0.0005370155839072553
-0.0063739620662967515
0.004602071467866929
-0.002952433743317166
-0.005325410115459532
-0.0005277708756577891
0.007278252612186247
-0.005088884834892881
0.0035464102675053268
0.006306355918397111
0.0004764382115124437
-0.00826529302674562
0.006156618788830744
-0.004140429386255765
-0.007316386621854768
-0.000467657207857463
0.009701191742059497
-0.006809151044673698
0.005023890272941976
0.008551240481440982
0.00038752390656816903
-0.0117265027627304
0.008052747664891755
-0.00640323557413133
-0.0100019333721031
-0.0002001547945642638
0.013817433656435868
-0.00920154338993059
0.007799428947379535
0.01207144350582035
-0.00017741816443070748
-0.016538641591482245
0.011186991496835715
-0.010083736400095045
-0.01449110275061017
0.0005964277641619905
0.02048588252321708
-0.012992722589546634
0.012784450779004452
0.018508014250958663
-0.0013675904926435804
-0.02651306755924792
0.01795164105752136
-0.018478283521558045
-0.022764340893193444
0.002434632679980248
0.03329098714114459
-0.02027987992423412
0.023885535463860203
0.03319463494823686
-0.005454805016531149
-0.04527388709997892
0.04274841069421372
-0.048224781820198175
-0.040620903133862137
0.0060674056340337965
0.05068113517039411
-0.028094395000977518
0.03704862060768403
0.06951738269083484
0.08112038694164728
0.06871979495245038
0.018841629254046265
-0.05916997737266039
-0.1776095814044691
0.1318047810439813
0.41336409392256085
-0.14897786463145732
0.3224722287291208
0.28655306520536683
-0.1212613588999268
-1.1303743661121857
0.245219310999259
-1.0787131017665694
-4.435357508367414
23.880212492633902
17.877383703076458
-4.102613832231307
5.084455710207877
4.291146878557959
-1.2181292959663055
-1.6780470776949439
0.2866583381949892
-0.5214086848789283
-0.2879959510898282
0.11802111567157057
0.3943213017717703
-0.050660586649085626
0.14776309231387202
0.11715990494196872
-0.05920111144162132
-0.15334600392914668
0.02025330007920226
-0.07420634345675879
-0.0512680638967882
0.028128029050806604
0.08586416557110016
-0.011388300584792939
0.04228135184148014
0.03237198759120397
-0.017927294232596088
-0.04929807605896872
0.007363363637644022
-0.026111002739275864
-0.020111458703683624
0.010275999950379222
0.03387666363954036
-0.006367942889981969
0.017333124314344864
0.014740686651103717
-0.006313023429714412
-0.021960150338701523
0.0057555135379399255
-0.011144163905561494
-0.010791252993537965
0.002636640267455621
0.01664641056259357
-0.005800045350370999
0.006925582263935366
0.009183333035370288
-0.0005999675806639875
-0.01123671592354939
0.007196142817079117
-0.0036345482943508415
-0.007029087906182382
-0.0017769888925051366
0.008595432772868578
-0.007638617202573902
0.0004922736766497388
0.006832550305608842
0.004039909516682717
-0.004638299138082493
0.010313721449060153
0.0017063982448663937
-0.005621850257775388
-0.0070489557197281755
0.0031792117568866653
-0.011976423001184445
-0.005489204249685039
0.007786078310299161
0.008384889494815676
-0.0010539841439933329
0.016198207096492764
0.006619489260683024
-0.0061375462388905564
-0.013297646341954194
-0.0008881966737627445
-0.016910096611455212
-0.016622724809234515
0.010192504864865356
0.014167098548230771
0.0008857673478522991
0.044007008308523325
0.00852501929809196
-0.003913459288614328
-0.009749387499634643
-0.011545329984411016
-0.01099115315220526
-0.00652024720267181
0.004821844989132558
0.0378629341493987
0.2876168591617084
0.02177741817181071
0.033340338666933096
-0.031128357152780325
-0.04843352551400087
-0.009283966081896008
-0.058935146677873224
-0.03363684460115002
0.017377518584279984
0.0773889216866505
0.03772791440260424
0.06165071433127616
0.07506294065089991
-0.05667064361087727
-0.11621393216179952
-0.029101140826277048
-0.15961296792395555
-0.09360399240134407
0.04657503744754915
0.2274232289216642
0.1130546553446184
0.21629830874692643
0.29054562647650595
-0.2545813824916902
-0.5318712715135633
-0.13898151163181982
-1.109118880807556
-0.6308074269843241
0.38160326173588527
2.895625794605673
20.759948465756807
4.936714770462825
27.97505997024319
-6.8157006509678935
-11.443888783169177
-11.917110924235827
-2.2526501680172393
-1.7287246914772032
0.6071530820296619
0.7803924525958562
0.06482991451244438
0.5386195592734407
0.2345408639682656
-0.14727570354500882
-0.2908434043039633
-0.08025460096923301
-0.2072956305005084
-0.13745857918515986
0.051520756428136374
0.1162915532822991
0.01816685005829683
0.09460719756570854
0.05364373841621731
-0.0363523960002631
-0.07772355539993588
-0.023831675937842866
-0.06445679769607347
-0.04343968856600551
0.020664714316074285
0.03945188376513937
0.006225398571191496
0.03611191017663303
0.020928120440973946
-0.016535944187758677
-0.03477179424945241
-0.00916585481189054
-0.026968446853382393
-0.017386979157871088
0.009207167596822392
0.01896955065008081
0.002060288654275957
0.016469169049202547
0.008482636847852084
-0.00890116146439188
-0.0161853216781647
-0.0021625771570488094
-0.013495221093832882
-0.008571036356853029
0.005102590950028804
0.00957589714375038
-0.00036563900138240045
0.008346734108067806
0.0046952155823062995
-0.005650639930175338
-0.008524037109838827
-0.0012158137854522875
-0.008290588664826813
-0.0049683101629211055
0.0019296163452049637
0.00463789034000119
-0.0004925386673519242
0.004236738152649747
0.0019219415240897151
-0.002679065947636633
-0.005084492724446772
-0.001026165532945672
-0.004639614067399243
-0.0021530849960549143
0.0012919430600919664
0.002850326014187431
-0.00042560652433867673
0.0024756162478285558
0.0007750954742975199
-0.0018756645794990835
-0.002585588334165242
-0.0005664092944525793
-0.002230481239567204
-0.000950438363417754
0.0007668138007959238
0.00114874175946895
-0.0003266380760957466
0.0009515249893353136
0.00012567293055024294
-0.0008577632037472775
-0.0009490899475378548
-0.00013795615485959932
-0.0005905619335235735
-0.00019515603839498537
0.0001247261528572278
0.00018294448786210888
-0.00023459766372413353
-0.00012127760607960471
-0.0003506471843496406
-0.00025419422121204235
-0.00003955964723331484
0.000055971743760668955
0.0012560634348437265
0.00023556551972821709
-0.000011838559661465737
-0.00007499671400666812
-0.00007237192616580175
-0.0002764247738376596
-0.00011934421271908267
0.00010279828223057532
0.00043578304749251624
0.0015398941713371098
0.0005436404576096118
0.000604270680791549
-0.00034835452655628175
-0.0004145248684760119
0.00018292664043517172
-0.0008332274834625094
-0.00018933345301925912
0.0004741897295058378
0.000775714992038417
0.00011631830100148568
0.0010651474407407178
0.0007694792576942031
-0.00011946541332064699
-0.00013246212151671387
0.000735384926264539
-0.00047281114271420304
0.0003422728966461966
0.0012255931922893588
0.0008547193247672127
0.00023996028100811044
0.0015047731511204747
0.0009235601439430759
-0.0002164572593894899
0.0005364974477962527
0.0021693881337206547
-0.0010346900852164684
0.0016832976221021825
0.002345849911278991
0.0014407883699278756
0.0005192317785917302
0.0021742074838917345
0.0010475043909656354
-0.0009298046389904598
0.002173097645074462
0.005520650726872016
-0.00478100225746295
0.004493756292608326
0.004229813716818527
0.00158018905753948
-0.00979255552163782
0.00626872353398189
0.0013796890200538545
0.0015507598950950982
0.01011808510919414
0.015079655100238242
0.007386641361395468
0.014607759584296814
0.013636747551425148
0.002162300275490532
-0.0006851588496023208
0.009500322752587678
0.002694474819261603
0.014576083330018044
0.048670038866562716
0.06376195314476213
-0.01534599955587233
0.0696232636560997
0.08598368072394855
0.03128654604196974
-0.06972570002883546
0.26312911435335756
-0.00435738494155956
2.7791059679344694
19.225329244452805
7.318985724090335
0.6794363571114156
0.6120017267718886
0.27671945990400587
0.041185504467345944
-0.025979536367191004
0.0721626156043364
-0.0004931159123747634
0.008995725701628987
0.04992517311079837
0.05602277859586564
-0.005650539346734168
0.028682402903454057
0.021927574803528155
0.004476858313820518
-0.005077280176918156
0.012106894196021423
0.0004117779573159008
-0.0020393044901895695
0.008791394165896662
0.014491152738798542
-0.0004828739793085192
0.0070267298954835794
0.00938989801724093
0.0035745692491880995
-0.002625398869512944
0.007861438586775793
0.0008014732833978697
-0.0016209475578854702
0.0019131415277969322
0.006407495764736746
-0.002814320926145202
0.0028993406734202495
0.005156564627635101
0.003210251963286865
-0.0021485121496385077
0.0061638251243089056
0.0009239701248148379
-0.0024705880115393816
-0.0003899489339716762
0.0031668898910955532
-0.004428705017130958
0.0005421670162997673
0.00340992782934823
0.003028699763858721
-0.0022226872983418123
0.00610330943775485
0.0016200712797294792
-0.0033336579864376606
-0.0012538397850018863
0.001274983350111285
-0.004209874926879502
-0.00020449488529861284
0.001279841675522764
0.0018210644724026316
0.0017568933210801811
0.0014843646875803036
0.0004957929326694534
-0.0015605418169007774
-0.005643424476015589
0.009140798591349704
-0.0030257692143434763
-0.0015751359201846991
0.0030782680803271567
0.0030022544588000164
-0.00037307682286169986
0.0037644848577830306
0.0015568398488018452
-0.001696402696829479
-0.0034938902104820063
0.0008380834030794529
-0.0033634200452471222
-0.001834694053901801
0.0022696668229736446
0.00324652378321007
0.00010237956780450122
0.0037500081631777434
0.001882825594670769
-0.0016061707450327602
-0.0035103356456461982
-0.00008942438295785399
-0.003667179841059983
-0.0022770939331303555
0.0018076262581532855
0.0032382315959691007
0.0001366972185327141
0.003865422709766644
0.001872206928713722
-0.001987331149500628
-0.004090064844739664
-0.0007700743917982874
-0.004319506656326649
-0.0028845937309015094
0.0012604471306466344
0.0028694436798351
-0.0005100855718157509
0.003683749274432902
0.001085132570490939
-0.00319390003767645
-0.005129478285366163
-0.0013371340480161959
-0.006348592360503688
-0.0037265517017264784
0.0010997919628964626
0.0017751611552888668
-0.0036286536095217676
0.003472995021753285
-0.0017950360488161404
-0.008129788963891117
-0.009046481039912095
-0.0014395191582608979
-0.015339932149499594
-0.006409838077749468
0.001823283550430775
-0.007665048504450827
-0.033984160680656766
0.007388190376623986
-0.05145645058830486
-0.10377790170422375
-0.08435172874433518
0.14611472678124823
-0.9246602065119407
5.830585785604692
0.16894551456961715
-0.0836775051698166
-0.12434834622162001
0.026391408917631243
-0.03226107836103986
-0.0446310404606733
-0.012115144338505048
0.0197683756487606
-0.04487931477772139
0.01361485062900952
0.010128557732238204
-0.00025955231348884407
-0.00433088389186662
-0.0074072431863153486
-0.007763793392237195
-0.006046153067719387
-0.0021977132466393804
0.005679526987123031
-0.00474409132740949
-0.000020163825661162724
0.0044026888006179175
0.002354331962303612
-0.007494256921770937
0.003813067596549713
-0.0009707595250481542
-0.004415901084725913
-0.0031305504520404304
0.0020273601956011687
-0.004428576858958743
-0.0012514723693146552
0.00201156248471871
0.0017723966788095917
-0.0025927002732794675
0.0029948141806393435
0.0004724590406317915
-0.0028415177999703773
-0.003099214047191325
0.0004840883581286981
-0.0037694900817412166
-0.001636347229674895
0.0015044827237802238
0.0022007235730367876
-0.001069040774398254
0.002834634564998888
0.0009623014979410447
-0.002114796029825612
-0.0029706730469548433
-0.00008528605885422048
-0.0034479190643837937
-0.0018595378250505746
0.001254728024506008
0.002292471851571246
-0.0004044472897656735
0.002809507061123859
0.0012972960611261307
-0.0017885602320693594
-0.00293287775387793
-0.00032608081225920333
-0.003237129019773486
-0.001923754390188879
0.0011098685422778606
0.002434552879156428
-0.0000348881957716622
0.0026226898177091097
0.0014658956664270724
-0.0015282578917551021
-0.0028655887273801714
-0.0005544373485453526
-0.003068077932522445
-0.001980323514109118
0.0009865178318850985
0.002501596638608381
0.00025467094720432965
0.0027098815897032965
0.0016171180830495443
-0.0013676553797824613
-0.002968937850809962
-0.0006581282187957362
-0.0029497380986050446
-0.002018764132064348
0.0009649099086252402
0.0025220064005828566
0.00042754858005527636
0.002699482721804475
0.0017209116032593872
-0.0012756159032449583
-0.002817799682133248
-0.0007739703668745444
-0.0029497000770315226
-0.00209095018846273
0.0008904983261978464
0.0026280746528502537
0.0006338140376644567
0.002658981200528262
0.0019590937663446707
-0.0011798108966570046
-0.0028989481373689484
-0.0009047763282715887
-0.002835223791371939
-0.002132911313122964
0.0009267003323261762
0.002780857079543797
0.0007122295599256692
0.0026030095521021148
0.00190728184582635
-0.0011544630989847205
-0.0028297834955743222
-0.0009375863901233433
-0.002825577381738966
-0.002131886895276817
0.0009241186199136952
0.0025515788324651095
0.0007927961645298499
0.0025749051879937466
0.0018694739126929932
-0.0010243601668269602
-0.0028672024644116126
-0.0010837252468583886
-0.0026076735195706253
-0.002197445951145992
0.0008990330454418577
0.0028221515371209547
0.0008404474524711417
0.0026410012092468907
0.002063027369478618
-0.0009706540474555635
-0.0027697662093297214
-0.0010693291138991153
-0.0027456063517376245
-0.0020667929587802735
0.0007221786305584473
0.0027230935047608544
0.0011092770443875515
0.0026797348103165175
0.0019942358132508057
-0.0009071086922482914
-0.002983573804298981
-0.001193212619661367
-0.0027137333727357484
-0.002146484526053987
0.0008426289196203179
0.0027787451065215503
0.0011650014186707792
0.0025353132829577384
0.002216347903057269
-0.0007559184524230855
-0.003005154383023178
-0.0010903179378436172
-0.002606067449337238
-0.0023022723203287355
0.000757159862917782
0.0028063154561800427
0.001321765885173746
0.0026018337243421817
0.002084874665309941
-0.0008270631977932366
-0.0027571425329297734
-0.0011748699393687525
-0.0026481242624517647
-0.0023804504827042317
0.0006758719872947778
0.0029029586011158734
0.0013017971154586586
0.0026115933125680584
0.0023951548602290443
-0.0008576000771735495
-0.0028949683144623268
-0.001259253904229333
-0.0028008107768748777
-0.0022502762257651087
0.0006697947629744664
0.002838585765225589
0.0012578319483117222
0.0026637288083673975
0.0021271327422165433
-0.0006525424024558346
-0.0029480913680069313
-0.0012200547530413568
-0.002584555178975748
-0.00223302619654524
0.0006012971666018199
0.0029596470411160153
0.0013854834213802146
0.0027720496710223292
0.002186532181671217
-0.00071445354108761
-0.002934674799808067
-0.0014061196981821726
-0.002518581818667507
-0.0022443514308399634
0.0006566637326097494
0.0027780309932196397
0.0012614008099665125
0.0026128779097060687
0.002315425865980525
-0.0007071064030146445
-0.0027567279570391173
-0.0013832035073258638
-0.0025551844685832545
-0.0024345958014701467
0.0006477001332342866
0.0029500587645520213
0.0011353310713842467
0.0024791493102406426
0.0022212863181653754
-0.0006900360733561815
-0.003021132086355187
-0.0014613367511558172
-0.0025808004256936898
-0.002298583267872811
0.0006448741975101504
0.0029631971492945566
0.0013465685593471073
0.002588504948081849
0.0022028671007853873
-0.0006608464819923067
-0.0028173334804182065
-0.001275694445631668
-0.002596112865316053
-0.002225116999133897
0.0007010356798439993
0.0030582289432258105
0.0012415152250380105
0.002488409329443983
0.002149961798310728
-0.0007899086836502346
-0.0028425821838826307
-0.0012542952981468853
-0.002594715164732527
-0.0025366329505183277
0.0007426319489848489
0.0028142245343605334
0.0011344652823389624
0.002612098747459802
0.002240052092690685
-0.0007228961817124721
-0.0028589173465828305
-0.001207243927146695
-0.002594826461114188
-0.002232360209859537
0.0007180889467450611
0.0028382052113708825
0.0011355180037880106
0.0027242986982070685
0.0023054570425373377
-0.0007277008763997047
-0.0030137986814710886
-0.0013967541291160467
-0.0025749179123874476
-0.0021729373315317766
0.0006445750983877105
0.003013591184087834
0.0013782074685197141
0.002591717173844606
0.0022826360585713984
-0.0006602779123093605
-0.002737152142437011
-0.0012779907305147575
-0.0025794107426594733
-0.0024529268502848645
0.0006576961529144399
0.002911993835773028
0.0012680131976050136
0.0024817346537694446
0.0023340141242920143
-0.0006463283253405779
-0.0031255669642930805
-0.0014383566562143377
-0.0026207615612173327
-0.0024550595703253333
0.0006638298329176916
0.002875996023857277
0.0014195483511731935
0.002699920475936506
0.00262748575965983
-0.000653652483979069
-0.002950939717289334
-0.0015430170561080456
-0.002634713938653995
-0.002539799840761133
0.000588583014975662
0.0028217725997676385
0.0015937781913950033
0.002464077589094172
0.0024716464032804985
-0.0005771547503783495
-0.0029493180379117512
-0.001647906720989948
-0.002673483516682516
-0.002613378234964607
0.0006563602772766196
0.0027032530660618414
0.0014860717074962225
0.0026011148335500136
0.00242748721005173
-0.0006524018074366333
-0.0031270888472210083
-0.0015008885599172444
-0.0024057106485663505
-0.0026194511742685133
0.0005275481481652547
0.0028125542682214534
0.0013080106509044261
0.0025325128681300325
0.0025418454722119905
-0.000585016376510494
-0.0030356295262505793
-0.0016679828606712913
-0.002282047144828198
-0.0023340155343777327
0.0005543722158928593
0.0029334011716879074
0.0016319263708966516
0.002615653412014748
0.002288073070070662
-0.0005254488571501023
-0.0026694412210012206
-0.0015365949589811571
-0.0025430835863418234
-0.0024948715470996374
0.0005398256663462866
0.0029360420234605484
0.0017923776652259236
0.0022720389073250654
0.0025455916620057257
-0.00048130950975464623
-0.0029598205390407514
-0.0015009652780493031
-0.0025381323505039516
-0.002595514117163839
0.000553932230863492
0.002878297103822632
0.0016594402260795972
0.002617028723424073
0.0023161117366213334
-0.0005748632280805181
-0.0027607522605732093
-0.001539790159190003
-0.002322364384297401
-0.0027824218199658146
0.0005358687151665157
0.002763607684797095
0.0013648356655610386
0.0023856760800672902
0.002625150176193871
-0.0005622181413448295
-0.003087038714277115
-0.0014815397708636939
-0.002597243404431514
-0.0023823493056469697
0.00057527371814716
0.0028859325087169274
0.0016114904179347024
0.0025429078215372155
0.0023355145679919255
-0.00048016389798981264
-0.0027973979451035393
-0.0015814968166316735
-0.0024349442824002773
-0.002535947765103983
0.0005275680400395466
0.002783857079867668
0.001409374938460446
0.00246156852238053
0.0024125623720944052
-0.0005239357493840337
-0.002931486999952201
-0.0015640024869778494
-0.0025286037885302545
-0.0024109705036355527
0.0005530565879424639
0.0028303799663826853
0.0016137060728986688
0.0022742260500334443
0.002299413769384531
-0.0005680618307390041
-0.002807326984901018
-0.0015203462771330829
-0.002542949045242734
-0.0023961928354187404
0.0005905047326944032
0.00292893196743948
0.0013913398551858715
0.002465879761754872
0.0022678665713391664
-0.0005510382465313713
-0.0029202264908101366
-0.0015583770286145874
-0.0023679285574535534
-0.0023479482162005595
0.0005387017433114197
0.002864159062202795
0.00146380308101696
0.0024891847251481986
0.0023327449228869
-0.0005584256522119419
-0.002689760724544007
-0.001546989474888149
-0.002402940672097008
-0.002466488881543632
0.0005025034278287384
0.0027819454595806813
0.0014971214831311572
0.0024736976203747767
0.0022775538004778466
-0.0005243023137918967
-0.0027824048515809343
-0.0015358640774087613
-0.0024276858434309164
-0.0023341960378773256
0.0005346698185660984
0.0028562175102958606
0.001566300168029474
0.0024091208333287093
0.0023422723608267876
-0.0005287449804937426
-0.0029076321144719834
-0.0015181726596268717
-0.002360715511440586
-0.0023199800409351534
0.0005135825878249025
0.002764116253780559
0.0014921430283943913
0.002485520944792702
0.0022844873134037873
-0.0005105828356697649
-0.0028512982004963217
-0.00148131303975793
-0.002351425606239708
-0.002349813317980572
0.0004995025261211408
0.0028208331693479957
0.0014328223859547363
0.0023893516456544787
0.002297319977824975