0.20000014336104277
0.20001570699028606
0.20030521841331364
0.20013589723405606
0.20057173071693543
0.2002208184286664
0.2006250684357289
0.20129143456458906
0.20120294141802844
0.20171735272716287
0.20144681564667205
0.20133129655407897
0.201656050588635
0.20217388541353182
0.20218290983185117
0.2035636097177189
0.20516745372482179
0.2060537667289901
0.20603727781957462
0.21018453281454844
0.21194812716310035
0.21124604097300262
0.20933181747898977
0.1978718926141084
0.1983527424246906
0.20256439344180066
0.20718928811597392
0.20913714805571665
0.2085322194979789
0.21018266196972896
0.20975331121268606
0.20908509191190344
0.21029883722751733
0.21130188356103682
0.21195417625221105
0.2146464685715023
0.2172579199946136
0.21791495073701947
0.21916064789863401
0.22064209651884434
0.21983733837669955
0.21937577186102047
0.22118790309533465
0.2221652077843617
0.2232382160915289
0.22663716107052348
0.230140535564688
0.23065382495293665
0.2326919463525724
0.23437829960002776
0.23337630535483378
0.2327797737843315
0.23527128557112667
0.2362986121005328
0.23781983257169856
0.2426632984845058
0.24704390770826842
0.24778490872722828
0.25062817358748146
0.2526915701097556
0.25155216110881384
0.25094977578262606
0.2543531165848265
0.2556329809203445
0.2578814683824166
0.2639634520365836
0.2694579345072285
0.2705826397309068
0.2744961373622874
0.27723705148684324
0.27586087363616113
0.27538932635246727
0.28000468762776176
0.2816456069389567
0.2847077148548131
0.29266419601551436
0.30004330876117635
0.30119940794621797
0.3066326021326361
0.3101077179425854
0.30849679981988115
0.30815902045795396
0.31455715136708373
0.3165100631580139
0.32104035187657703
0.3315415768887712
0.34082164458568154
0.3429257038169569
0.3504087153489954
0.35535423678663747
0.35336024940573035
0.3532929711545033
0.36240933540714715
0.3644257444380151
0.37132797634471093
0.3858747406622407
0.3984007641047621
0.4011215472285649
0.41259970139978647
0.4188444850575425
0.416473481123178
0.4169857961663565
0.4305313612646199
0.43280598367692663
0.4431538419998924
0.46439911925228977
0.4821893979448633
0.48591055541436046
0.5039804430648144
0.5128541829201358
0.5097291706850817
0.5114734602743889
0.532934174819651
0.5351027170223073
0.5519421732667398
0.5847985376487149
0.6114289665452836
0.6169970234555509
0.6479846484811334
0.661040203403956
0.6570841386376512
0.6621393683693376
0.6988444445680737
0.6987398813529443
0.7310156148292646
0.7866422007855601
0.8302040754594677
0.8414722177849562
0.901638323387898
0.9233697047168331
0.9178829550117761
0.9312218561976214
1.0059675514812239
0.9844729220666294
1.065887067945194
1.1845349402733718
1.2609963554012757
1.29865044154908
1.4790153162864057
1.511271831957821
1.5521848181013824
1.5976537083948121
1.6426487232785232
1.7969429755507593
1.9309465517304738
2.22271321579246
2.735806333605213
2.448850564660737
3.206478135382559
3.427851120965547
3.438390287534917
3.747867029653786
4.601772535302327
5.253190958272128
6.8918783993833435
12.418585629373688
38.21212823585772
8.375147435348241
-19.736758565852043
-13.403336765165976
-13.770466307476696
-11.13695614545674
-6.284060932555343
-6.529467942542092
-4.954440227810888
-3.8187138324507583
-3.305880498889552
-3.2650693289019
-2.7479113487923823
-2.648501129502432
-2.637868751483362
-2.4989034670847543
-2.2023988879473744
-2.207530802840048
-2.0220668688363785
-1.836324350572141
-1.7326483096915053
-1.7250421141617611
-1.5898661120467799
-1.5618854769289596
-1.5585334782136455
-1.5162681950127548
-1.424775328918219
-1.4262938577854283
-1.3612341130876504
-1.292951005831004
-1.2513075512097473
-1.24749713447263
-1.1927231011374715
-1.1792604568472906
-1.1778521858607565
-1.1608739763315117
-1.122236995349747
-1.120473902534085
-1.0932073818922694
-1.0612313828747237
-1.0389311513835289
-1.035659159138784
-1.0132469946701772
-1.0046259395853685
-1.0041614782849573
-0.9995774905519381
-0.983984649215589
-0.9789809162077049
-0.9697492683343573
-0.955161639782307
-0.9418511876740802
-0.9367214390766421
-0.9344851272082728
-0.9252454425644412
-0.9275312406124537
-0.9318714227261516
-0.9299003068848332
-0.922374697701614
-0.9272103157880197
-0.9222285458403965
-0.9127749463452999
-0.906819867718351
-0.9210021365625418
-0.9105164921788366
-0.9139113340980217
-0.9281304918452683
-0.9379110280988396
-0.9265580113472807
-0.9455905112952996
-0.9493261865550895
-0.9428480339702822
-0.9324575558584604
-0.9699667993535541
-0.9522938055549106
-0.9592506645172859
-0.9902286459235083
-1.007756661477101
-1.023064458762592
-1.0345423868894843
-1.0421054476736786
-1.0493923034552797
-1.0566226871383577
-1.072060364689684
-1.081473719716031
-1.093315185525364
-1.1126168362472
-1.363436877018223
-1.158443216453101
-1.224361240298551
-1.2762371753957757
-1.2426276267528016
-1.2341344876136378
-1.349530573933829
-1.332451701017719
-1.3628944140031025
-1.4518970520033765
-1.6610116446210448
-1.5133504350280627
-1.6806349924586832
-1.7951306058643675
-1.7375507455143149
-1.7073325820879528
-2.0096600326152374
-1.959646930829504
-2.04551632432678
-2.3168897983259797
-2.9434518204981712
-2.5113818411150866
-3.1318839186803054
-3.632781851914559
-3.371937507109926
-3.299547647953674
-4.826830747521107
-4.555726071919115
-5.268169576949162
-7.448061086015043
-36.40221679623684
-10.036016181072501
8.410178697232114
15.492127078524465
10.3684322492636
28.144162621911242
6.163402810575265
7.36013130808113
6.329146163717089
4.1099639893435675
2.9837058481320975
3.521501234240701
2.632957057797396
2.3605812907264654
2.3844367130895905
2.488178586730364
1.9028640766708882
1.980491312328467
1.8592930028898143
1.597243616669696
1.3800053028634685
1.4857560744951284
1.2967252525864215
1.222138302879336
1.2301272640233272
1.254820255825349
1.0839271417871856
1.1039137338317722
1.0540090516363803
0.9706851237783906
0.8861213961076413
0.9216627573352001
0.8486052651474116
0.8159667377460639
0.8198184405197257
0.8229674919588783
0.7496587337740888
0.755274570905911
0.7330335435241175
0.691376479413365
0.6509600713597327
0.6669674524239706
0.6305913038412063
0.6129853314483207
0.6128534810576745
0.611546837560753
0.5761099379501784
0.5768409462949169
0.5634067759396795
0.5415520023763523
0.5189026819135797
0.5256402149628931
0.5046338705741977
0.49517406341879483
0.493543822716694
0.4917407888705073
0.47221212437135146
0.4716506344649865
0.46350583901575315
0.44996194754722263
0.43660677644276963
0.43936732461106015
0.42720981056544144
0.420606835680202
0.41963422641408765
0.4174289360567906
0.4061015913617008
0.40422279966482144
0.3988018404008354
0.3903888731710774
0.3832834622207816
0.3832188796506266
0.37695145194803276
0.37299106632473
0.3715381330883168
0.3696183369487867
0.36339187149301333
0.3613845872060375
0.3578126891545667
0.3533904692657322
0.3491858779028241
0.34829614802235437
0.3450401734174525
0.34273924841287645
0.34142879688592015
0.33970308714626046
0.33706182658940465
0.33513999759434515
0.33313649692855835
0.33109826460851344
0.329118321628592
0.3279367125092365
0.32685772841597405
0.32594460390417046
0.3248906509265072
0.32388946926358775
0.32286663003771526
0.32196002150334435
0.3214609474731438
0.32108812146379073
0.32080199454727204
0.3206842135930378
0.3207226467401104
0.3207819377071241
0.3208278942590901
0.3200201243123137
0.3216331414583343
0.32137191007852606
0.3218469708812852
0.32350922020777545
0.324624904005963
0.3249535444954137
0.32694653427749476
0.32820631333821765
0.329129481580348
0.33022228948992466
0.3331180741235362
0.3342272395435279
0.3365509870077686
0.3398678328806816
0.34239648827506686
0.34459293785527484
0.3483272541502695
0.35156180315774815
0.3537395342597755
0.35792854699464993
0.36221457934498985
0.3655226736253971
0.37104448924405087
0.37745983815002004
0.3824172907497492
0.3876825206213901
0.39336152091312043
0.39965656352906687
0.40555280754657025
0.414836168238269
0.42087609657988234
0.4300336067448567
0.4409270242743304
0.453650608496196
0.46129678964120907
0.4772919396328161
0.4859031133533449
0.4958754957544438
0.5112663121559632
0.5314444686064571
0.5446932420471865
0.5662766174785278
0.5922216959918652
0.6177087913687742
0.6362385059355865
0.6754276474333417
0.7020489745035178
0.7310320018422022
0.7745016528731942
0.8433534859938431
0.8688086266652791
0.9490351135522629
1.0470962331540556
1.1374258613030421
1.1997587067884703
1.4363156509913826
1.7007224886376904
1.7256735383222905
2.0740091378464673
2.7893918972466913
3.173533581700544
5.027748448905722
11.878536747087011
-2.4951034679172506
-8.94063013966281
-4.613420886104376
-3.428395297343312
-2.7245131606132693
-2.1783825999577897
-1.644752108861117
-1.5170141380072002
-1.289160378401918
-1.08712325259278
-0.9730244289828096
-0.9143370267404
-0.79416576803699
-0.7478609320757197
-0.7067839012388458
-0.6573421977245478
-0.5981812332032542
-0.5756856195209391
-0.5370062474992086
-0.49704632651015374
-0.4673707920437043
-0.4456265938350742
-0.4217348190932149
-0.40108030072823747
-0.38940816070062423
-0.3768657682705472
-0.356995999401003
-0.34530559934118166
-0.3333300786856327
-0.3156242773482352
-0.3008533398155919
-0.2922970063512058
-0.2814810456032105
-0.27131558349765444
-0.26591191986743967
-0.26153245484779886
-0.2538303615504054
-0.24498566511788392
-0.24126718884509454
-0.23136894972629796
-0.22171886094464574
-0.21616214191243108
-0.21171035940925603
-0.20499135334378302
-0.20238941169743271
-0.20178405576121228
-0.1983573835187054
-0.1903697911535764
-0.1921548852599675
-0.18441923668581128
-0.17774287653332088
-0.17444786633703938
-0.16872741541176767
-0.16747697380330517
-0.16602402914190842
-0.16466634759883245
-0.16343298577788531
-0.16099217066977453
-0.15975192590729315
-0.15798764217572148
-0.15296673346722103
-0.1407198331560683
-0.1511338604628785
-0.14521374134131124
-0.14480647448704603
-0.14744241957462945
-0.14832979910214233
-0.14241409378420086
-0.14405297137402504
-0.14276107741790292
-0.1381673015195064
-0.13306078650593295
-0.13886599556387869
-0.1340165502911181
-0.13372676009201037
-0.1368584961017254
-0.1392985583021982
-0.13367835088651875
-0.1368994416451336
-0.13673384089107488
-0.133156788643077
-0.1291224333955818
-0.13570121335049468
-0.1315769170730511
-0.1317932735272373
-0.13593687856484654
-0.13987803211551128
-0.1348317436745014
-0.1394603849199269
-0.14061578598746174
-0.13791833245759696
-0.13511424601263985
-0.14305198291312204
-0.14017363466766533
-0.14181775136412672
-0.1477795263688508
-0.15351277747533332
-0.15008564625431964
-0.1577134830250113
-0.16030474442761597
-0.15973136120119857
-0.1594594452935132
-0.17005837992822972
-0.17019616165727186
-0.17676319087002113
-0.1884548737506281
-0.1988091651260472
-0.2011373313448719
-0.21562551382209008
-0.2241220701257849
-0.2299376630129126
-0.24157152028297166
-0.26310903640425254
-0.27835258075330394
-0.31405505989795063
-0.3632613376193127
-0.4062271999773732
-0.4769856813196448
-0.5739566384410348
-0.6492173513261461
-0.7898304122862795
-1.3114372346563816
-1.4996800216774886
-17.693388328044048
1.4641353323538724
0.7707580071165114
0.5751693379488294
0.420608347606726
0.3491205421856788
0.3238831193833932
0.30502267653431986
0.2434774760345401
0.2217560166250532
0.20860503584931117
0.16078797649479165
0.14213740667187463
0.13211386585172713
0.11836124619585525
0.1139997261660274
0.1100043830239476
0.1064938037950755
0.10411076745316183
0.0879156294603024
0.08408683622658135
0.07592884653304964
0.06436527658839677
0.060939606001172306
0.060991376208082336
0.05501913600818518
0.05484778184623549
0.056083920326407494
0.05451485094853712
0.04881749556261357
0.04865143025282055
0.044792973438212653
0.03890780496847557
0.03560823642672512
0.03783694574742229
0.033482018272506395
0.03303963914814234
0.0349220237871437
0.03564074064180201
0.030340151987747574
0.0319025480928749
0.030202909911548503
0.02579907576712115
0.02243196178024619
0.025867595269527133
0.021845985358540914
0.021358134350071098
0.023636285283551835
0.025324213511733317
0.020225094213342454
0.02245810257742196
0.021648310714252307
0.017953264202483495
0.014706390309988089
0.018688542650997175
0.01499520146393359
0.014494364411201275
0.016866978640621887
0.019089885937903586
0.013911640221688615
0.01664238136915126
0.01630745359426276
0.013062440823001939
0.009806490709250352
0.014121603272126497
0.010560689935093136
0.009976679397722482
0.012474809180272795
0.015015708944724078
0.00983125921920201
0.01281873890699845
0.01275176851447873
0.009672794701014013
0.006582517186240338
0.011124772616612067
0.007554156963552646
0.007010001449872797
0.009468334090360117
0.012204015534553194
0.007052244980104876
0.010104011073376416
0.01032201676350428
0.00752195770241571
0.0042862479293873075
0.008985787644301265
0.005429609647560783
0.004867260540553425
0.007286385600204997
0.010218127130562889
0.005008651594380202
0.00825241577880349
0.00869132370764981
0.005836444485262199
0.0026127637096230805
0.007467180547716083
0.003906594287511641
0.0032758248461828795
0.005742849822392135
0.00885356881235589
0.003577872627724696
0.00682543750036242
0.007405247014966457
0.004500578188015054
0.0014742533818775316
0.0063449798471524954
0.002713237211650319
0.0021107274792104566
0.004544253992887851
0.00767462549080062
0.002578551646605322
0.00578778916990029
0.006381576572712373
0.0037127434232800812
0.00042370113559009657
0.005448756709960835
0.0020437519444522975
0.0012126219649358277
0.003674545917247021
0.006930299653576407
0.001740751781747232
0.004986155314821784
0.005591971700969663
0.0030922853733862626
-0.00031771020208361353
0.004823874581636363
0.001384093017170873
0.0005321222282825411
0.002994666542337023
0.0062294004135459696
0.0008610361920583511
0.004279171203430111
0.005148268468652568
0.0025319681150062687
-0.0008738933708713957
0.0043323093680096994
0.0009296297267577381
-0.0000845013741050376
0.002399250805637975
0.005836146654753724
0.00040764190100471824
0.00387411394875463
0.00469683321995626
0.002118026616465671
-0.0012542803287645358
0.003921416660627512
0.00045024928143951016
-0.0005053912477812198
0.0019288713073609355
0.005320532040511598
0.00012684516210357237
0.00344313931289689
0.004284325145940889
0.001780607129255636
-0.0018205994454119426
0.003807572238845294
0.00013030987295139005
-0.0007659222232166508
0.0016496011761015115
0.0049270574219733845
-0.00044436273019227374
0.0031278388623100888
0.004171561575244307
0.0017462234636853211
-0.002025177677346492
0.003565473054926957
-0.0001714287170389704
-0.0012574084697680517
0.0012516505293190072
0.004957018202570427
-0.0008575941312178379
0.0028127051875938584
0.00374313441988065
0.0013665122868858667
-0.0022195175739266183
0.003479835684058315
-0.00046227580519318405
-0.001460178821307362
0.0010605877575328197
0.004448745573497444
-0.0009305328678179101
0.0027334358754152145
0.00364441036581956
0.0013123391341758408
-0.0024151686259140724
0.0032001567433844066
-0.00038263197732812764
-0.0016859700695238597
0.0007576081378320559
0.004479046641259478
-0.0011000339283390784
0.002488073043390181
0.003409568567577002
0.0009778856537064648
-0.002661247416274566
0.0029838090306379544
-0.0006596839724460278
-0.0016922148109473096
0.0007289665865158902
0.004388929451261554
-0.0011445338435665375
0.0022640690307664073
0.0033396766327291236
0.000891666275464521
-0.0025721754832478514
0.002803190522177253
-0.0007472906209795294
-0.002011389088563838
0.0006339510126760593
0.00406827952769134
-0.0014546795697505904
0.0021506009402991483
0.0032423856919138747
0.0008151570696793877
-0.002805728504105712
0.00284729262024015
-0.0008442378959733794
-0.0018520469480959596
0.00045401593583797346
0.004066872056667503
-0.0015585629606548184
0.0021086504451584003
0.0031482135747306736
0.0007554867582541961
-0.002957982025497789
0.002327790234535966
-0.0010145336851226836
-0.0019095897425566311
0.00041327787616306515
0.0039797762064669815
-0.0013968318630890614
0.00210248021126584
0.003010839302071565
0.0005869559098207283
-0.0028409748296290968
0.0025517302980768574
-0.0011003329362051567
-0.002131280046125341
0.0004035458859953682
0.003922514058764167
-0.0015270653574527495
0.0020062102980683313
0.0030282503454233723
0.0004818849517740328
-0.0029356527381626213
0.002558494520623925
-0.0011143156729014998
-0.0022637129218141877
0.00023058892249274232
0.003946778745149371
-0.0017094821428148307
0.0018224929592101655
0.002890032005125213
0.000679822867484599
-0.0029810853789943807
0.0024505077747144412
-0.0011055941142778347
-0.0021451249075556873
0.0002610461261067985
0.003868384438392975
-0.0017822433372439428
0.0019045783357117083
0.002955568356589931
0.0005264240465330713
-0.002952189609657023
0.0024309263454701763
-0.0011927285743214865
-0.0021364598759935106
-0.0000531748231241409
0.0037588598791187962
-0.0019785308374614006
0.001740601886150369
0.0029392520405832913
0.0004947059668490351
-0.003121105909140944
0.00274634894775028
-0.0012541899189172942
-0.002510355493209316
9.121926217190474e-6
0.003848798487343212
-0.0022037767054360158
0.0017766135397785936
0.002936779713830369
0.0005001846622004704
-0.0033179836797649067
0.002538593025650998
-0.0011899118792684641
-0.002390312150437762
0.000036181824850052496
0.003908782568568292
-0.0020066358943427653
0.001822170786640512
0.0029884833473821574
0.0003757974603240625
-0.0032880805620775343
0.00261716813084997
-0.0013012655102836697
-0.002261043267182402
-0.00004681136758561415
0.0035378418441625904
-0.001881510201289945
0.001580101743251411
0.0028754607545288945
0.0005299970866020543
-0.0030056253953495747
0.002524636721032093
-0.0012973850351720218
-0.002723494603332594
-0.00024929602451281325
0.003895663383191855
-0.001755208154219756
0.001693950045011701
0.002732846190712056
0.0005650145206288194
-0.0033651413005333065
0.0027137785778540676
-0.0011432496814651435
-0.0024296207522182256
-0.00007295408888013041
0.003487409744290137
-0.0023606244296428816
0.001573289304433459
0.00269458557934858
0.0004996225727860998
-0.003588790236833905
0.0022195767288590725
-0.001126867128769511
-0.0026487415198549196
-0.00026858993468796923
0.0035784767843366396
-0.002110648071224149
0.0016213952566161577
0.0029175411306989973
0.0004425022390662859
-0.0032791722179340652
0.002606978510856125
-0.0011998961074375296
-0.0023646117050796665
-0.00013610710817318634
0.0035446147865598526
-0.0020679126433786246
0.0015480862543347412
0.002700428045982422
0.0004251815571364703
-0.0031134921560060703
0.0022712320347768383
-0.0012811358961892047
-0.002317491045645368
-0.0003228553894799467
0.00343806813356059
-0.0023404991905436293
0.0014646657637019688
0.002715076700755492
0.000485193501582833
-0.0034148987616735393
0.0024892557713211737
-0.0012415277683181297
-0.002523973975721878
-0.0002065109610808107
0.003657083106318785
-0.0022261464449971112
0.001427307899194586
0.0026109332929488485
0.00037461598911976024
-0.003196137693972011
0.0020823464112774363
-0.0012893963469900887
-0.002567187915627054
-0.00019439715328347024
0.00356255111301576
-0.002291548538729794
0.001509073714604128
0.002756445360136794
0.0003095343494840357
-0.0033258376343232336
0.00204119366395888
-0.001263786695436038
-0.002496119389312322
-0.00017807437416182976
0.003547167591356312
-0.002320327307025256
0.0014522937647622458
0.002637911096849695
0.0003670143109753675
-0.0031715920183144597
0.0022791892196428855
-0.0012690336616146133
-0.0024465161730161606
-0.0002622214779801535
0.003460984848900532
-0.0020060453870686234
0.0014506947860100853
0.002624471418286617
0.0003550516474222766
-0.0031722320885766366
0.0023073457598911744
-0.0012825390541603325
-0.002567692376515516
-0.00022660744019746434
0.0034979565055955975
-0.002172829321134709
0.0014390906308372473
0.002577314892446903
0.0003377100053147824
-0.0032534406748027057
0.002310022661181713
-0.001288697893747847
-0.0026403969582243533
-0.00026374509501128716
0.003375497232365459
-0.002099352252905429
0.0013840854746001666
0.002626827475221516
0.00039739679510355407
-0.0032310037975584126
0.0022635995902466786
-0.0012584149422417258
-0.0024801643746697128
-0.00031714017341929085
0.003391111457909521
-0.0021468043516485232
0.0014098391484211415
0.002517419508816175
0.00034244089355861236
-0.0032317638755651537
0.0023820274044383215
-0.0012329328223784242
-0.002519786744504066
-0.0002971792610074055
0.003352196924525734
-0.0021412059838982057
0.0013608945092736947
0.0025303259430231153
0.00036948204886694697
-0.003123135441958201
0.002293178800937001
-0.0012335018054000781