0.20000014158959709
0.20001713869345097
0.20006252639206307
0.20013647740108356
0.20023928335763627
0.20037137190789023
0.20053333337035792
0.20072596063048098
0.20095030824223692
0.20120778056866967
0.20150026549023223
0.20183034234921426
0.20220161583868487
0.20261927361260212
0.20309106329161106
0.2036291083206183
0.20425354154650124
0.20500050104140866
0.20594211462097942
0.2072463611020216
0.20941511698579088
0.2149003823165001
0.1990356215387775
0.1964767733321271
0.2017425699786129
0.20399374549484092
0.20547551272588963
0.20666280856100758
0.20771700867895057
0.20870812071106315
0.2096715613297271
0.21062729424074406
0.21158753779472342
0.2125602848379865
0.2135510687979002
0.2145639173852787
0.21560189900123417
0.21666745147270622
0.21776258815929414
0.2188890318474273
0.22004830448703877
0.22124178903642336
0.22247077318728295
0.22373648102676327
0.22504009649568985
0.22638278116343377
0.22776568800254288
0.2291899723101635
0.2306568005726791
0.23216735783626316
0.23372285398754739
0.23532452923940964
0.23697365904060563
0.238671558574012
0.24041958696965443
0.24221915133084962
0.2440717106515351
0.24597877968807028
0.24794193283795918
0.24996280807004134
0.2520431109449648
0.25418461876068904
0.2563891848549595
0.25865874309490144
0.26099531258288444
0.2634010026074742
0.2658780178685096
0.2684286640060578
0.27105535346414517
0.27376061172172944
0.27654708392532473
0.27941754196004986
0.2823748919986054
0.28542218257086527
0.2885626132003607
0.2917995436580278
0.29513650388819535
0.29857720466695803
0.302125549058895
0.30578564474460795
0.30956181729885285
0.31345862450723616
0.31748087181863033
0.32163362904079135
0.3259222483982556
0.33035238408465295
0.33493001345627843
0.33966146003037206
0.34455341847030013
0.34961298176107
0.3548476708026683
0.3602654666760398
0.36587484586760455
0.37168481877364573
0.3777049718463316
0.38394551378941866
0.39041732626472636
0.39713201963140576
0.40410199431017224
0.41134050844562137
0.41886175263334174
0.4266809325870582
0.43481436074712676
0.4432795579786402
0.45209536667899103
0.46128207681579314
0.47086156665218765
0.4808574601947585
0.49129530372805114
0.5022027641894073
0.5136098526013729
0.5255491763321087
0.5380562246168262
0.5511696925697007
0.5649318498768962
0.5793889615258881
0.5945917693432199
0.6105960448444362
0.6274632260258314
0.6452611533500928
0.664064923429365
0.6839578829617478
0.7050327905563261
0.7273931804848822
0.751154970520146
0.7764483663894826
0.8034201287017207
0.8322362854632311
0.8630853958180358
0.8961825002694684
0.9317739319486177
0.9701432161380358
1.0116183564620551
1.0565809034840197
1.1054773360102974
1.1588334737168344
1.2172729067572836
1.2815408121326728
1.3525350877546711
1.4313475688654258
1.5193193532949587
1.6181162109475549
1.7298331313928295
1.8571420490000887
2.0035050874038323
2.1734899316806313
2.3732493410566518
2.611273936282194
2.8996190261023056
3.2559945664410246
3.707520821260942
4.29793579128476
5.102625081495786
6.263566279840087
8.083696191726098
11.34520913533389
18.877189168008737
54.896214913092805
-61.75881621149947
-19.950685492350182
-11.955358423867793
-8.566345895111873
-6.693933707123818
-5.506729472817222
-4.687148019599165
-4.087610811999116
-3.630215899467577
-3.269958841611898
-2.97902576228707
-2.73930112422146
-2.5384797713712657
-2.3679105148541075
-2.2213337425159114
-2.0941085750520574
-1.9827215320330565
-1.884463924788418
-1.7972140375059855
-1.7192864265934875
-1.649325388793214
-1.5862281989637097
-1.529088844464166
-1.4771561436165073
-1.4298021339253073
-1.3864979079222997
-1.3467949273719522
-1.310310420041514
-1.2767158554346916
-1.24572776831857
-1.2171003908423403
-1.1906196911195568
-1.1660985152284982
-1.1433726020282944
-1.1222972937191502
-1.1027448050257365
-1.0846019439765546
-1.0677682001201343
-1.0521541335391118
-1.037680011551044
-1.0242746505069091
-1.0118744283395884
-1.0004224400126025
-0.9898677731757078
-0.9801648854501389
-0.9712730680725304
-0.9631559832966147
-0.9557812651213755
-0.9491201746867208
-0.9431473031344602
-0.9378403159366968
-0.9331797336961654
-0.9291487452628866
-0.9257330497210234
-0.9229207244045495
-0.9207021166209629
-0.9190697572162467
-0.9180182945158513
-0.9175444475373072
-0.9176469777014866
-0.9183266785798143
-0.9195863835130007
-0.9214309912308113
-0.9238675098998114
-0.9269051203347665
-0.9305552594381536
-0.9348317252898437
-0.9397508057056976
-0.9453314325322543
-0.9515953644578433
-0.9585674017161357
-0.9662756367564648
-0.9747517457813422
-0.9840313270369894
-0.9941542929261067
-1.0051653244431829
-1.0171143981728414
-1.0300573982218089
-1.0440568280756128
-1.059182640614998
-1.0755132085651418
-1.093136462707789
-1.1121512315574325
-1.1326688242818497
-1.1548149089587945
-1.1787317515150628
-1.2045808978551058
-1.232546404078963
-1.262838749149284
-1.2956996034624386
-1.3314076791467946
-1.3702859587538068
-1.4127106958633528
-1.4591227150616306
-1.5100417262387624
-1.5660846340984664
-1.6279892064241965
-1.6966450238365407
-1.773134464886291
-1.8587877386699412
-1.9552579215343577
-2.0646250272304174
-2.1895431188678613
-2.333452767379618
-2.5008954271007915
-2.697991721779059
-2.933192831201632
-3.2185060402307415
-3.5715845664477315
-4.019487455245311
-4.60590582285343
-5.406260583500427
-6.562893666803501
-8.380443447558067
-11.649344320540596
-19.25576231652794
-56.73779373677514
58.16193757484009
19.118254029497518
11.386008472438348
8.082265677861713
6.250199916148705
5.086029449876755
4.281140621413576
3.691671027426422
3.2415162686334944
2.886640873986878
2.5997968269097598
2.363220028522084
2.1648344948261062
1.9961444903991128
1.850999324421969
1.7248365177778129
1.614200305695315
1.5164252953849218
1.4294227626389275
1.3515327286436618
1.2814193473302014
1.217995497276349
1.1603674892859293
1.107793895835051
1.0596544663320526
1.015426358721042
0.9746657542610022
0.9369934848417889
0.9020836870404035
0.8696547645236553
0.8394621288811936
0.8112923235868578
0.7849582331145273
0.7602951504085596
0.7371575285117018
0.7154162814183035
0.6949565288002435
0.675675701733809
0.6574819437789601
0.6402927550612543
0.6240338373496264
0.6086381062224786
0.5940448427987449
0.5801989625731098
0.5670503829338803
0.5545534741812788
0.5426665814769942
0.5313516072730864
0.520573645493093
0.5103006601489881
0.500503202237369
0.49115415971478826
0.4822285361452945
0.4737032542724047
0.4655569813185267
0.45776997327597674
0.4503239358416173
0.4432018999744046
0.43638811033171077
0.4298679250756693
0.42362772574042734
0.4176548360224326
0.4119374485018992
0.4064645584292249
0.401225903818393
0.3962119111825034
0.39141364632747083
0.3868227696899503
0.3824314957664087
0.37823255623339336
0.374219166405588
0.37038499471863506
0.36672413495972045
0.363231081000194
0.3599007038123245
0.35672823057696146
0.35370922571059554
0.3508395736599299
0.34811546332947163
0.34553337402323614
0.3430900627958718
0.34078255312128947
0.3386081247985115
0.3365643050252708
0.3346488605796532
0.3328597910594362
0.33119532313735217
0.32965390579876036
0.32823420653614493
0.32693510848240476
0.3257557084726531
0.3246953160314522
0.32375345329022415
0.3229298558471843
0.3222244745901528
0.32163747851101454
0.3211692585494496
0.32082043251311215
0.3205918511317505
0.3204846053139415
0.32050003468769517
0.32063973751973646
0.3209055821237569
0.32129971988527706
0.321824600050011
0.32248298644494156
0.3232779763265291
0.3242130215791316
0.3252919525200734
0.3265190046058182
0.3278988483779062
0.3294366230386909
0.33113797410634405
0.33300909566857717
0.33505677783597543
0.33728846009201807
0.33971229134997566
0.3423371976610712
0.3451729586771144
0.3482302941609646
0.3515209620642825
0.3550578699649908
0.35885520198427123
0.36292856370038185
0.36729514805846447
0.3719739258642268
0.3769858651707831
0.3823541847565314
0.3881046479918498
0.394265904761141
0.4008698908193022
0.407952296116571
0.41555311635380904
0.42371730550674275
0.43249555151620833
0.44194520310269614
0.45213138316174
0.46312833403709547
0.47502105299005937
0.4879072935745071
0.5019000320762446
0.5171305301267577
0.5337521686176405
0.5519452894149804
0.5719233680450291
0.5939409646502274
0.6183040809778639
0.6453838178878033
0.6756346292327235
0.7096190839763586
0.7480420146834289
0.791798483222822
0.8420425577477586
0.9002882564170137
0.9685616930206983
1.0496375218756357
1.1474197173941563
1.2675811205332712
1.4186931108767264
1.6143477764120457
1.8774643648784095
2.249945875713683
2.8174644656715024
3.7867942630304574
5.816610888922368
12.733998597634281
-58.67585828499135
-8.89324342488837
-4.770659227690499
-3.246589915556399
-2.453378760629909
-1.9671854279782781
-1.638795095354273
-1.4022026889143495
-1.2237083215549251
-1.084308172121481
-0.9724711844460303
-0.8807948153483715
-0.8043091917698142
-0.7395537122230535
-0.6840445749055666
-0.6359528746667042
-0.5939021273923263
-0.5568365395218361
-0.5239327716359509
-0.49453931599764706
-0.4681339057009349
-0.4442929937891096
-0.42266949172715357
-0.40297627219339655
-0.38497376690824264
-0.36846052073390306
-0.3532659113656869
-0.33924447672527475
-0.32627145059134793
-0.3142392165499237
-0.3030544672175564
-0.2926359103681859
-0.28291240297472453
-0.273821422873971
-0.2653078089020581
-0.25732271607713464
-0.24982274422270587
-0.24276920737984556
-0.2361275182007702
-0.22986666678779513
-0.2239587775323788
-0.21837873070559433
-0.2131038380658197
-0.2081135637401361
-0.20338928322062247
-0.19891407458657362
-0.19467253708552998
-0.1906506330335742
-0.18683554966821606
-0.18321557813742773
-0.1797800072599154
-0.17651903006451952
-0.17342366142506352
-0.1704856653639154
-0.1676974908121931
-0.16505221479451745
-0.16254349215813124
-0.16016551109475094
-0.15791295381305753
-0.15578096181318557
-0.15376510529529694
-0.15186135630417497
-0.1500660652726583
-0.14837594068066853
-0.14678803159427564
-0.14529971289266766
-0.14390867303036348
-0.14261290421895767
-0.14141069494775765
-0.1403006247967686
-0.13928156152934087
-0.13835266048644684
-0.13751336634046196
-0.13676341730498967
-0.13610285193934082
-0.13553201873301074
-0.13505158870886738
-0.13466257134456835
-0.13436633418319394
-0.1341646265879742
-0.13405960819579382
-0.13405388274457541
-0.13415053809456529
-0.13435319344091987
-0.13466605493235376
-0.13509398117920385
-0.13564256046811854
-0.1363182019185731
-0.1371282433422613
-0.13808107923378787
-0.1391863131718528
-0.14045494000475092
-0.14189956461078707
-0.14353466587379873
-0.1453769169480684
-0.1474455761185465
-0.14976296689288965
-0.15235507182378463
-0.1552522725785411
-0.1584902798691815
-0.16211131239922943
-0.1661656060478805
-0.1707133662852193
-0.17582732328636014
-0.18159611835294762
-0.18812885504794416
-0.1955613105741249
-0.20406455948014748
-0.21385717809803198
-0.22522289296808962
-0.2385367335695445
-0.2543048874692498
-0.2732274345330305
-0.2963009034641219
-0.3249936301835504
-0.3615622995270929
-0.4096628303304244
-0.47563346773778237
-0.5715067824344692
-0.7232552015414088
-0.9992005502258315
-1.6556297329338314
-5.1930866170448855
4.203776166680253
1.4678955996233678
0.8760268059796574
0.6178322853529192
0.473335874661076
0.38107527727128077
0.317120948342624
0.2702214950302177
0.23438961892104096
0.20614599448790258
0.183330615180909
0.16453163392329948
0.1487872758407342
0.13541975001942363
0.1239376539694804
0.1139760371311913
0.10525819459757373
0.0975705234242708
0.09074551206734098
0.08464995072201316
0.07917658408490473
0.07423808830764338
0.06976265063486244
0.06569067532572317
0.06197229470589116
0.05856546475707616
0.055434491122088016
0.05254887615904874
0.04988240832496016
0.047412436481219365
0.045119286747181825
0.042985790272840704
0.04099689807558644
0.039139364774436775
0.03740148726174961
0.035772887494036336
0.034244330951487566
0.03280757411625715
0.03145523569962543
0.030180687414180205
0.028977960916557424
0.027841668196047525
0.026766933196674045
0.025749332866785216
0.02478484615452982
0.023869809727828685
0.023000879407368578
0.022174996471342655
0.021389358129294586
0.020641391575882642
0.019928731128633668
0.01924919803072768
0.01860078256365016
0.017981628167605526
0.017390017311911737
0.016824358894715383
0.016283176982595064
0.01576510072695984
0.015268855316437513
0.01479325384336979
0.014337189978637728
0.013899631362797973
0.013479613633277921
0.013076235017487406
0.012688651430402629
0.012316072022676207
0.01195775513181863
0.011613004594617971
0.01128116638384964
0.010961625536580923
0.01065380334508434
0.010357154784617578
0.010071166155167609
0.009795352916750434
0.009529257700050428
0.009272448476111556
0.009024516870498805
0.008785076608853755
0.008553762082099499
0.008330227020735291
0.008114143268709424
0.007905199648293322
0.007703100908213797
0.007507566748040408
0.007318330912490574
0.007135140349908043
0.006957754429701389
0.006785944214007686
0.006619491779274419
0.006458189583838621
0.006301839877928195
0.006150254152825683
0.00600325262621488
0.005860663760987705
0.005722323815018496
0.005588076419623526
0.005457772184611908
0.005331268328006821
0.005208428328672444
0.005089121600224545
0.004973223184730825
0.004860613464827244
0.00475117789298249
0.004644806736741418
0.004541394838868936
0.004440841391396587
0.004343049722650588
0.004247927096407701
0.004155384522389488
0.0040653365773631
0.003977701236169645
0.0038923997120504316
0.003809356305686576
0.0037284982624083704
0.0036497556370693523
0.0035730611661150286
0.003498350146408784
0.00342556032040739
0.0033546317673059886
0.00328550679979867
0.003218129866123488
0.0031524474570838253
0.0030884080177568966
0.0030259618636206075
0.0029650611008459273
0.0029056595505192895
0.0028477126765738096
0.002791177517222507
0.0027360126196995962
0.0026821779781277724
0.002629634974341139
0.0025783463215034116
0.0025282760103711296
0.0024793892580604365
0.0024316524591848094
0.002385033139238677
0.002339499910109511
0.002295022427607781
0.002251571350910677
0.002209118303821445
0.0021676358377519345
0.0021270973963412082
0.0020874772816279735
0.0020487506216993246
0.002010893339742481
0.0019738821244305264
0.001937694401576726
0.0019023083069956885
0.0018677026605131086
0.001833856941068845
0.0018007512628611174
0.0017683663524824516
0.0017366835270005204
0.0017056846729396635
0.0016753522261210663
0.0016456691523217687
0.001616618928714879
0.0015881855260551853
0.001560353391576194
0.0015331074325664674
0.0015064330005946404
0.0014803158763541369
0.0014547422550999444
0.0014296987326513316
0.0014051722919355782
0.001381150290049038
0.001357620445813015
0.0013345708278030895
0.0013119898428314816
0.0012898662248630227
0.0012681890243463746
0.0012469475979427814
0.0012261315986357418
0.0012057309662054832
0.001185735918053186
0.001166136940360327
0.001146924779569401
0.001128090434172738
0.0011096251467969322
0.001091520396570798
0.0010737678917654002
0.0010563595626952328
0.0010392875548700632
0.0010225442223874939
0.0010061221215566336
0.0009900140047438292
0.0009742128144316928
0.0009587116774831154
0.0009435038996022599
0.0009285829599849468
0.0009139425061511249
0.0008995763489524181
0.0008854784577481136
0.000871642955743133
0.0008580641154819257
0.0008447363544923468
0.0008316542310739561
0.0008188124402253111
0.0008062058097051215
0.0007938292962222706
0.0007816779817500187
0.0007697470699597976
0.000758031882770221
0.000746527857007172
0.0007352305411709062
0.0007241355923063363
0.0007132387729727833
0.0007025359483096602
0.0006920230831946621
0.000681696239491189
0.0006715515733818598
0.0006615853327850809
0.0006517938548517928
0.0006421735635395526
0.0006327209672613289
0.0006234326566063794
0.0006143053021307594
0.0006053356522150577
0.0005965205309870721
0.0005878568363072319
0.0005793415378146027
0.000570971675031473
0.0005627443555245291
0.000554656753120735
0.0005467061061760786
0.0005388897158954522
0.0005312049447019532
0.0005236492146539942
0.0005162200059086299
0.000508914855229619
0.0005017313545387391
0.0004946671495089548
0.0004877199381981005
0.0004808874697217481
0.00047416754296402883
0.00046755800532516476
0.0004610567515045675
0.0004546617223183557
0.0004483709035502201
0.0004421823248345588
0.00043609405857089113
0.00043010421886857376
0.00042421096052084576
0.0004184124780073231
0.00041270700452403897
0.00040709281104019747
0.0004015682053807985
0.0003961315313343568
0.0003907811677849491
0.000385515527867834
0.0003803330581479438
0.00037523223782054996
0.0003702115779334358
0.0003652696206299306
0.0003604049384121785
0.0003556161334240421
0.0003509018367530564
0.0003462607077508599
0.000341691433371574
0.00033719272752758374
0.00033276333046222516
0.0003284020081388709
0.0003241075516459466
0.00031987877661741074
0.00031571452266824655
0.00031161365284453996
0.000307575053087717
0.0003035976317125392
0.0002996803188984595
0.00029582206619395684
0.00029202184603348985
0.0002882786512667003
0.0002845914946995216
0.0002809594086468697
0.00027738144449657414
0.00027385667228424385
0.000270384180278764
0.00026696307457812183
0.00026359247871528003
0.00026027153327381586
0.00025699939551306186
0.0002537752390024796
0.0002505982532650241
0.0002474676434292373
0.00024438262988985096
0.00024134244797665539
0.00023834634763141087
0.00023539359309259178
0.00023248346258774504
0.00022961524803326416
0.00022678825474137197
0.00022400180113413016
0.00022125521846428053
0.00021854785054274272
0.0002158790534725821
0.00021324819538928936
0.00021065465620720016
0.00020809782737188855
0.00020557711161838633
0.00020309192273507197
0.00020064168533308246
0.0001982258346211009
0.00019584381618538793
0.00019349508577491567
0.00019117910909147585
0.0001888953615846298
0.00018664332825138417
0.00018442250344046486
0.00018223239066107345
0.00018007250239601501
0.00017794235991908311
0.00017584149311659718
0.0001737694403129838
0.0001717257481003061
0.00016970997117163601
0.00016772167215817825
0.00016576042147004792
0.00016382579714061451
0.0001619173846743243
0.00016003477689790935
0.00015817757381490622
0.0001563453824633991
0.00015453781677691005
0.00015275449744835557
0.00015099505179700152
0.0001492591136383342
0.00014754632315678668
0.0001458563267812408
0.00014418877706324677
0.00014254333255789034
0.0001409196577072411
0.00013931742272632738
0.00013773630349157018
0.00013617598143162243
0.00013463614342055098
0.00013311648167331142
0.0001316166936434573
0.00013013648192303172
0.0001286755541445914
0.00012723362288531026
0.0001258104055731168
0.00012440562439481378
0.0001230190062061384
0.00012165028244371317
0.00012029918903884792
0.00011896546633314533
0.00011764885899587138
0.00011634911594305073
0.00011506599025824259
0.0001137992391149638
0.00011254862370071845
0.00011131390914259749
0.00011009486443441231
0.00010889126236532891
0.0001077028794499664
0.0001065294958599289
0.00010537089535673536
0.00010422686522611825
0.00010309719621366091
0.00010198168246173946
0.00010088012144774475
0.00009979231392355204
0.00009871806385621441
0.00009765717836984676
0.00009660946768868034
0.00009557474508125824
0.0000945528268057469
0.00009354353205633963
0.00009254668291072748
0.00009156210427861573
0.00009058962385125986
0.00008962907205200163
0.00008868028198778207
0.00008774308940161091
0.00008681733262596958
0.00008590285253713039
0.00008499949251037
0.00008410709837605937
0.00008322551837660885
0.00008235460312425277
0.00008149420555965475
0.000080644180911314
0.00007980438665575904
0.00007897468247850873
0.00007815493023578735
0.00007734499391697398
0.0000765447396077748
0.0000757540354540994
0.00007497275162662924
0.00007420076028606022
0.0000734379355490091
0.00007268415345456723
0.00007193929193148798
0.00007120323076599616
0.00007047585157020567
0.00006975703775113272
0.00006904667448029115
0.00006834464866386025
0.00006765084891341132
0.00006696516551718194
0.00006628749041188604
0.00006561771715505072
0.00006495574089786674
0.00006430145835854304
0.00006365476779615548
0.00006301556898497916
0.00006238376318929442
0.00006175925313865701
0.00006114194300362361
0.00006053173837192185
0.000059928546225058375
0.00005933227491535332
0.00005874283414339479
0.000058160134935904015
0.00005758408962400261
0.00005701461182187442
0.000056451616405814593
0.000055895019493656864
0.00005534473842457193
0.000054800691739230773
0.000054262799160323715
0.00005373098157343026
0.00005320516100823029
0.00005268526062005262
0.000052171204671752554
0.00005166291851591191
0.00005116032857735642
0.0000506633623359829
0.00005017194830989156
0.00004968601603881591
0.00004920549606784574
0.00004873031993143727
0.00004826042013770436
0.0000477957301529856
0.00004733618438668209
0.00004688171817636127