0.20000000832857234
0.2000001497864508
0.20000053960173725
0.20000118020065646
0.20000212505199574
0.20000326285177294
0.20000441728730065
0.20000654700219528
0.20000889685757733
0.2000111740687192
0.20001491615922976
0.20001726278723875
0.2000222714296837
0.20002129736733268
0.20002726997676804
0.20003206416222793
0.20003795066379224
0.20004754123318705
0.2000450324028203
0.20005745001819633
0.20006235698149857
0.20000944653707728
0.20035723060351157
0.19979507036828312
0.20050695313033307
0.20012158081856157
0.2000672120416704
0.2000894806677888
0.2002977732013619
0.20012937470956033
0.20013229476181357
0.200147750964746
0.2001588464390644
0.20015520301807582
0.20015434221033476
0.20023915533484568
0.20025432290597583
0.2004244117584503
0.2001817578845878
0.20005628913648452
0.2002162981114508
0.2001306043058378
0.20034513370014911
0.20015233446380076
0.20010203588083209
0.20018594377320878
0.20021527768454858
0.2002098979138479
0.20030317227072117
0.20040956252023406
0.20036438390513284
0.20029204259342626
0.20041149656737203
0.20041000386123645
0.20047727004964386
0.20044490967507836
0.20054411744442754
0.20065917552101306
0.20034947058425073
0.20050446573753902
0.20055031121813693
0.20055872994008772
0.20056703053395877
0.20036032604383647
0.2004847749041299
0.20057067520719332
0.20059275854217554
0.20067174064734472
0.20074425993252493
0.2007736567182025
0.20080502119805269
0.20073088557845375
0.20090128309989053
0.20101029857649277
0.20097572282887427
0.2010207879434411
0.20105182421304243
0.20106400663571322
0.20106921015806664
0.2010941197295386
0.2009693710359025
0.2009900177584909
0.20104367999836353
0.20102467039830704
0.20099567948782054
0.2009171050379371
0.2009371389816409
0.20085836030155002
0.20137910431995934
0.201445840145555
0.20147855102763607
0.20152405911555185
0.2015036378654428
0.2014685223402251
0.20165286502460195
0.2015093450840888
0.20151995553503133
0.2015133062147835
0.20153074858175313
0.20149248940025255
0.2014550818772778
0.2014270227995993
0.20143301366707475
0.2013970323193523
0.20139890177431485
0.2014094076202317
0.20143016090125485
0.201476102310429
0.2014070527568986
0.20140566651317857
0.20150788919549462
0.20148019101264172
0.20157089185071203
0.2021508256794704
0.20212601587764778
0.20208002973637587
0.202073866320601
0.20204722444995818
0.20203016902686016
0.20203635317242571
0.2019838889986542
0.20200942997799456
0.20205104678920943
0.20206891564788784
0.20205462262975526
0.20212603657682013
0.20216460771662384
0.20218413610413677
0.20217955618221803
0.2023224301756883
0.2023752677279905
0.20243324859893863
0.20255335031175745
0.20266564533804435
0.2027966152287856
0.20293878482523725
0.20309410276679646
0.20326458961840063
0.20264849297603246
0.20264376826919292
0.20262223975708427
0.2026685209244465
0.202796014725325
0.20284437148528567
0.20289931727697785
0.20301818119014703
0.20309401357523085
0.20320616177732775
0.20332460515154843
0.20342097894194708
0.20353427966192222
0.20364295188545567
0.20376142849728976
0.20387989946965843
0.20398043529355198
0.20413911563557605
0.20419430027913418
0.2043675059641649
0.20443690300009562
0.20450358042258182
0.2045880260556576
0.20468983680293737
0.20474512694239383
0.20402040956723863
0.20418442139926785
0.2043174275820336
0.20445670808162722
0.20459785510330175
0.2047445391923173
0.20487341819528349
0.20501019414058944
0.20518205928731845
0.20530689471454894
0.20538449718657456
0.2056053438674082
0.2056334888090572
0.20573841234575527
0.20584282032588255
0.205946565868022
0.20605279052244949
0.2061495820139621
0.206258253144941
0.2063098304585632
0.20638395012645552
0.2064364746019969
0.20647551124609848
0.20653803849996583
0.20658578432841218
0.20653936321455382
0.20674950898202202
0.2069676833539824
0.20728533532022775
0.20749654713540996
0.20782483680647196
0.20798552436873216
0.20827572743763004
0.208544977712797
0.2088834424258875
0.20915150627263662
0.2094679080532342
0.20980810563726116
0.2101627570076152
0.21053929576125363
0.21093599730056783
0.21137194159221856
0.21180889131343353
0.21225360486148823
0.2127098454514123
0.21330640084764851
0.21389537140731352
0.21467614471601432
0.21531681772753258
0.21618945091519282
0.215765602142333
0.2141284510541472
0.21255383124576496
0.2110452747814208
0.20956618686575118
0.208052598745263
0.2064606874153334
0.20486338334945314
0.20320645145027014
0.2015950523579184
0.2000051136406487
0.19856632447520275
0.19723578288376348
0.19611948410126467
0.19506725320499005
0.1942028633476077
0.19337867754419336
0.19265236527721996
0.19201974910579228
0.19148507884122282
0.19108249908564487
0.19084825899194355
0.1908185847336347
0.19104472627651226
0.19147937731005016
0.20122275715706114
0.20134499012433388
0.20144380593868816
0.2015781380120822
0.20171734260806565
0.20186205585210576
0.20204734368144753
0.20223090459726822
0.20243898759925738
0.20268817187594196
0.20291516368702922
0.2031376190602719
0.2034058789616074
0.20366898379687326
0.20395439769503138
0.2042181914451826
0.2044596952060535
0.2047820977379056
0.20506857653488536
0.20533706354757247
0.20559649323788742
0.20573227321790338
0.20606780198064956
0.2062034944995942
0.20646731915983435
0.2049868853553622
0.20525014281474013
0.20552853823903425
0.2058034136775388
0.2060662029561559
0.20633048721130212
0.20656587204463708
0.20682788121248163
0.20704295683261792
0.20727717496787848
0.2074596235123368
0.20764023744971713
0.2077726862806866
0.2078903473502457
0.2079975482202301
0.20808627725061357
0.20815096899353286
0.20816724647242105
0.20819234336295456
0.20818303939732863
0.20813557930251178
0.20807580527257225
0.20797674893951076
0.20788767175731465
0.20774057572196414
0.20919458263872384
0.2093439750894357
0.20953819600418108
0.20965497458565452
0.20975132990017045
0.20980684099142144
0.20981217878914082
0.20983224940209608
0.20981982538724275
0.2098002767962818
0.20974729550256255
0.20972254346702543
0.20967372716247143
0.20961865830265813
0.209554544189304
0.2095049485991322
0.20944641430143993
0.2094199871135228
0.20938843376589997
0.20936600438332742
0.20937312678578096
0.20942265678153194
0.20949462270742042
0.20953403234686718
0.20967470477716352
0.21170233031516178
0.21153911342346254
0.21144631232858638
0.21133408569930628
0.2112388961976903
0.21113910610151077
0.2110702740387307
0.21102632376003777
0.21100918181426273
0.2109627197785976
0.21099185414477123
0.21105049968267212
0.21114007790972217
0.21125362638134126
0.21130874829907265
0.21147840483450342
0.21164461709304389
0.21184006827767574
0.21206860430645202
0.21231912666899863
0.2126151107816668
0.21291497795345204
0.21323211104787884
0.21361954998113836
0.2139825228253164
0.21224620950523573
0.21228500255522428
0.212323128787257
0.21238131634210422
0.2125328635951073
0.21270106782125844
0.21296221165438325
0.21309573802772527
0.2133218999725357
0.21357479095304613
0.21384582101129965
0.21412642371752916
0.21439979867073183
0.21468242854021344
0.2149609175780475
0.2152338578170451
0.21554890188396575
0.21580273948585038
0.21599824425438616
0.21627546597098482
0.21648156013737901
0.21662690879557484
0.2167727511346681
0.21690034327125363
0.21694843069958378
0.21478257756929212
0.21517087380329147
0.21555861039419286
0.21590343840972884
0.21624094347003298
0.21656594911569313
0.21687088695152287
0.21715771270460965
0.21740440431841604
0.21765216100329146
0.2178633358142714
0.21799149108031207
0.2181566046502688
0.21826683883533893
0.2183408032230657
0.21839354286007095
0.2184089558035259
0.21839811544017093
0.21836332830875063
0.21827406430138555
0.218164490248638
0.21802590942774444
0.21783754155520482
0.21765629194325742
0.21746072792666996
0.21972026825862462
0.22002230218409297
0.22015912665821336
0.22030524734639256
0.22034791181362937
0.22038994645030893
0.2204015465395472
0.2203478793645066
0.22033504792016623
0.22027944288325865
0.22019122151043313
0.22010320487225268
0.22000967891070852
0.2199097956620391
0.21980175558039772
0.21970470508104473
0.21962058650455357
0.21954985070281546
0.21951684231240676
0.21953369635951608
0.2195036878911039
0.21954029193620403
0.21962218981275425
0.2197226276418074
0.21994748040238357
0.2226758093287659
0.22247349941769634
0.22230439533458862
0.22214008014194914
0.22199987397927845
0.22186999024182075
0.22176334137772502
0.221686091843345
0.22163269731491766
0.2216193404510746
0.22162622672991156
0.22166511790255458
0.2217495135564395
0.22190374419440914
0.22204079614079134
0.22224312268493626
0.22247158092350372
0.22275518438587436
0.2230740303327795
0.22343031476491165
0.22380265101424876
0.22423575654534303
0.22469624197688148
0.22515963969017266
0.22566090427304644
0.22328603098304847
0.22333021924791968
0.22337744592810327
0.22350608498554525
0.2236278751505867
0.22384963840764202
0.22409718691944544
0.22443786385798384
0.2247092237141288
0.22505125218990932
0.22541273669478964
0.22581509418174905
0.22618203273952053
0.22655821069768195
0.22695595225969128
0.22732899001195767
0.22769442916777236
0.22805111299728661
0.22837637284678508
0.22866995553968594
0.22896301035442124
0.22918041376981688
0.2293935273474689
0.22952322303178008
0.22960952208567909
0.22666517599413344
0.2271690419706598
0.22768172767425057
0.22816101925687537
0.22863515566532056
0.2290656171973106
0.22947338108872078
0.2298658494680608
0.23021771084086884
0.23052961403548267
0.23074013099624138
0.23104258516082507
0.23114327303134097
0.23136771552673457
0.23140481019001993
0.2315193380768171
0.2315398432249338
0.23153063501579715
0.2314455744772719
0.23132032599954688
0.2311966164389791
0.23099506591546945
0.23076251666839714
0.23050958566719945
0.23021686786027823
0.2333532920231416
0.23367987377081872
0.233810233200146
0.23397447640618413
0.23407583248226543
0.23415613973777868
0.23413090118785693
0.23416965605620313
0.23408328914481863
0.23401069467960295
0.23390074627570176
0.23381764185402537
0.23369062878942023
0.23354756555389908
0.2334055533546044
0.23328207536672288
0.2331785574123848
0.23308216721315253
0.23301210615817347
0.2330213921186246
0.23298959448146037
0.23304022914171016
0.23315652442683835
0.23329613992726234
0.23363568261777173
0.23727920048158976
0.23701499825021882
0.23673383299059628
0.23654246537027335
0.2363378238890567
0.2361649600193123
0.2360073533276969
0.23590937414038496
0.2358113963544093
0.2357996506530669
0.23581242715532633
0.2359121756775226
0.2360130558405896
0.23619166000088607
0.23642122025366544
0.2366917140191103
0.23701185671711963
0.23737724556624543
0.23778023603517373
0.23825919046867877
0.23875752229955954
0.23931860009339292
0.23992691882985126
0.2405915708652279
0.24123896590281416
0.23805610398742993
0.2380331823237657
0.23810604393195434
0.23830248498292728
0.23848684951533772
0.23882004498445025
0.23913880249835928
0.23955079467672769
0.2399929176788662
0.24044561524198801
0.24092438492363621
0.241425616365699
0.24192516504338485
0.24244441322313215
0.2429721366978917
0.24345967840083266
0.2439890059502758
0.24444227377963432
0.24489569656316007
0.24529655710775503
0.24559906790236455
0.2459133881065705
0.24621488373694456
0.24632997797308948
0.24654333202262307
0.24253525575152426
0.24326854763799172
0.24394371437073611
0.24457103480445114
0.24518604719592801
0.2457446406394547
0.24634740318984968
0.2468529430700046
0.24729101177541515
0.2477273308585396
0.24810546715768966
0.24842888621634382
0.24867908857400278
0.24888125903863034
0.24902221507500122
0.24908829194976756
0.24913814983510096
0.24911006871970243
0.24902905880113005
0.2488803717193587
0.24868687022093677
0.24845561124821663
0.24812729904560588
0.24782498671329983
0.24742146659530243
0.2514743872888247
0.2518680068679792
0.2521328620713378
0.2524106805314345
0.25257408622661043
0.2526802428196542
0.2526741167398212
0.2526423390631789
0.25252002608832474
0.25248401584149993
0.2523496923965592
0.25218129000997347
0.25202102163278434
0.2518380970552628
0.25167056722750125
0.2515000933041938
0.2513847900102254
0.25124546093993794
0.25114742971994636
0.25114227489711427
0.25117290430257716
0.2512126960725924
0.25130103760326555
0.25152536705957657
0.25178070067074393
0.25688162831400224
0.2564980586235682
0.2561699679921264
0.2558590131711148
0.2555943943722612
0.2553633001105638
0.255181381217031
0.25500354684104476
0.2549175709061921
0.2548885431090941
0.2549008435337655
0.25502135502341094
0.2551760637489906
0.2553878103280295
0.2557167702010093
0.25601897000905804
0.2564133643454846
0.2569061615974702
0.2574504075673505
0.25806881898250483
0.25877659765259936
0.25947726401044163
0.2603087319670577
0.26114904773476894
0.2620044101246339
0.2578916719516014
0.25794539243006204
0.2580465743627202
0.25822573388137715
0.25851385437506263
0.2589368882936506
0.259402819594929
0.2599384885688023
0.26040313478680605
0.26106111758427936
0.2616950306591882
0.2623206130962134
0.26297656890808657
0.26363168606439075
0.2643506548713574
0.2650039714271671
0.26566707706682885
0.26626616943212816
0.26687000604459193
0.2674314649642589
0.2678992214187425
0.2683172951930726
0.2687054706483789
0.26898827081821614
0.26910540120613646
0.26387442228919056
0.2647912163931248
0.26569277517177714
0.2665093562468347
0.26733619874903086
0.26812530277862917
0.2688606383247664
0.2695411378462621
0.2701308502412739
0.27069228538817053
0.2712215270965126
0.27155647043299713
0.2719759444509823
0.2722605273801135
0.27244091326252734
0.27257683824567847
0.27260007105162604
0.27258829623783515
0.27249978195256874
0.27232210790672084
0.2720991753288636
0.2717665294021674
0.27138678281070494
0.27096392535673347
0.2704713236900108
0.2756948291222892
0.27625922501373734
0.2766987376368574
0.27697074133076144
0.2771656426317864
0.27727969220409154
0.277360578441405
0.2773121664222467
0.27720044846894226
0.2771038282041282
0.2769633444448774
0.27676029289850557
0.2765499902212925
0.2763418951351426
0.2761469353131899
0.2758787631087482
0.2757048032230858
0.27554511285248673
0.2754015566641383
0.2753905741585418
0.2754533653266194
0.2755154028486162
0.27564574937887426
0.27594831569596456
0.27626622033592685
0.2829336405321153
0.2825198057149289
0.2821027194933126
0.28168204957857623
0.281351593977409
0.28106334940972316
0.2807737921512504
0.28057256470524566
0.2804663178689709
0.28038993646538624
0.28045124061227633
0.28053900854964764
0.2807931895462926
0.2810599150671024
0.281471900757615
0.28194047353602286
0.2824567565701111
0.28305431357069677
0.2838143603402649
0.2846076213501643
0.28552193596470066
0.2864985626081964
0.28752007862010087
0.2886148538643617
0.2897607281229515
0.28449291916582853
0.28449113931784104
0.28466739075133124
0.28494059918322034
0.2852980278855428
0.2858034949653887
0.28641838698810995
0.2870799567659163
0.2877891874130697
0.2886138861634075
0.28943491806792665
0.29030337459121675
0.29120477913053555
0.29207339483101324
0.2930161984868498
0.2938458672769248
0.2948025998839584
0.2956327106603825
0.29640187503962717
0.2971076332098491
0.29771775099045206
0.29840099370493
0.2988656917812762
0.29921918568095024
0.29947505345872144
0.2924779926858313
0.2936839557209402
0.2948354424362092
0.2959683813649421
0.29706083022076274
0.2980840914948569
0.2990886221785359
0.2999957450891073
0.3008246819520924
0.30156495605212746
0.30220495408874815
0.3028045243176869
0.3032646562169069
0.30356820349180963
0.3039394569787727
0.3041204538368058
0.30417992073100364
0.30419562048769894
0.3040788032090517
0.30387663894412004
0.3035702120302364
0.30316869523362455
0.30269324444575063
0.302171211770524
0.30149006879904205
0.30829567067409297
0.309025914772533
0.3094813247328622
0.3100276622732528
0.3102961363752756
0.31050381045144
0.31052145397813163
0.3105493547721464
0.31045766168038935
0.31033358502001857
0.31010073587855136
0.3098724674273951
0.30960579489110257
0.30936339739198465
0.3090243657774176
0.30875665842158434
0.3084900378180613
0.3083803975348441
0.3082390901910575
0.308089234686033
0.3082040581779317
0.3081868644826928
0.30840775708187124
0.30873776165667033
0.30933236376075957
0.3182020031835729
0.31763490080091056
0.31710136272338835
0.3165864469328293
0.31613441791565744
0.31574556502505974
0.3154277291347035
0.3151452613772314
0.31504720423748933
0.31492525671502497
0.3149732647086393
0.31513889988332133
0.3154509155964774
0.315766653472679
0.31627800149035157
0.3169191669995268
0.317591208229196
0.3185063074337737
0.3194934210561744
0.320534728877363
0.3217159860451155
0.3229842539194252
0.3243381836694218
0.32583586093567707
0.32735934209791906
0.3207172777303921
0.32069144055728577
0.3208501520589017
0.3212140293447758
0.3217378645866332
0.3223819271047899
0.3231374456944299
0.3240202242077341
0.3250047117796242
0.3260395616862309
0.3271505308067001
0.32828708073872803
0.3294680181019768
0.3306722110141396
0.33186452184071136
0.333050906380436
0.33421459408545623
0.3353343277324525
0.3363907963070745
0.3373695271774134
0.33830604655290314
0.33905108573544135
0.3397310725489185
0.34030546586011595
0.34065605273554944
0.33134891422823276
0.33292563637080136
0.33451871047177384
0.336072882440447
0.3374817989704725
0.33889656628862164
0.34028170143031994
0.34149011857915
0.3426124648928852
0.3436391219406889
0.34447647176795904
0.34534529882485593
0.34592338812338397
0.34654410989208995
0.3468584545831606
0.3471948651492076
0.34724820679167945
0.3472855845185078
0.34718131433171684
0.3469660486020968
0.34659088713630043
0.3460873902216097
0.3454546697598344
0.34470618114069873
0.34389160240429933
0.3528716600054919
0.3539023008836004
0.35466910761312787
0.3552462360489022
0.35573763669109076
0.3559913953654319
0.3560845700384024
0.356087450071154
0.3560069984331869
0.3558302592840126
0.35560328749495285
0.3553108034273344
0.35497051124288453
0.35462746936937584
0.3542548093903129
0.3538952043312125
0.35358945937430736
0.35328326520890013
0.3531170198986026
0.3529800284630248
0.3529883098178563
0.3532174752967537
0.3533921813651812
0.35392731351620677
0.3546376674572251
0.366858213893303
0.36607013875036415
0.36533886927550513
0.36471091349804297
0.36406504621412555
0.363537183616618
0.3631194983573324
0.36279419423259496
0.3626502710455529
0.3625067536612689
0.3625859824332952
0.36280849655326225
0.36305986375994553
0.3635829872318923
0.3643469754845975
0.3651379557523441
0.3661289499253103
0.36732281658459515
0.36859899402832974
0.37012337485074354
0.37175332936132177
0.3735324396355629
0.3754855343070326
0.3774691856264246
0.37971411607352934
0.37044591575831354
0.3704400703514533
0.37060526021332113
0.3712534600757252
0.3719597365316512
0.37287285115222946
0.3739241072815799
0.3750817751309769
0.37638589550767226
0.37786596617821194
0.3794082452798016
0.38102022634185884
0.3826013405534147
0.3843723247273803
0.386044857836596
0.38770696173728775
0.38934993191759826
0.3909954916860564
0.3924248862689402
0.3936591582437503
0.3949307100611513
0.3960261081171574
0.3969906171871673
0.3977885201975077
0.39835829589063804
0.3853011263744143
0.38759552157511107
0.3898348037873065
0.39191583786648304
0.39400462794379715
0.39597254262785747
0.3978237696948803
0.39955149427516473
0.401149935775293
0.4025881540792419
0.4038765114313538
0.404960459069884
0.40596148720174413
0.40669061650911864
0.4072884251937453
0.40772563489836816
0.4079488161692543
0.40799280621360157
0.40788332085795775
0.4075769900874419
0.4070769223254692
0.40639414691801856
0.40561902818704704
0.4046720907746188
0.40345277670401986
0.41563228679797076
0.41711435912159867
0.4183594470702913
0.41927680193946326
0.4197669253530938
0.4200590870202288
0.42033170822890076
0.4203877108816108
0.42033106356505595
0.4202236349735994
0.41997528767512776
0.4195214874221427
0.4191027234891834
0.41861242382356756
0.41812201498139184
0.4176500677172464
0.41719874916244504
0.41685801127830874
0.416586835403294
0.4164851473801151
0.41645949210012506
0.4166799582194682
0.4170395125378357
0.41780313726279455
0.41874155561176185
0.4361135214665899
0.4351092951125699
0.43406229547770914
0.43315245231211086
0.4323082799546158
0.43160005043342103
0.43097386154992906
0.43045848339459647
0.43030117638375637
0.43013414504063413
0.4301643326609711
0.4305035465127829
0.43103144715689246
0.4318041812910483
0.43282238452568367
0.43393500108047006
0.4353835459004888
0.4370764755665862
0.4388280398337565
0.44096728112165257
0.44335144493839485
0.445937446846784
0.44851256635854986
0.4515947187970268
0.4544282846810188
0.4416176046457294
0.4416016905103779
0.44197261063877025
0.44268182317282045
0.44370477572023154
0.44502960557688764
0.4465055190739923
0.44838690893884287
0.4502947762121596
0.4524124457116751
0.45459206820698567
0.4569092710924589
0.45932746275968644
0.4617740296235227
0.46425830571745563
0.46662068338061835
0.4690375947580508
0.4712732355684912
0.4735414258472936
0.47540372073230724
0.47737167349664783
0.47906758181500486
0.4803933627467856
0.48162699591698216
0.4823982562666985
0.4634043319405792
0.46678659745592016
0.47001549547120675
0.47315625410792866
0.4761321006393531
0.4789839042976575
0.4817447084775069
0.4841499993211301
0.48656168737758293
0.4887315251799765
0.49058950899633913
0.4922476312225564
0.49361125461498584
0.4948849775236891
0.49570891353702157
0.49643651565492697
0.4968084838811935
0.49693974099742
0.4968089101644885
0.49647313097603524
0.4958417472423569
0.49493897510325374
0.4937605176297593
0.49250663633070113
0.49086223438711657
0.5085270609828846
0.5104911813962458
0.5122871690992479
0.5135421953176547
0.5145614494521696
0.5152066162670137
0.5156051696395451
0.5157790529303581
0.5156706264995014
0.51548864693878
0.5151863270095822
0.5146831356687256
0.5140530134934763
0.5134010866527684
0.5127588968974366
0.5120206817301526
0.5114247269157538
0.5109120900376534
0.5105515162623059
0.510328792914389
0.5105168804735576
0.5107105284953712
0.5113965665176515
0.5123357603546622
0.5137191478365724
0.5398617137276893
0.5383376813944041
0.5369308026784209
0.5356252766097908
0.534363034182017
0.5333319673460851
0.5325152526336965
0.531882506677745
0.531473365849602
0.5312389845131719
0.5314247519919038
0.5317628493919071
0.5325602135503381
0.5336444780744679
0.5351821033154218
0.5369538516554159
0.5391491008242542
0.5417050213018736
0.5445853007427371
0.5477212321527172
0.5512883273806604
0.5552173772992226
0.5593316141561737
0.5637114944040881
0.5681311479908313
0.5492620876143124
0.5489528210453211
0.5496002326916426
0.5506879158975967
0.5522037669734651
0.5542008840107019
0.5564812101203906
0.5593299363233043
0.5623022179730152
0.5655269824048529
0.5689960907867965
0.5726005144806445
0.5762538538286869
0.5800944007314581
0.5837996349740787
0.5876257401901989
0.5912653373809976
0.594712721276497
0.5980401125117119
0.6010348663483934
0.6040358468570352
0.6065990110351263
0.6090225295647429
0.6109776455307507
0.6121565699816782
0.5829104906774267
0.5881725712061526
0.5932505909316891
0.5982869758933975
0.6028981654794913
0.6075152576347925
0.6117880859401595
0.6156570398961541
0.6193541944253759
0.6227729225858568
0.6256978483870951
0.6283528747964222
0.6306841107075575
0.6324995811150137
0.6341347638885498
0.6351612166583339
0.6359200256739855
0.6362900973679022
0.6362745564461088
0.6358101635091333
0.6350205948758493
0.6336378974043643
0.6321021884249813
0.6299642267183981
0.627477929875509
0.6549210252800528
0.6584540738922625
0.6611843347091938
0.663436391570424
0.6650506662657071
0.6660755733065027
0.6668957911794363
0.667329583818266
0.6672864166039911
0.6670495372581232
0.6665563414850644
0.6658708383178309
0.6650186307863837
0.664034943122857
0.6630128421319711
0.6620176661391405
0.6609657737154156
0.660271477055796
0.6596977316199417
0.6593686197464934
0.6594035894943876
0.6599444062268834
0.6612839370411836
0.6629169431086293
0.6652863170371288
0.70767526411057
0.7054108094666828
0.703237779482736
0.7010769922167055
0.699193999952243
0.6973960756993192
0.6959816513998403
0.6949352291561552
0.6941384749943313
0.6938129140105812
0.6940051970220702
0.6947537832261022
0.6960921394232447
0.6981106348770226
0.7005637372733747
0.7036877814325359
0.7073500443927248
0.711640423212106
0.716531427346588
0.7218917056892522
0.727724352388761
0.7339431213794281
0.7410061485091457
0.7481897610986882
0.7556743667302419
0.7247557401911183
0.7241885555310661
0.7248692662417362
0.7266268656512329
0.7291542963573339
0.7325590887809804
0.7367386289962228
0.7415408880198532
0.7467250424915799
0.7524865907510319
0.7584758693485041
0.7648102569112543
0.7712151897656422
0.7776458542204582
0.7841202318664375
0.7905082981215396
0.7968678870143701
0.8026612263201478
0.8084704344053375
0.8135302493710049
0.8186582517412565
0.8229570291729286
0.8266914096426017
0.8303191436950019
0.832964939226779
0.7822415934512009
0.7917338819017611
0.8012252540665669
0.810385747485493
0.8185578060031201
0.8268054535942849
0.8343003232317918
0.8414207842446104
0.8478336021300765
0.8536194572284203
0.8588444392172839
0.863463975788321
0.8675260030652836
0.8709751402501326
0.8737066934550899
0.8758695029986738
0.8775282998680068
0.8784593487795564
0.8787543737882988
0.8783611208511458
0.8773165583530126
0.8754182490665056
0.8731323271412629
0.8699312717669908
0.8655260687839014
0.9147689662421478
0.9206530001766694
0.9252933844913711
0.9292456424245946
0.9322130718613513
0.9345330565240996
0.9359722895806422
0.9369541228388105
0.937262990750907
0.9370673059319096
0.9365047147888826
0.9355230531740364
0.934274872419733
0.9326867527861279
0.9309263998190127
0.9291786327107453
0.9275422051960028
0.9259292785485461
0.9251664733283507
0.9241522422846803
0.9244501569434719
0.9253256919499434
0.9276068755074902
0.9310090895499582
0.9363276019316493
1.0176277072897573
1.0137802152857156
1.009843623414757
1.005939957535177
1.0022350457419669
0.9985850298106594
0.9956594084005994
0.9928955535378171
0.9910590251072399
0.9900153556226038
0.9899240563093857
0.9916382820710568
0.9937367476070152
0.9975287821046392
1.002877633647824
1.0094386126687673
1.017397836024938
1.026623731238965
1.0367885132223367
1.0480722622899559
1.05990876080667
1.072819201647022
1.0858435559670119
1.0990282614412064
1.1128859580141726
1.0496600316857874
1.0463352671669544
1.044559999580754
1.04700497034256
1.0523303417430077
1.0606069491603651
1.070400172803753
1.0821181794908343
1.0951015349520037
1.1084600419726478
1.1224648583917338
1.1365455354009706
1.150560885065704
1.1637646547849076
1.1770951909961453
1.1891748978360088
1.2008073783864543
1.2122872013063444
1.2219863674658489
1.231933197017937
1.2403665565666595
1.2489194407830044
1.2565168704486296
1.2631286611165689
1.2694037920036005
1.159906059863702
1.192162544639951
1.2197400582937037
1.2424173380384047
1.2618877041666456
1.2789369876561205
1.2937151954446797
1.3068138295099485
1.3185766155615408
1.32891851938982
1.3379831455160212
1.3462578820242281
1.353810374297751
1.360440802087488
1.3664735564539667
1.371866643408756
1.376623765792775
1.381142603454508
1.3845643396198157
1.3874465976396464
1.3894754456697815
1.3903611509578124
1.390370971001182
1.388464276420063
1.3847789940995057
1.5063764193895424
1.5068614396050688
1.5086068186474901
1.510808496152714
1.5137367640104704
1.5170213077470762
1.520568595476764
1.5243503146391457
1.5282414476292443
1.53231251980158
1.5363142657408264
1.5405288413436702