5.554168935037112e-19
1.5075435238072043e-19
2.788165560512081e-20
-1.1453406250259551e-20
1.4123119093106127e-19
2.4019751352453113e-19
-2.1186998058321745e-19
-1.5074465919185978e-19
3.2240592052048826e-19
6.38717886100378e-21
1.8470641548023994e-19
-1.1396046223645906e-19
-5.179454867803781e-19
9.42254392777448e-6
8.822734016525293e-6
0.000012447272718743728
6.769342241730134e-6
4.175205996861572e-6
-6.091767556713899e-6
4.5476363045066924e-6
5.57383105783831e-6
0.00006759932430691599
-0.00020128013566639126
0.00011811562420277449
-0.00007315021695386727
-0.000014558834183491741
5.0819032362479866e-6
0.000014419523177153603
0.00011024871234858885
0.000010176360684130973
0.000014873922708650473
5.984411803965418e-6
0.00002455282612658184
3.323512401617797e-6
0.000014825582660844978
-0.00013340768881820125
-0.0000812751818830903
-0.00018105175223959754
0.000017102502227321498
0.00010428418366724224
2.0412398905494704e-6
8.051573933615105e-6
0.000018219822676190876
-0.00003762189559592472
-0.00010004400105908073
-0.00008162694990107275
-0.00010564826110217648
-0.00018181788533110123
-0.00009058066159503829
0.0004193115849152328
-0.00006412203132313904
0.0003778627915906471
-0.000025977520120566166
-4.644842450660259e-6
-0.000013200770616310409
2.225192133974872e-6
-0.000042861510858960727
-0.00003417587642514218
-0.000011371894511264803
0.000012995786113512703
2.20324275795782e-6
1.3492135648931969e-6
-0.00003271605103484368
-0.0003219709183315675
-0.00025332439997926746
-0.00017738600151908946
-0.00031520816640599536
-0.00028610292260919287
-0.00031375357500189923
-0.00020884438460947637
-0.0001508939168261809
-0.00001791858397022533
-0.00010318428759706271
-0.00009817065834893746
-0.000038713681005673694
-1.9114146727932174e-6
0.000040172206190671905
0.00006683849677440476
0.00011263043578680592
0.00016559710972267313
0.00006894056047647247
0.00010301876460963953
0.00022097923206817455
0.00029826726179575875
0.00022441724994522416
0.00037194216830297637
0.0002323329235807603
0.00025975918405995584
-0.00024647476271474444
-0.00018762077828252854
-0.00011724540870664786
-0.00005168476911163627
0.000012445353818256888
0.00004614429697335771
0.0001803920160046294
0.00013214875691275782
0.00017771786128383438
0.00021654831991789843
0.00032005466442617083
0.00026020791634778724
0.00013509964055662162
0.0003926002134425481
0.0002698416945837916
0.0002753673986164463
0.00020989835797196089
0.0001636000268528298
0.00011326285414075125
0.000042193535347842216
0.00002549182128765586
-0.000030938868180829224
-0.00007695456710480068
-0.00019857132421857143
-0.00020269220234799993
0.00029552180240569005
0.000314030265725872
0.0002722319721185767
0.00033804470237323576
0.0003685754262903354
0.00031078167047040564
0.00025237111519679474
0.00028715168845452817
0.00021291895794510435
0.00014829974603764676
0.00010670369177592772
0.00007006580552391762
0.000018772605221598673
-0.000026194718272393508
-0.00008186245708376061
-0.0001711520167100417
-0.00016645849654777487
-0.00023838553385636103
-0.0003398251447604211
-0.00033354135223693897
-0.0004135212715598816
-0.0004308911629003077
-0.0004546793101409479
-0.00046455907335591647
-0.0004481803812173138
0.00032662234231907737
0.0002606318221162618
0.00019061749086390507
0.00010113759501146132
0.000023412467448437724
-0.000048825933698484666
-0.00012522654080946704
-0.0001596813677038367
-0.00022413159286993815
-0.0002503323352350394
-0.00024051925989311155
-0.0003114758795026203
-0.0003380166197992826
-0.00028327357548358246
-0.00029147708141069936
-0.0002808104331436682
-0.0002473637058487072
-0.0002481275826478312
-0.00017584322697678138
-0.00014624430281674357
-0.00007887998247804525
-0.000015441435063540065
0.00004930482732397152
0.00013899557553039525
0.0002184289932756835
-0.0002633362119750032
-0.00026522321175948736
-0.00030819991867801235
-0.000369004807645531
-0.00034185651318019325
-0.00037668679313527425
-0.00032587195357815105
-0.0003129687382192791
-0.00032164559237008247
-0.00027293648112116417
-0.00020850195817363377
-0.00018306632496536995
-0.0001180797010408548
-0.0000708861708595928
-0.000018223544431043357
0.00003443673992556877
0.00009854188266310883
0.00016574403220106384
0.0002766445303758143
0.00028621438321585864
0.00045015334890546193
0.0004086260658165364
0.0004945884488593029
0.00046698413193422823
0.00048548497946146213
-0.0005549608901959942
-0.0005608923117122965
-0.0005577283320272124
-0.000565173148590022
-0.000550599523360554
-0.0005089464407195483
-0.0005149648417219836
-0.0004671786797660047
-0.00043703073988526025
-0.0003147916236296859
-0.00030310100301165745
-0.00022147151939904867
-0.00011064623807676913
-0.00003862143640376821
0.000052137480119747235
0.00019210443382253358
0.0003332801849650815
0.000512808040614923
0.0007263409470120419
0.0009601096413739197
0.001203313526356929
0.0014873818804336675
0.0018727278590024324
0.002252592087033602
0.0027880156479029696
0.018087562204491363
0.018555014419582943
0.01889260821290293
0.019212765017239175
0.01943017554115228
0.019654512401512416
0.01973594709295383
0.01967219696692035
0.019458950094291244
0.0190185092996949
0.01840714113403296
0.01759520998105484
0.01663042045132144
0.015570411533536535
0.014430419369724863
0.0132785517365909
0.012049983847067795
0.010731592444862202
0.00937839899477228
0.007904360059143014
0.006307463752913506
0.004671807902763569
0.0028952497087673564
0.0010968559323016967
-0.0006639660698232247
0.0008832375264385104
0.0008833335883350718
0.0008524256774822608
0.0007624817932531829
0.0006535250053240228
0.0005198590720379574
0.0003841364594677078
0.00023630246182791345
0.00009443974028483495
3.842245077718971e-6
-0.00011589688419073519
-0.0002920738783928862
-0.00034777255098445944
-0.00044405876967526834
-0.000508127730754566
-0.0005391854428182571
-0.0005240731845746518
-0.0005682209854798315
-0.0005491359611629829
-0.0005001347102286374
-0.0004233224349579794
-0.00033934368461197104
-0.0002062573479789595
-0.00010554602025548027
0.00009793657872177874
-0.0005102648781481964
-0.0006234000496179165
-0.0006896826626692062
-0.0007397788568334657
-0.0007630046414422491
-0.0007484797214276734
-0.0006662803099469467
-0.0006697489233436598
-0.0005754777634624924
-0.000502940757847402
-0.0003891539632677708
-0.00026868083897849885
-0.00014279633528273093
-0.0000190025174383766
0.00011571773852307327
0.0002524924653947871
0.0003858141883150823
0.000485103553442383
0.0006292139909561874
0.0007539671959048717
0.0008531258147761048
0.0009078599725842094
0.0009727298596832168
0.0009620844313513526
0.0009662691508191485
-0.0008624017244952795
-0.0006314628087301506
-0.00044381258770820813
-0.0002411439437033497
-0.000058165788506533365
0.00012447762117118307
0.0002725284164501274
0.00041419732147165316
0.0005229405913424696
0.0006320560772299088
0.0006719745760608515
0.000759851557696741
0.0008016747821817073
0.0008043389994573562
0.0007922550175017523
0.0007395206971774799
0.000675193019841574
0.0005746652287845728
0.00046115564935201583
0.0003190002898445813
0.0001591712556791488
-0.000018815078822963214
-0.00021459106194451989
-0.00045152949402674344
-0.000675578026555961
0.0009129240899675002
0.0009406774750266278
0.0010316286360064475
0.0010099055977071444
0.0009975258732701298
0.0009672042443235178
0.0009065196692423313
0.0007901566660229564
0.0006549617913210274
0.0005473993143680826
0.0003925778092300216
0.00022942288979683678
0.00006542511730605702
-0.00008956581651428357
-0.00026571708989758553
-0.00042002265901283853
-0.0005830195229286685
-0.0007346414829924432
-0.0008722642756083556
-0.0009986549688833298
-0.0011197931686268681
-0.0011443855182135725
-0.001126682021647849
-0.001182728087810887
-0.001122012214389364
0.0009984504246976916
0.0007288912648624413
0.00046842741758965523
0.00023174363427514694
-2.3355848854662453e-6
-0.0002047174379010253
-0.0003501853842206083
-0.0005509341348149892
-0.0006916618024221786
-0.0008124782710427742
-0.0008909358822724556
-0.000945605470528856
-0.0009700925623265838
-0.0009399340203666957
-0.0009095472085696718
-0.0008582034980208378
-0.0008030028546200182
-0.0006700293507454661
-0.0004909414408970691
-0.0003489135308784198
-0.00015037655959260985
0.00007028956326895683
0.0003078096646656015
0.0005913670696172062
0.0008571140427376436
-0.0011387735468773954
-0.0012048540880010886
-0.0012001053670116016
-0.0012239156607950514
-0.0012033021648484143
-0.0011494509696624972
-0.0010770401427754996
-0.0009428947757708307
-0.0007882360562799232
-0.0006333827290053192
-0.0004569145446514247
-0.00025740133662136407
-0.00007396953331775307
0.0001297014597084537
0.00032550498917328046
0.0005171649835766038
0.0006990815123789295
0.0008693179987881927
0.0010489604911376133
0.0011712083972656576
0.001273206377742944
0.0013465436388596223
0.001439678271895869
0.0013959913261480169
0.0013169632799836292
-0.0011301992703309023
-0.0008700650644401186
-0.0005548749750394836
-0.00027227453024605407
3.3561072278939933e-6
0.00024365522769965875
0.00047865551698346995
0.0006209126230405486
0.0008214425081354337
0.0009599190638807017
0.0010312195050084184
0.001105053363652858
0.0011473666237712715
0.00115774811965991
0.0011312987305564137
0.001058731234699271
0.0009423307752754287
0.000799653398620636
0.0006088130025579181
0.00039857896802282327
0.00017767307899709504
-0.00008278087916529143
-0.0003674796831734446
-0.000698295062357632
-0.000995066892366927
0.0012563421276277468
0.001352010208218035
0.0013955295603339665
0.0014039014921336684
0.00140762730374066
0.0013362204667856854
0.0012362277291746544
0.0010818074255017512
0.0009279576156383516
0.0007311354110859003
0.0005223064669194685
0.00031072845782569903
0.0000840822505847125
-0.0001414848736126517
-0.0003754056851942248
-0.0006036180807267607
-0.000825756612279185
-0.001023972464345488
-0.001198690459759645
-0.001340128018123343
-0.0014913353429151994
-0.0015839273426447766
-0.0016316488187505232
-0.0016074707249974407
-0.0015236750965900033
0.0013399552112666746
0.0009708783240452249
0.0006404025559283894
0.0003130378815618132
1.2268502348702122e-6
-0.00027978889289268616
-0.0005374111613179734
-0.0007482161061553056
-0.0009617651343276985
-0.001105578552822778
-0.001224611281973673
-0.0012189581678766963
-0.0012960803584912343
-0.0013233892595970473
-0.0012638673282770582
-0.0011989895856062748
-0.0010693534259410202
-0.0009240545271143033
-0.0007107840617790119
-0.0004722097082292721
-0.00020115371385599832
0.00010843229917228697
0.00045848216514898977
0.0008117287353395261
0.0011976080148642953
-0.001522961206512608
-0.0016804191429023098
-0.001714095981963101
-0.001683950864949348
-0.0016694067850729743
-0.001566723709005936
-0.001421568332751702
-0.0012864900337139322
-0.0010880656232208606
-0.0008567223610063233
-0.0005797550851204684
-0.0003566548015878897
-0.00008422711323291368
0.00018755458644599172
0.0004304257624696404
0.000705514108231599
0.0009545653232067724
0.0011998558040599138
0.0014009994805519058
0.0015156675279942341
0.0017755682158132067
0.0018683708268075953
0.0019128577285297446
0.0018964308303604856
0.0018134080116378457
-0.0015704587058162857
-0.0011830224927787364
-0.0007130141220679695
-0.0003407808877261508
-3.4604137533177383e-6
0.00032288889061587094
0.0005918887311251812
0.0008760591673493878
0.001070378802555672
0.0012510572431440221
0.001359819767974016
0.001481829990576104
0.0015422480524397832
0.001557648466469709
0.0015193553727375227
0.0014148271357645496
0.0012562328259978215
0.0010687502980314821
0.0008293242960216938
0.0005545906480919219
0.00024609401290596057
-0.00012708651414433162
-0.0005008444436130314
-0.0009388348324671878
-0.001312710965520081
0.0017469176700957833
0.0018536717720213723
0.0018735954340225087
0.0019578356970889554
0.0019231335184673342
0.0017830645179972363
0.0016947910462663362
0.0014944096723366104
0.0012695332348436495
0.0009983909246988512
0.000740557614420413
0.0004287746823766293
0.0001270895213796665
-0.00017769682189200636
-0.0004900524685874654
-0.0007830932455467311
-0.001061158752292567
-0.001321849406111243
-0.0016192365657273868
-0.0018194919615214503
-0.0020288966105182055
-0.0020696493106498156
-0.002181568588165827
-0.00220086803650707
-0.002096034222448031
0.001828289346712898
0.0013502901416738884
0.0009012149142449055
0.00042843543784763273
0.000011186370044273626
-0.0003698887232936556
-0.0007200817999470789
-0.00100473008305819
-0.0012386136331768857
-0.0014510101534408256
-0.0016186755930664295
-0.0016738043289147595
-0.001741849400135501
-0.0017669181480351548
-0.001744904678758281
-0.0015743436639966842
-0.0014625089898150743
-0.0012324711842924517
-0.0009692444628650109
-0.000643165686879869
-0.00028569484203305924
0.0000952859111375003
0.0005427413820710807
0.0010120225475828471
0.0015724642135613593
-0.0020452576961396372
-0.0021986353749021367
-0.0022418262020218456
-0.0022599353640021715
-0.0021605182769296443
-0.002020307958538095
-0.0019237683686300735
-0.001706510444207433
-0.001399767483524553
-0.0011470584296502122
-0.000832782414045576
-0.00048737043142810704
-0.00013318960171689273
0.00022287176293499825
0.0005708257563448595
0.000916848776764275
0.001264898471751034
0.001581477267360877
0.0018776355164969337
0.0021162238888036223
0.002291852856129815
0.002373612079061179
0.0025304235647047335
0.0024811593053038544
0.002435463906470797
-0.0020618068340710633
-0.0015411246689657726
-0.0010173042714883246
-0.0005312134980593831
-0.00004063453015440628
0.0004050092214286299
0.0007848644236844398
0.0011332897633510287
0.001377152237736566
0.0016735056894234533
0.0018280303895496183
0.0019782618217764076
0.002032692947975758
0.001990838133342674
0.0019344363844129898
0.0018608374073736053
0.0016699326610239767
0.0014371250001632629
0.0011339879067493834
0.0007592934317536133
0.000364726617945403
-0.0000939100235609856
-0.0006269176574257922
-0.0011739150988060855
-0.0018134445770127876
0.0023088806516394418
0.0024965566968737857
0.002582854851045629
0.002580881298773766
0.0025015727507129593
0.0023721791739035798
0.0021808713895661164
0.0019753143441536415
0.0016842606643416485
0.0013412697838644377
0.000982937568062747
0.0005870324884356236
0.00018486700507533484
-0.00021618404388133996
-0.0006232702923451844
-0.0010423666636997515
-0.0014269459517798609
-0.0017812382461995285
-0.0021117988107260816
-0.002396325609106452
-0.0025973009094191987
-0.002753387913867254
-0.0029368866423129907
-0.0028373056701605165
-0.002679244165364443
0.0024275827948601514
0.0017752042418956687
0.0012163016588710657
0.0005973662571378409
0.000049508640572779026
-0.0004436426196802265
-0.0008584569903638001
-0.001255556746176495
-0.0016368543164862741
-0.0018364930644291563
-0.002035291030679302
-0.002231028216057225
-0.0023187113716338597
-0.0022977079562924354
-0.002276204221019114
-0.002083675426220784
-0.0019127355726387546
-0.001620168018631563
-0.0012611649102413599
-0.0008615776356445896
-0.0003906435419720377
0.00010069810405391642
0.0006822921686670469
0.0013159044277685225
0.0019767883560128023
-0.00261817599646466
-0.002775298641921131
-0.0029325763503863797
-0.002916244319376129
-0.0028487804994993516
-0.0027030397825232254
-0.002538335514081921
-0.0022801937066029773
-0.0018870776669108764
-0.0015236366877178934
-0.0011317632599644166
-0.0006770606715728151
-0.00021736036642557103
0.00024622414209585035
0.0007026268586063168
0.0011706872934356472
0.0015690310698681686
0.0020046394082777704
0.002413330039103583
0.0026608711160512983
0.0029709728662552734
0.00321957763484785
0.003288836550723728
0.003353470521231312
0.0032043771425034786
-0.0027475298707792836
-0.002061734698165585
-0.0013921110861221065
-0.0007183128065452144
-0.00009712308779738422
0.00046552447367762174
0.001009896344041753
0.001439227634160488
0.00177415721001766
0.0021210852554649348
0.0023930258363619745
0.002587856150839164
0.0026423689521341324
0.002645454070550064
0.0025247405882620672
0.0024691177653212455
0.0022310862099443086
0.0019125602360411434
0.0015582287186886774
0.001045285455930835
0.0005067405210580355
-0.0000926117298497146
-0.0007768414866495085
-0.001499157316902872
-0.0023352387146965297
0.0029264773023822094
0.00322858336540201
0.0032498702121088623
0.0033959772358804386
0.0032883238961643768
0.003109556958321704
0.002944268736223061
0.0026206029996008614
0.0022575657755696064
0.0018109521137557334
0.0013042018966973206
0.0008294432371364157
0.0002837006773631439
-0.00026603100226326544
-0.0007751360776071632
-0.0012697593066375024
-0.001802600116072755
-0.00228458371600883
-0.0026709084248816035
-0.003161867304432621
-0.003469815528750702
-0.0036736614917258353
-0.0037123944485942828
-0.00377334999598605
-0.0035793877919764088
0.00324833970344653
0.0024295446449270164
0.001645863056286401
0.0008400818049377577
0.00012099737781155234
-0.0005300470883936832
-0.0011004408950360397
-0.0016412291295182578
-0.002101532435088083
-0.002440289278810074
-0.0027097098373838023
-0.0029093469351966173
-0.0030422205682582334
-0.003049470554214864
-0.0030051972948265744
-0.002782328954338432
-0.0025465215614643363
-0.0022022504486530893
-0.001749305553084895
-0.0012121936317350842
-0.0006094237412733798
0.00009722391091190478
0.00086132109030959
0.001680518495985184
0.0025878371973178404
-0.0033351677690866173
-0.0036147256410562633
-0.003813383439592147
-0.0038719555419857513
-0.0037997376325341267
-0.0035944793620781967
-0.003347041477046209
-0.003018216623634553
-0.002558561844049342
-0.0020656027871630103
-0.0015229200218565223
-0.000953540969580673
-0.0003516370201774317
0.00022834387660277796
0.0008889942456291569
0.0015030697265578181
0.0020479567816178265
0.0026247796289347388
0.003136317870775114
0.003553761308851291
0.003947000401790388
0.004196503169576502
0.004383317018321698
0.004330569640962584
0.004254024224344509
-0.003734007063745402
-0.0027798176923157602
-0.001851755068326715
-0.0009945791443234692
-0.00020108556142748387
0.0005808245904256065
0.0012047777697538169
0.0018781160855287377
0.0023851819649305717
0.0028214927344773814
0.0031040508882474995
0.0032956389467456706
0.003514022691547079
0.0035091327629060212
0.003476997050017771
0.0032728519286541195
0.002978348330026053
0.002549705627042523
0.0020485785585423175
0.0014360255531477464
0.000736565653026818
-0.00008457144765108956
-0.0009766971756404064
-0.001952568933021876
-0.0029012608495190047
0.0037666334403460675
0.004146447443733012
0.004428780341331047
0.004448322540427289
0.004398296470130107
0.00421395185479859
0.0038923629641473387
0.003507877112511587
0.0029655656129485976
0.002425624703462183
0.0017962649918451443
0.0011411413790144219
0.00045822389351202143
-0.00028020615277747336
-0.0009918343048618656
-0.0017024185071325309
-0.002416698154640328
-0.002952907760786865
-0.00348885050994381
-0.00401078003456497
-0.0043920675845549395
-0.004710669495976076
-0.004898658631173821
-0.004946808652404776
-0.004780604517432601
0.004272302444777159
0.003242389753376439
0.0022298865543473583
0.0012349254898921694
0.0002896488993178116
-0.0005722775669295499
-0.0013677666791694731
-0.0020340686273670402
-0.002636532178624944
-0.0031145086015304897
-0.0035031082521524495
-0.0037693511916741
-0.0039396889130003535
-0.00398063233283979
-0.003898231774378569
-0.003679055744272311
-0.003356324623332702
-0.002899962381762432
-0.002332128332358012
-0.0016773965089776671
-0.0008843013429023449
-4.4817462594979373e-7
0.0009842758230974454
0.002082245948932903
0.0032412398096102676
-0.004358575161251116
-0.004911913057956716
-0.00511454716629286
-0.0052043202269214115
-0.005095204338770676
-0.004892609419620267
-0.004543408599699889
-0.004038686787084899
-0.0034607760814842512
-0.0028117455452891216
-0.0020684115522513857
-0.0013150433944818223
-0.0005406587128030542
0.0003110849254899573
0.0010756977488048758
0.0019328290666328542
0.002625477214359011
0.0033340916861908636
0.003982659499870244
0.004602422630172424
0.00529099209066754
0.005664092979608218
0.0059466095425782795
0.0059228036882663015
0.005759079409710139
-0.0050802157422173005
-0.0037968075086027586
-0.002565549363923825
-0.001432121203060328
-0.0003324725171452033
0.0007063328385172554
0.0015966907971453725
0.0024065062697899565
0.0031175027133868868
0.0036639245409457242
0.004099061929243814
0.004551357004071502
0.0046678231033164975
0.0046867999514187105
0.0046478091039790104
0.0044222193350065995
0.004019618463589039
0.003527407295204557
0.0028294485489807684
0.0020076906022001217
0.0010497069145285695
0.000022897410874758863
-0.0012436351306627218
-0.0025216209887944834
-0.003945309476270758
0.005100457341627917
0.005630597331546028
0.005813355923755919
0.005972867327742583
0.005955444104279808
0.005730810079500876
0.005268515514454674
0.004780689818031725
0.004069254555592988
0.003358746023999037
0.002542463333218225
0.001616119878608443
0.0006540096859307511
-0.00033158021096059816
-0.0012642618494700373
-0.002280986175886011
-0.003121766074631063
-0.004045538860770882
-0.004863272974216997
-0.005584965736627718
-0.006056067393260451
-0.00661348546372588
-0.006838584364577234
-0.006845160530450509
-0.006693110476705612
0.006072688037204074
0.004579726772013119
0.00319021582763615
0.0017483081202761851
0.00046680076947189025
-0.000715811731174302
-0.0018031885943483811
-0.002758596622806477
-0.003688354260914197
-0.004376530661524813
-0.004955466897602133
-0.005363710023993294
-0.0054942845885753416
-0.005607328236913748
-0.0055179176153501005
-0.0051816888492428265
-0.004704224926006734
-0.004109631450429944
-0.003312970032835045
-0.002354580489729343
-0.0012881108473354226
-0.00014266851501664298
0.001246207426651861
0.0027234819712428494
0.004397543536205643
-0.006130855210946079
-0.006730894877396937
-0.0070401384290073084
-0.007068081424870127
-0.007046288980108392
-0.006724054754402582
-0.006248309637665753
-0.0055930590559199475
-0.004854371515091952
-0.003958790504890274
-0.0029675110835794124
-0.0018912224708567092
-0.0007782704046585294
0.0003215867436833328
0.001445753512839166
0.002637225636250129
0.0036732140179974227
0.004696203689718627
0.005700347582897197
0.006485231338057698
0.007118801980144464
0.007812214895854911
0.008084331232583775
0.00810892635065586
0.008036899481407643
-0.0070977449141366965
-0.0053513743448348975
-0.003692554152155979
-0.0020812823750505087
-0.0006226362306251969
0.0007277784778360441
0.0020204958066632377
0.0031733227699752174
0.00411887674206922
0.005089405909886789
0.005807708210050868
0.006210747955713811
0.00653186101340682
0.006624524579430454
0.006542997791247297
0.006241988732467755
0.0057294694977383055
0.00495389238427442
0.004053643585225371
0.002927779279896929
0.0016173344034611395
0.0001305343558440278
-0.001592419930037242
-0.003396660612570056
-0.00546530394066456
0.006955457961310217
0.007864966440776805
0.008256370377387306
0.008354388485469677
0.008393604474978555
0.008006501933563162
0.007540516116246232
0.0068526027867289434
0.00584957682467466
0.0048217184046906
0.0036439028800966827
0.002344060559314612
0.0010267310282881623
-0.00034755913051807383
-0.001712575482494307
-0.003127142891326044
-0.004388833123460445
-0.005570852467912284
-0.006745461165630015
-0.0077382960746328645
-0.008639905177421397
-0.009335345225350209
-0.009506271673998697
-0.009743799429347567
-0.009378176077816604
0.008851066301853078
0.006769098125536925
0.0047313369532990006
0.002637739463640944
0.0007369786485189436
-0.0009976844299223087
-0.002611982882258409
-0.003912037682949226
-0.005174576235413709
-0.006258362530056387
-0.006963987503557843
-0.007501659409359805
-0.007864394813739729
-0.007990921528066085
-0.007849471454664348
-0.007380143873624353
-0.0068043188696406435
-0.005890125650423702
-0.004818451709830932
-0.0035482650681909096
-0.001932462119759532
-0.00018493638399916728
0.0017609682153481997
0.00394583389413028
0.006210337382137911
-0.00881776738941356
-0.009791267030481228
-0.010139051260034247
-0.01026721706218824
-0.01028662149156283
-0.009758646641265786
-0.009135415582745518
-0.008089961404764468
-0.007051802590523546
-0.005756424154305639
-0.004324342853322719
-0.002865769569646033
-0.0012626780685161313
0.00041813851301949725
0.0019360461965531228
0.0036401049275232955
0.005186733492150273
0.006656240095872258
0.007931386416876992
0.009361876459996145
0.01051198825898147
0.011137114375959767
0.011815689261916241
0.01184641250322456
0.011771068258219485
-0.01050969179058144
-0.007950956440161526
-0.0055383152643490256
-0.0031962627804312904
-0.0010130354237645276
0.0010208294147822906
0.002853583154640088
0.004562355895455759
0.006000425557417451
0.007249995254713059
0.008407585952347316
0.008987050426701402
0.009659231915136825
0.009867072985200898
0.009547867259468497
0.009260197446843782
0.008480150817807106
0.007434383533535463
0.006087504369720297
0.00446889948308921
0.002535942416365078
0.0002894676455582716
-0.002137523512786765
-0.004992863195341501
-0.008047318551374413
0.010374570642185681
0.011533555393985356
0.01218114881076543
0.012466452626923454
0.012503924809181877
0.01203355423513619
0.01122671260008893
0.01015866806035038
0.00886429225610672
0.0073723910303543656
0.0055794752853556085
0.003659805069102262
0.0016409813087698512
-0.00041040906122745294
-0.0025225084648324743
-0.004546402642296705
-0.006672790818998972
-0.008434067470140406
-0.010134974142697888
-0.011567956650257963
-0.012719098620126944
-0.013868232416342908
-0.01439729946545661
-0.014458459166919053
-0.014012063994901486
0.01381091902219377
0.010497214158869736
0.007310299190334007
0.004281123403718303
0.0013375233190350121
-0.0013421660104689192
-0.003847560775837083
-0.006005727453258183
-0.007917370466611421
-0.009477819491959786
-0.010683662700654822
-0.011446084909843538
-0.011818665164655445
-0.012113296973164803
-0.011807862771120005
-0.011333098379987732
-0.010344873209540395
-0.008965572241665604
-0.007394415384618205
-0.005411391658061003
-0.0030365570545725323
-0.0004984936062078015
0.0024930890465290996
0.005759243152487934
0.009028847535644235
-0.013551798140052519
-0.015242835030193408
-0.01586374783016303
-0.016099106482505
-0.01571315465765875
-0.015094208820484156
-0.014084725596050918
-0.012715893175172308
-0.010952922593925723
-0.008981618509049221
-0.00680318777310123
-0.004529192855985952
-0.0021079972798843482
0.00040179869942903057
0.002995866926363516
0.005369824087706783
0.007759323240962399
0.010152018747927762
0.012328229037479882
0.01440966090782841
0.016057430053687136
0.017450966413662887
0.018257821611435295
0.01905239936363576
0.018617722728899205
-0.01671661635222021
-0.012881720539696951
-0.008910300744027268
-0.00517648300031201
-0.0016641082004011248
0.0014545636978274476
0.0044639044604273415
0.007301079689632774
0.009472497054259328
0.011554238551576512
0.01314075202402299
0.014373318909565213
0.015158914170625057
0.015550496560759207
0.015430696253546374
0.014786444489612815
0.013766458923121153
0.012050298993619276
0.010017689488935935
0.0074633490608301675
0.004215962444938048
0.0005976696568685597
-0.0032702833336183375
-0.0076737382745684125
-0.01250446200479686
0.01642708955623369
0.01855818916810564
0.01998815340441935
0.02075189450031275
0.0205465786328163
0.020017100669984935
0.01883919417282685
0.017085496469619564
0.015073311229336774
0.012420822425316554
0.009489938405822334
0.006377368770140723
0.002923787393968393
-0.000522172941756994
-0.004001834653117543
-0.007431903476710868
-0.010616816437803357
-0.013890745050837044
-0.016628593514241275
-0.01885457395096317
-0.02092510276263589
-0.022358825655876886
-0.02309544569974599
-0.023293824768604754
-0.02250148026824329
0.024158067806181873
0.018700812088894153
0.013205942825154741
0.007877841540786839
0.002709256292680345
-0.0022176720815543314
-0.006476506339765984
-0.010055187133543857
-0.013500534385869902
-0.01609567323418966
-0.018157050025277417
-0.01954626533556523
-0.020235686652707408
-0.02044126185705074
-0.020068273549650645
-0.018878011907820326
-0.01729673801193702
-0.015025384418187113
-0.012212430401551304
-0.0089846657914881
-0.005119125470704079
-0.001001504556408313
0.003532816581027967
0.008881955774585167
0.014678385794232515
-0.025280041621059242
-0.027679684308342518
-0.028832031057201956
-0.029254454538687094
-0.02819917533211734
-0.02682304463114777
-0.024747910758152913
-0.02228603422401465
-0.019068708387630348
-0.015580889310827888
-0.011805828460476214
-0.007822039335448765
-0.0037060494556537655
0.0006247579322557657
0.0047532155142404305
0.008808554917212708
0.0130829832747323
0.017141267649905555
0.020786832707444795
0.0243668299668766
0.027340230683052563
0.030023066067217007
0.031577510934116586
0.03262724227050219
0.033120314945634714
-0.030171931687278546
-0.022892928135510467
-0.01607037917532689
-0.009468705286800055
-0.003325965265482391
0.002712379603148008
0.0077080295682790765
0.012637824323151923
0.01683596115568099
0.020467861252337273
0.02319878451925475
0.025873714875305757
0.02746096179176632
0.028470896062674285
0.028535277514454917
0.02763018374467126
0.025964554008376828
0.023004175808835976
0.019279901784466504
0.014358936636884893
0.008557033968274926
0.001620528920620627
-0.00595515651366569
-0.014565710409671284
-0.023779911020776943
0.030373273577205952
0.0342249789196672
0.03813089575837063
0.039525985736614214
0.04018210090083578
0.03979086476934983
0.038020229305236596
0.035184231889090804
0.031057546058620718
0.025975835156670936
0.020173982376014043
0.013591291390749237
0.006457322928695636
-0.0006623202564867502
-0.007916600178092946
-0.015036060184584565
-0.021811082635481253
-0.027690640048471923
-0.03285807426220676
-0.036932330135899805
-0.03982347845474779
-0.041782647438021486
-0.04205799190003513
-0.04106889299558047
-0.03878784228390591
0.06131608852345926
0.04797514523639703
0.034376825204205944
0.02050005663418775
0.006958599285825969
-0.0048319731308412535
-0.015299673959217852
-0.024345136493259107
-0.031682604390833174
-0.03665692230972446
-0.04029175113528047
-0.04199357801151907
-0.04250693344536333
-0.04120611625578741
-0.039023965856806925
-0.03582994087347
-0.03165855201322886
-0.026740650870096354
-0.021366473179865442
-0.015197409937177749
-0.00897121496273292
-0.0018598789184214295
0.005489209208948681
0.013250740805771969
0.02158771646066517
-0.08948785836929789
-0.08844345345551902
-0.0849585283051327
-0.07825225349077357
-0.07029368955799772
-0.062492488445354245
-0.05406077242781872
-0.04587237277297003
-0.03752439804004647
-0.029544470361703146
-0.02165899306528066
-0.014101295012330857
-0.006616575245476453
0.0003728987172197505
0.00727033711205914
0.013840138273537455
0.020050101814227773
0.02649514019794534
0.03229302902596174
0.03838902491916303
0.04427639084923854
0.04951274809466413
0.05513295712977648
0.060272665689144835
0.0649363985103694
-0.04516481142170709
-0.03308975653075218
-0.02249380773462104
-0.01288146133999319
-0.004552010381787832
0.0027853671327531006
0.009418906677961638
0.015254559126083575
0.020487128530266765
0.025205877382482467
0.0294094458341493
0.033112075817535586