0.20000000141589164
0.20000017132352332
0.2000006244166883
0.2000013607121538
0.2000023802371773
0.20000368302952065
0.2000052691374708
0.2000071386198655
0.2000092915461251
0.2000117279962901
0.2000144480610646
0.20001745184186479
0.20002073945087484
0.20002431101110732
0.2000281666564702
0.20003230653184034
0.20003673079314266
0.20004143960743562
0.20004643315300363
0.2000517116194552
0.2000572752078282
0.20006312413070193
0.20006925861231567
0.2000756788886946
0.20008238520778282
0.20008937782958344
0.2000966570263062
0.2001042230825238
0.20011207629533417
0.20012021697453253
0.20012864544279108
0.20013736203584667
0.20014636710269848
0.20015566100581367
0.20016524412134237
0.20017511683934264
0.20018527956401516
0.20019573271394756
0.20020647672237013
0.20021751203742086
0.20022883912242348
0.20024045845617547
0.2002523705332485
0.20026457586430157
0.20027707497640596
0.2002898684133844
0.20030295673616355
0.20031634052313968
0.20033002037056052
0.20034399689292184
0.20035827072337895
0.20037284251417567
0.2003877129370901
0.20040288268389736
0.20041835246685202
0.20043412301918812
0.20045019509564074
0.20046656947298638
0.2004832469506068
0.20050022835107376
0.20051751452075817
0.20053510633046254
0.20055300467608037
0.2005712104792803
0.20058972468821906
0.20060854827828278
0.20062768225285843
0.2006471276441369
0.20066688551394846
0.2006869569546332
0.20070734308994673
0.20072804507600375
0.20074906410226084
0.20077040139253996
0.20079205820609605
0.20081403583872795
0.20083633562393832
0.2008589589341415
0.20088190718192483
0.2009051818213625
0.20092878434938802
0.20095271630722622
0.20097697928188749
0.201001574907729
0.2010265048680846
0.20105177089696827
0.20107737478085416
0.20110331836053733
0.20112960353307918
0.20115623225384302
0.20118320653862318
0.20121052846587387
0.20123820017904262
0.201266223889014
0.2012946018766698
0.20132333649557205
0.2013524301747765
0.2013818854217817
0.20141170482562487
0.20144189106012925
0.20147244688731492
0.2015033751609801
0.20153467883046441
0.20156636094460498
0.2015984246558954
0.20163087322486187
0.20166371002466799
0.20169693854596332
0.2017305624019906
0.20176458533396718
0.20179901121675853
0.20183384406486293
0.20186908803872608
0.20190474745140807
0.2019408267756254
0.20197733065119222
0.20201426389288923
0.20205163149878694
0.2020894386590558
0.2021276907652948
0.20216639342041778
0.20220555244913216
0.20224517390905605
0.20228526410251715
0.20232582958908252
0.20236687719887403
0.20240841404672769
0.202450447547256
0.20249298543088684
0.20253603576095022
0.202579606951892
0.20262370778870709
0.20266834744768394
0.20271353551856702
0.2027592820282489
0.20280559746612176
0.20285249281121934
0.20289997956130248
0.20294806976405008
0.20299677605053887
0.20304611167120484
0.20309609053450903
0.2031467272485445
0.20319803716584947
0.2032500364317191
0.20330274203633658
0.20335617187108385
0.20341034478942593
0.20346528067280517
0.20352100050204053
0.20357752643476493
0.20363488188951662
0.2036930916371496
0.2037521819003273
0.20381218046193494
0.20387311678336664
0.20393502213374676
0.20399792973127942
0.20406187489808847
0.20412689523005087
0.20419303078336812
0.2042603242798122
0.2043288213328744
0.2043985706973349
0.20446962454513437
0.20454203877083543
0.20461587333044068
0.20469119261789587
0.20476806588425206
0.20484656770523216
0.20492677850384677
0.2050087851357575
0.20509268154636487
0.20517856951005553
0.20526655946385874
0.20535677144984796
0.20544933618320382
0.20554439626589888
0.20564210756966875
0.20574264081647756
0.20584618339006958
0.20595294141901382
0.20606314217983898
0.20617703687902184
0.20629490388535007
0.20641705249983344
0.2065438273702743
0.20667561368266962
0.20681284329327407
0.20695600200601252
0.20710563825215939
0.20726237349718704
0.20742691478816594
0.20760006997237518
0.2077827662721721
0.20797607311003102
0.2081812303581131
0.20839968357226654
0.20863312830147232
0.20888356630757707
0.20915337758287242
0.20944541356395394
0.2097631191397648
0.2101106943026156
0.21049331117939643
0.21091740965783068
0.2113911064863487
0.21192477129185666
0.21253185315693487
0.21323009162931236
0.2140433314919899
0.21500430904490062
0.21615903921858456
0.2175738925922954
0.21934721709772298
0.2216283374335375
0.22464605059429915
0.2287319177900417
0.23418894336842094
0.23987275122667467
0.23420679879471434
0.1946101742705378
0.17259302293833856
0.1750648067732523
0.18055230462281405
0.18500630196309711
0.1883309138150399
0.1908344142577994
0.19276744837849716
0.19429936102079579
0.19554230830765962
0.1965717285750621
0.19743960143172765
0.19818265258861395
0.1988274515659267
0.19939363916761815
0.19989601856396172
0.20034594229672317
0.20075225317640003
0.20112193605172768
0.2014605780851349
0.20177269958802754
0.2020619956946313
0.20233151553616022
0.20258379689355344
0.20282096866254276
0.20304482972504742
0.20325691030709211
0.20345852018236193
0.20365078688780544
0.20383468627799853
0.20401106714724626
0.2041806712179699
0.20434414947913954
0.2045020756279329
0.20465495719523236
0.20480324480678366
0.2049473399339237
0.2050876014131966
0.20522435095673222
0.20535787783080667
0.20548844284529819
0.20561628176942576
0.20574160826767643
0.20586461643263274
0.20598548297778815
0.20610436914233976
0.20622142235111623
0.20633677766558822
0.2064505590559172
0.20656288051930288
0.2066738470658427
0.20678355558980496
0.2068920956416119
0.20699955011341253
0.20710599584934705
0.20721150418998685
0.2073161414590407
0.20741996939938567
0.20752304556441883
0.20762542367004766
0.20772715391177593
0.20782828325093405
0.20792885567342934
0.20802891242411203
0.20812849221932675
0.20822763144003575
0.20832636430753498
0.20842472304354442
0.20852273801630605
0.20862043787406911
0.20871784966722265
0.20881499896019273
0.20891190993407144
0.20900860548088618
0.209105107290271
0.20920143592925972
0.2092976109158152
0.20939365078667854
0.20948957316002262
0.20958539479339602
0.20968113163732066
0.2097767988849814
0.20987241101826812
0.20996798185053533
0.21006352456631078
0.21015905175822788
0.2102545754613909
0.21035010718538452
0.21044565794411957
0.2105412382836694
0.21063685830826812
0.21073252770460124
0.2108282557645216
0.21092405140630646
0.21101992319456975
0.21111587935891746
0.21121192781144715
0.2113080761631705
0.2114043317394341
0.2115007015944134
0.2115971925247375
0.21169381108231516
0.2117905635864001
0.21188745613497095
0.21198449461544386
0.21208168471478664
0.21217903192905946
0.2122765415724215
0.21237421878564233
0.2124720685441488
0.21257009566563084
0.21266830481724064
0.21276670052241042
0.2128652871673049
0.2129640690069418
0.2130630501709903
0.2131622346692738
0.21326162639698967
0.21336122913966782
0.2134610465778798
0.21356108229171142
0.21366133976501916
0.213761822389473
0.21386253346841025
0.2139634762204966
0.21406465378321868
0.21416606921620676
0.214267725504405
0.21436962556109154
0.21447177223075956
0.21457416829186846
0.2146768164594679
0.21477971938770135
0.21488287967220315
0.21498629985238418
0.21508998241361785
0.21519392978933244
0.21529814436301062
0.21540262847010194
0.21550738439985653
0.21561241439707834
0.21571772066380474
0.21582330536091754
0.21592917060968533
0.21603531849324237
0.21614175105800817
0.2162484703150476
0.21635547824137769
0.2164627767812217
0.21657036784721198
0.21667825332154714
0.21678643505710307
0.21689491487849996
0.21700369458312943
0.2171127759421417
0.2172221607013935
0.21733185058236376
0.21744184728303106
0.21755215247871984
0.2176627678229159
0.21777369494805152
0.21788493546626075
0.21799649097010776
0.21810836303329081
0.21822055321131814
0.21833306304216163
0.2184458940468861
0.21855904773025853
0.21867252558133315
0.2187863290740191
0.21890045966762683
0.21901491880739668
0.21912970792500872
0.21924482843907644
0.2193602817556225
0.21947606926854116
0.2195921923600417
0.21970865240108126
0.21982545075178148
0.21994258876183093
0.2200600677708767
0.2201778891089026
0.22029605409659408
0.22041456404569426
0.2205334202593473
0.22065262403242994
0.2207721766518762
0.22089207939698885
0.2210123335397427
0.22113294034507952
0.2212539010711933
0.2213752169698066
0.22149688928644046
0.22161891926067376
0.22174130812639747
0.22186405711206125
0.2219871674409115
0.22211064033122355
0.22223447699652787
0.22235867864582948
0.22248324648382128
0.22260818171109012
0.2227334855243206
0.2228591591164898
0.22298520367705912
0.22311162039216
0.22323841044477483
0.22336557501491264
0.22349311527978188
0.22362103241395712
0.22374932758954172
0.2238780019763268
0.2240070567419466
0.22413649305202846
0.22426631207034112
0.22439651495893745
0.22452710287829525
0.2246580769874534
0.22478943844414573
0.22492118840493208
0.22505332802532363
0.22518585845990968
0.2253187808624772
0.22545209638613053
0.2255858061834078
0.22571991140639286
0.2258544132068281
0.22598931273622222
0.22612461114595606
0.22626030958738688
0.2263964092119504
0.2265329111712603
0.22666981661720575
0.22680712670204597
0.22694484257850614
0.22708296539986664
0.2272214963200553
0.22736043649373353
0.22749978707638444
0.22763954922439655
0.22777972409514816
0.22792031284708797
0.2280613166398158
0.22820273663416138
0.22834457399226157
0.22848682987763716
0.22862950545526528
0.22877260189165585
0.22891612035492145
0.22906006201484905
0.22920442804297012
0.22934921961262827
0.22949443789904822
0.2296400840794012
0.22978615933287075
0.22993266484071723
0.23007960178634143
0.23022697135534695
0.23037477473560214
0.2305230131173005
0.23067168769302104
0.23082079965778665
0.23097035020912404
0.23112034054711902
0.23127077187447542
0.23142164539656954
0.23157296232150681
0.2317247238601752
0.2318769312263003
0.2320295856364984
0.23218268831032876
0.23233624047034648
0.2324902433421536
0.23264469815445038
0.23279960613908593
0.2329549685311073
0.23311078656881
0.23326706149378673
0.23342379455097514
0.2335809869887067
0.23373864005875364
0.23389675501637677
0.2340553331203713
0.23421437563311429
0.23437388382060959
0.23453385895253379
0.2346943023022819
0.23485521514701102
0.2350165987676863
0.23517845444912414
0.2353407834800366
0.23550358715307446
0.2356668667648711
0.23583062361608534
0.23599485901144368
0.23615957425978412
0.23632477067409693
0.23649044957156723
0.23665661227361723
0.23682326010594734
0.2369903943985776
0.23715801648588894
0.23732612770666411
0.23749472940412836
0.23766382292599048
0.2378334096244826
0.23800349085640124
0.23817406798314703
0.23834514237076476
0.23851671538998323
0.2386887884162554
0.23886136282979725
0.23903444001562815
0.23920802136361
0.23938210826848627
0.23955670212992153
0.23973180435254032
0.23990741634596685
0.24008353952486322
0.2402601753089688
0.24043732512313912
0.2406149903973845
0.24079317256690902
0.2409718730721489
0.24115109335881174
0.2413308348779148
0.24151109908582366
0.24169188744429096
0.2418732014204948
0.24205504248707801
0.2422374121221853
0.2424203118095036
0.24260374303829954
0.2427877073034578
0.24297220610552114
0.24315724095072763
0.24334281335104957
0.24352892482423297
0.24371557689383533
0.24390277108926497
0.24409050894581938
0.24427879200472466
0.2444676218131737
0.24465699992436551
0.24484692789754475
0.24503740729803933
0.24522843969730082
0.24542002667294363
0.24561216980878334
0.24580487069487686
0.2459981309275612
0.2461919521094942
0.2463863358496925
0.24658128376357236
0.2467767974729892
0.24697287860627687
0.2471695287982891
0.24736674969043757
0.24756454293073402
0.24776291017382934
0.2479618530810542
0.24816137332046045
0.24836147256686036
0.24856215250186872
0.2487634148139429
0.2489652611984245
0.24916769335758016
0.2493707130006427
0.2495743218438535
0.24977852161050307
0.2499833140309735
0.25018870084277994
0.25039468379061325
0.2506012646263814
0.2508084451092528
0.2510162270056981
0.25122461208953334
0.25143360214196275
0.25164319895162135
0.25185340431461933
0.25206422003458434
0.25227564792270535
0.2524876897977771
0.25270034748624315
0.2529136228222407
0.2531275176476449
0.2533420338121127
0.2535571731731285
0.2537729375960486
0.25398932895414694
0.25420634912865947
0.2544240000088305
0.25464228349195833
0.25486120148344144
0.2550807558968241
0.25530094865384356
0.25552178168447615
0.2557432569269849
0.25596537632796534
0.25618814184239486
0.2564115554336782
0.2566356190736972
0.2568603347428573
0.25708570443013695
0.2573117301331358
0.25753841385812304
0.2577657576200882
0.2579937634427879
0.2582224333587979
0.2584517694095614
0.2586817736454398
0.25891244812576314
0.2591437949188803
0.2593758161022109
0.25960851376229527
0.25984188999484714
0.26007594690480423
0.2603106866063815
0.260546111223123
0.26078222288795455
0.261019023743236
0.2612565159408157
0.26149470164208377
0.2617335830180251
0.26197316224927425
0.2622134415261696
0.26245442304880884
0.26269610902710283
0.26293850168083227
0.2631816032397022
0.2634254159433994
0.2636699420416479
0.26391518379426554
0.264161143471222
0.26440782335269525
0.2646552257291297
0.26490335290129424
0.2651522071803408
0.2654017908878632
0.26565210635595493
0.26590315592727126
0.26615494195508677
0.26640746680335675
0.2666607328467772
0.26691474247084634
0.26716949807192536
0.26742500205730024
0.2676812568452448
0.2679382648650817
0.2681960285572458
0.2684545503733482
0.2687138327762387
0.2689738782400706
0.26923468925036537
0.26949626830407614
0.2697586179096547
0.270021740587116
0.27028563886810447
0.27055031529596085
0.27081577242578897
0.27108201282452254
0.27134903907099406
0.27161685375600203
0.27188545948238013
0.272154858865066
0.27242505453117105
0.2726960491200503
0.2729678452833729
0.27324044568519296
0.2735138530020214
0.27378806992289667
0.27406309914945814
0.2743389433960184
0.2746156053896363
0.2748930878701914
0.27517139359045756
0.2754505253161778
0.2757304858261394
0.27601127791225005
0.2762929043796135
0.27657536804660676
0.2768586717449567
0.2771428183198185
0.2774278106298536
0.2777136515473078
0.27800034395809264
0.2782878907618619
0.2785762948720956
0.2788655592161786
0.2791556867354824
0.2794466803854483
0.2797385431356681
0.2800312779699694
0.28032488788649734
0.28061937589780045
0.2809147450309144
0.2812109983274481
0.28150813884366915
0.2818061696505911
0.2821050938340606
0.2824049144948445
0.2827056347487187
0.28300725772655777
0.2833097865744234
0.28361322445365605
0.2839175745409643
0.2842228400285178
0.28452902412403874
0.28483613005089464
0.2851441610481918
0.28545312037086973
0.2857630112897959
0.28607383709186057
0.2863856010800738
0.28669830657366135
0.2870119569081632
0.28732655543553054
0.28764210552422526
0.28795861055931965
0.2882760739425967
0.28859449909264995
0.2889138894449867
0.28923424845213014
0.2895555795837215
0.28987788632662453
0.290201172185031
0.29052544068056424
0.2908506953523872
0.2911769397573083
0.29150417746988905
0.29183241208255295
0.29216164720569415
0.2924918864677886
0.2928231335155037
0.29315539201381
0.2934886656460948
0.29382295811427406
0.29415827313890697
0.29449461445931135
0.29483198583367926
0.29517039103919224
0.295509833872141
0.295850318148042
0.29619184770175727
0.296534426387615
0.29687805807952977
0.29722274667112364
0.29756849607585134
0.29791531022712164
0.2982631930784228
0.298612148603448
0.29896218079622194
0.29931329367122766
0.299665491263536
0.3000187776289331
0.3003731568440525
0.30072863300650515
0.30108521023501206
0.30144289266953767
0.3018016844714231
0.30216158982352276
0.3025226129303396
0.30288475801816306
0.30324802933520634
0.30361243115174635
0.303977967760265
0.30434464347558865
0.3047124626350323
0.30508142959854256
0.3054515487488426
0.3058228244915779
0.3061952612554626
0.30656886349242884
0.3069436356777742
0.30731958231031425
0.3076967079125317
0.30807501703073065
0.3084545142351898
0.3088352041203179
0.30921709130480923
0.3096001804318018
0.3099844761690353
0.31036998320901177
0.3107567062691556
0.31114465009197695
0.31153381944523545
0.3119242191221036
0.3123158539413346
0.3127087287474294
0.3131028484108047
0.3134982178279647
0.31389484192167044
0.31429272564111443
0.31469187396209447
0.31509229188718785
0.3154939844459298
0.315896956694992
0.3163012137183607
0.31670676062751885
0.317113602561629
0.31752174468771716
0.3179311922008577
0.3183419503243613
0.31875402430996275
0.319167419438011
0.3195821410176607
0.3199981943870662
0.32041558491357436
0.3208343179939222
0.3212543990544338
0.32167583355122037
0.3220986269703802
0.3225227848282021
0.32294831267136953
0.3233752160771657
0.323803500653682
0.32423317204002694
0.32466423590653604
0.32509669795498647
0.3255305639188101
0.32596583956330916
0.3264025306858757
0.32684064311620953
0.3272801827165409
0.32772115538185365
0.32816356704010974
0.3286074236524767
0.3290527312135569
0.3294994957516164
0.3299477233288203
0.3303974200414658
0.33084859202021843
0.33130124543035094
0.33175538647198477
0.33221102138033043
0.33266815642593417
0.33312679791492317
0.33358695218925444
0.3340486256269657
0.33451182464242785
0.33497655568660006
0.33544282524728736
0.33591063984939895
0.3363800060552095
0.33685093046462455
0.3373234197154435
0.33779748048363045
0.3382731194835833
0.338750343468406
0.33922915923018404
0.33970957360026244
0.34019159344952393
0.34067522568867326
0.34116047726851834
0.3416473551802611
0.34213586645578364
0.3426260181679424
0.3431178174308611
0.34361127140022807
0.3441063872735961
0.3446031722906846
0.3451016337336832
0.3456017789275601
0.3461036152403724
0.346607150083578
0.34711239091235113
0.34761934522590016
0.34812802056779035
0.34863842452626514
0.3491505647345743
0.3496644488713037
0.35018008466070577
0.3506974798730369
0.35121664232489413
0.3517375798795576
0.3522603004473338
0.35278481198590317
0.3533111225006704
0.35383924004511796
0.3543691727211633
0.3549009286795171
0.3554345161200477
0.35596994329214626
0.35650721849509726
0.3570463500784504
0.3575873464423978
0.35813021603815165
0.3586749673683296
0.35922160898733846
0.3597701495017666
0.36032059757077567
0.3608729619064981
0.36142725127443787
0.36198347449387347
0.3625416404382676
0.36310175803567735
0.3636638362691703
0.3642278841772428
0.36479391085424306
0.3653619254507989
0.3659319371742474
0.36650395528907015
0.36707798911733164
0.3676540480391216
0.36823214149300304
0.36881227897646174
0.3693944700463623
0.3699787243194069
0.3705650514725986
0.37115346124371074
0.3717439634317578
0.3723365678974713
0.3729312845637838
0.3735281234163113
0.3741270945038448
0.3747282079388465
0.3753314738979457
0.37593690262244617
0.3765445044188329
0.3771542896592875
0.37776626878220537
0.37838045229271927
0.37899685076322825
0.3796154748339306
0.38023633521336364
0.38085944267894417
0.38148480807752105
0.38211244232592734
0.38274235641153875
0.38337456139284115
0.3840090683999978
0.38464588863542704
0.3852850333743824
0.3859265139655395
0.3865703418315893
0.38721652846983573
0.3878650854527994
0.3885160244288282
0.3891693571227126
0.3898250953363079
0.3904832509491609
0.3911438359191472
0.39180686228310746
0.3924723421574949
0.3931402877390321
0.3938107113053636
0.3944836252157277
0.39515904191162565
0.3958369739175013
0.39651743384142796
0.39720043437579966
0.39788598829803085
0.39857410847126257
0.39926480784507845
0.39995809945622074
0.4006539964293227
0.40135251197764016
0.4020536594037971
0.4027574521005327
0.4034639035514612
0.4041730273318353
0.4048848371093203
0.4055993466447747
0.40631656979303804
0.4070365205037278
0.4077592128220445
0.4084846608895857
0.4092128789451648
0.409943881325642
0.4106776824667636
0.4114142969040068
0.41215373927343574
0.4128960243125679
0.41364116686124264
0.41438918186250895
0.4151400843635131
0.41589388951639883
0.4166506125792217
0.41741026891686334
0.41817287400196296
0.4189384434158565
0.41970699284952384
0.4204785381045479
0.4212530950940827
0.42203067984383436
0.42281130849304543
0.4235949972954992
0.42438176262052685
0.42517162095402816
0.42596458889950506
0.4267606831791029
0.42755992063466286
0.4283623182287888
0.429167893045922
0.42997666229343007
0.4307886433027052
0.4316038535302754
0.43242231055892955
0.4332440320988494
0.43406903598875984
0.4348973401970875
0.435728962823133
0.4365639220982572
0.4374022363870788
0.43824392418868446
0.4390890041378553
0.43993749500630214
0.4407894157039198
0.4416447852800482
0.4425036229247555
0.4433659479701278
0.44423177989157747
0.4451011383091676
0.44597404298894316
0.4468505138442866
0.4477305709372819
0.4486142344800969
0.4495015248363799
0.45039246252267134
0.451287068209834
0.45218536272449533
0.4530873670505092
0.4539931023304315
0.4549025898670165
0.45581585112472445
0.4567329077312509
0.45765378147907154
0.45857849432700304
0.45950706840178607
0.460439525999682
0.4613758895880907
0.4623161818071828
0.46326042547155755
0.46420864357191377
0.46516085927674083
0.466117095934034
0.4670773770730213
0.4680417264059193
0.4690101678297017
0.4699827254278954
0.47095942347239095
0.47194028642527863
0.47292533894070216
0.47391460586674095
0.47490811224730534
0.475905883324063
0.4769079445383805
0.47791432153329294
0.4789250401554933
0.47994012645735024
0.48095960669894366
0.4819835073501304
0.48301185509263056
0.4840446768221383
0.48508199965046395
0.48612385090769267
0.48717025814437864
0.4882212491337585
0.48927685187399217
0.49033709459043706
0.49140200573794185
0.4924716140031739
0.493545948306972
0.4946250378067274
0.495708911898798
0.49679760022094666
0.49789113265481255
0.49898953932841505
0.5000928506186805
0.5012010971540106
0.5023143098168756
0.5034325197464409
0.5045557583412263
0.5056840572618022
0.5068174484335125
0.507955964049238
0.5090996365721888
0.5102484987387366
0.5114025835612815
0.5125619243311516
0.5137265546215439
0.5148965082904972
0.5160718194839088
0.5172525226385866
0.5184386524853382
0.5196302440520999
0.5208273326671107
0.522029953962122
0.5232381438756475
0.5244519386562599
0.5256713748659287
0.5268964893833957
0.5281273194076027
0.5293639024611553
0.5306062763938424
0.5318544793861891
0.533108549953064
0.5343685269473354
0.5356344495635655
0.5369063573417676
0.538184290171197
0.5394682882942057
0.5407583923101421
0.542054643179298
0.5433570822269198
0.5446657511472601
0.5459806920076943
0.5473019472528838
0.5486295597090036
0.5499635725880168
0.5513040294920168
0.5526509744176201
0.5540044517604238
0.5553645063195205
0.5567311833020774
0.5581045283279747
0.5594845874345101
0.5608714070811652
0.5622650341544407
0.5636655159727553
0.5650729002914125
0.566487235307636
0.5679085696656789
0.5693369524619969
0.570772433250498
0.5722150620478652
0.5736648893389514
0.5751219660822529
0.576586343715459
0.5780580741610768
0.5795372098321396
0.5810238036379914
0.5825179089901611
0.5840195798083113
0.5855288705262748
0.5870458360981822
0.5885705320046737
0.5901030142591964
0.591643339414393
0.5931915645685945
0.5947477473723909
0.5963119460353028
0.5978842193325551
0.5994646266119391
0.6010532278007887
0.6026500834130436
0.6042552545564267
0.60586880293972
0.607490790880156
0.6091212813109101
0.6107603377887079
0.6124080245015462
0.6140644062765248
0.6157295485878
0.6174035175646584
0.6190863799997018
0.6207782033571663
0.6224790557813584
0.6241890061052288
0.6259081238590656
0.6276364792793202
0.6293741433175782
0.6311211876496577
0.6328776846848448
0.6346437075752793
0.6364193302254819
0.6382046273020251
0.6399996742433524
0.6418045472697561
0.6436193233935104
0.645444080429151
0.6472788970039299
0.6491238525684218
0.6509790274073071
0.6528445026503158
0.6547203602833538
0.6566066831597922
0.6585035550119485
0.6604110604627466
0.6623292850375576
0.6642583151762357
0.6661982382453426
0.6681491425505793
0.6701111173493983
0.6720842528638415
0.6740686402935736
0.6760643718291258
0.6780715406653677
0.6800902410151844
0.6821205681233845
0.6841626182808456
0.6862164888388735
0.688282278223814
0.6903600859519048
0.692450012644366
0.6945521600427507
0.6966666310245473
0.6987935296190443
0.7009329610234675
0.7030850316193769
0.7052498489893502
0.7074275219339418
0.7096181604889424
0.7118218759429209
0.7140387808550656
0.7162689890733405
0.7185126157529476
0.7207697773751042
0.7230405917661505
0.7253251781169936
0.727623657002868
0.7299361504034714
0.732262781723423
0.7346036758130993
0.736958958989836
0.7393287590594875
0.7417132053383867
0.7441124286756885
0.7465265614761041
0.7489557377230445
0.7514000930021946
0.7538597645254731
0.7563348911554698
0.7588256134302819
0.7613320735888389
0.763854415596651
0.7663927851720571
0.7689473298129338
0.7715181988239016
0.7741055433440369
0.7767095163750778
0.7793302728101698
0.7819679694631438
0.7846227650983254
0.7872948204609107
0.7899842983079207
0.7926913634397115
0.7954161827321149
0.7981589251691441
0.8009197618763647
0.8036988661548669
0.8064964135158984
0.8093125817161674
0.8121475507938166
0.8150015031050892
0.8178746233617137
0.8207670986689952
0.8236791185646813
0.8266108750585471
0.8295625626727906
0.8325343784831987
0.8355265221611353
0.8385391960163646
0.8415726050407156
0.8446269569526192
0.8477024622425459
0.8507993342193251
0.8539177890574413
0.8570580458452434
0.8602203266341625
0.8634048564888994
0.8666118635386718
0.8698415790294658
0.873094237377415
0.8763700762232274
0.8796693364877692
0.8829922624287949
0.8863391016988488
0.8897101054043948
0.8931055281661716
0.8965256281808138
0.8999706672837964
0.9034409110136854
0.9069366286777745
0.910458093419123
0.9140055822849974
0.917579376296842
0.9211797605216951
0.9248070241452078
0.9284614605462025
0.932143367372882
0.9358530466207156
0.9395908047120064
0.9433569525772307
0.9471518057381877
0.9509756843929643
0.9548289135028291
0.958711822881041
0.9626247472836794
0.9665680265024902
0.9705420054598682
0.9745470343059669
0.9785834685180331
0.9826516690020273
0.9867520021965593
0.9908848401792283
0.9950505607754221
0.9992495476696596
1.0034821905195037
1.0077488850721763
1.0120500332838842
1.0163860434419718
1.0207573302899786
1.0251643151556629
1.0296074260820873
1.0340870979618473
1.0386037726745312
1.0431578992274866
1.0477499339000533
1.0523803403912457
1.0570495899711163
1.0617581616357707
1.0665065422662625
1.0712952267914009
1.0761247183546108
1.0809955284849573
1.0859081772724735
1.0908631935478899
1.095861115066923
1.1009024886992416
1.1059878706222457
1.1111178265198172
1.1162929317862034
1.1215137717351265
1.1267809418143582
1.1320950478258744
1.1374567061517735
1.1428665439861292
1.148325199572973
1.153833322450613
1.1593915737024056
1.165000626214286
1.1706611649392245
1.1763738871687894
1.1821395028121102
1.1879587346824165
1.1938323187914461
1.199761004651922
1.2057455555884276
1.2117867490568515
1.2178853769727982
1.22404224604915
1.2302581781431776
1.2365340106134053
1.2428705966866964
1.2492688058357415
1.2557295241674062
1.2622536548222711
1.2688421183857796
1.2754958533112486
1.2822158163553683
1.2890029830264187
1.2958583480457537
1.30278292582298
1.309777750945299
1.31684387868153
1.323982385501284
1.3311943696098978
1.3384809514996263
1.3458432745176852
1.3532825054517534
1.3607998351336277
1.3683964790614862
1.376073678041744
1.3838326988509597
1.3916748349186263
1.3996014070316565
1.4076137640612565
1.4157132837132325
1.4239013733023254
1.4321794705517346
1.4405490444186526
1.449011595946837
1.457568659147275
1.466221801908029
1.4749726269342913
1.4838227727200588
1.4927739145524166
1.5018277655498495