-2.0676274765460194e-21
-3.515982710657213e-17
-8.912487458324008e-16
-6.2486461891259194e-15
-2.5294444127567533e-14
-7.535703703568829e-14
-1.8455488808581114e-13
-3.944648047736229e-13
-7.628133871244027e-13
-1.366197663538351e-12
-2.3028376301404567e-12
-3.69536922589107e-12
-5.693678349743386e-12
-8.477785441896955e-12
-1.2260780743144106e-11
-1.729182142048731e-11
-2.3859190628487445e-11
-3.2293428600391374e-11
-4.297053764592941e-11
-5.6315269037398446e-11
-7.280449975260131e-11
-9.297069842778927e-11
-1.1740549972129447e-10
-1.4676337743451647e-10
-1.817654388397058e-10
-2.2320333560407615e-10
-2.719433094927847e-10
-3.2893037041272483e-10
-3.9519262362060304e-10
-4.718457461955653e-10
-5.60097634268747e-10
-6.612532143973403e-10
-7.76719442641392e-10
-9.080104936536339e-10
-1.0567531553027981e-9
-1.2246924315676647e-9
-1.4136973808200339e-9
-1.6257671846741827e-9
-1.8630374721721836e-9
-2.1277869075166316e-9
-2.422444056455758e-9
-2.749594551500708e-9
-3.1119885589556066e-9
-3.5125485842362985e-9
-3.954377605645704e-9
-4.440767588477313e-9
-4.9752083673936314e-9
-5.561396941125429e-9
-6.203247178850742e-9
-6.904899993566701e-9
-7.670733963940968e-9
-8.505376469762962e-9
-9.413715340598654e-9
-1.0400911061518328e-8
-1.1472409558843816e-8
-1.2633955598941215e-8
-1.3891606835471798e-8
-1.5251748533525737e-8
-1.6721109022648264e-8
-1.8306775905822345e-8
-2.0016213063876072e-8
-2.1857278519076227e-8
-2.3838243185359922e-8
-2.5967810559254046e-8
-2.8255137422141145e-8
-3.070985558329524e-8
-3.3342094743950426e-8
-3.6162506539243646e-8
-3.918228983174675e-8
-4.241321730937157e-8
-4.5867663497828764e-8
-4.9558634235801416e-8
-5.349979772203335e-8
-5.7705517214995784e-8
-6.219088549683603e-8
-6.697176117507413e-8
-7.206480699931367e-8
-7.748753021580256e-8
-8.325832519277684e-8
-8.93965183601732e-8
-9.592241568857914e-8
-1.0285735278744578e-7
-1.1022374785337008e-7
-1.1804515760109613e-7
-1.2634633639320809e-7
-1.3515329875708878e-7
-1.4449338551158748e-7
-1.5439533374784043e-7
-1.6488935087078038e-7
-1.7600719304058742e-7
-1.877822482268862e-7
-2.0024962423672543e-7
-2.1344624201702406e-7
-2.2741093460656355e-7
-2.4218455209292916e-7
-2.578100730196835e-7
-2.74332722665054e-7
-2.918000986430495e-7
-3.102623044144216e-7
-3.2977209116172626e-7
-3.503850086998943e-7
-3.721595660443143e-7
-3.951574022850532e-7
-4.19443468611864e-7
-4.4508622217641534e-7
-4.721578327857211e-7
-5.007344032774904e-7
-5.308962046968369e-7
-5.62727927269685e-7
-5.96318948504447e-7
-6.317636196296788e-7
-6.691615718475609e-7
-7.086180439138209e-7
-7.502442327388602e-7
-7.941576688238877e-7
-8.404826185278239e-7
-8.893505153362567e-7
-9.409004224566942e-7
-9.952795293929407e-7
-1.0526436852029417e-6
-1.1131579716387186e-6
-1.1769973194405215e-6
-1.2443471715218483e-6
-1.3154041970335665e-6
-1.3903770608370791e-6
-1.469487253087599e-6
-1.5529699844577624e-6
-1.6410751527102068e-6
-1.7340683871723132e-6
-1.8322321782779994e-6
-1.935867099886546e-6
-2.0452931332431714e-6
-2.1608511019966023e-6
-2.282904229068489e-6
-2.4118398268589844e-6
-2.5480711341761777e-6
-2.6920393140051105e-6
-2.8442156283799592e-6
-3.005103808190771e-6
-3.1752426378966764e-6
-3.355208777194917e-6
-3.5456198445969884e-6
-3.747137790696218e-6
-3.960472591935469e-6
-4.186386299942706e-6
-4.425697485339118e-6
-4.679286120072951e-6
-4.948098947711242e-6
-5.233155397399524e-6
-5.535554104755562e-6
-5.856480110419939e-6
-6.19721281779268e-6
-6.55913480081152e-6
-6.943741566522344e-6
-7.3526523907202925e-6
-7.787622362240777e-6
-8.250555790503112e-6
-8.743521153415937e-6
-9.268767789529625e-6
-9.828744567139202e-6
-0.000010426120801140538
-0.000011063809727554642
-0.000011744994896698196
-0.000012473159902262567
-0.00001325212193211164
-0.000014086069707705462
-0.000014979606472856249
-0.000015937798808894482
-0.00001696623218623547
-0.000018071074327218402
-0.000019259147648952844
-0.000020538012290810028
-0.000021916061516681392
-0.00002340263162538147
-0.00002500812892730223
-0.00002674417685636223
-0.00002862378692259916
-0.000030661557987908235
-0.00003287390931501323
-0.000035279354044311655
-0.000037898821249948175
-0.000040756036623949845
-0.00004387797421883393
-0.00004729539470747591
-0.00005104348950085973
-0.000055162655025049424
-0.00005969942790378583
-0.00006470762017463333
-0.000070249704632536
-0.00007639851492340525
-0.00008323934430878794
-0.00009087255296036945
-0.0000994168287186018
-0.00010901329429343898
-0.00011983072002335707
-0.00013207219383723335
-0.0001459837303185352
-0.00016186548710428523
-0.00018008652614623103
-0.00020110445268200304
-0.00022549185340651928
-0.000253972346583301
-0.00028747043011485114
-0.0003271814707187083
-0.00037467163850968873
-0.00043202327354496074
-0.0005020507414090265
-0.0005886284152147902
-0.0006972020626678674
-0.000835609803438981
-0.0010154445373833363
-0.0012544027696117061
-0.0015805164077185212
-0.0020401792367795075
-0.0027143192788149605
-0.00375339467224757
-0.0054597346294371725
-0.008500346539529025
-0.014504870594287126
-0.027651978042875048
-0.05421513171274111
-0.06653698404894803
-0.03957759808259559
-0.020714379257128587
-0.012001553018459841
-0.007706355144853303
-0.005348472170404055
-0.003931809572940225
-0.003018570579505681
-0.0023966135544327325
-0.0019541749330585665
-0.0016281715467913694
-0.0013809175168581402
-0.001188812184328633
-0.0010364783025220191
-0.0009135535109183826
-0.0008128499089873538
-0.0007292548946764803
-0.0006590512684464063
-0.0005994835513491246
-0.0005484737473829348
-0.0005044305081308628
-0.0004661182158426641
-0.0004325654148718366
-0.00040299963371348183
-0.0003768002480177448
-0.00035346389325995823
-0.0003325787466663488
-0.0003138051694354176
-0.00029686097149641714
-0.0002815100777398036
-0.00026755372604823994
-0.00025482356992712963
-0.00024317622826739552
-0.00023248894478917115
-0.00022265610586480754
-0.00021358642769931147
-0.0002052006694842475
-0.0001974297628214809
-0.00019021327283988047
-0.0001834981252946229
-0.00017723754825571796
-0.00017139018791425417
-0.00016591936643637597
-0.00016079245630477905
-0.00015598035064751272
-0.00015145701304388506
-0.00014719909342200276
-0.00014318559915085967
-0.00013939761242330216
-0.0001358180466012614
-0.00013243143548440035
-0.00012922375050052827
-0.00012618224164688747
-0.00012329529871439783
-0.0001205523298773618
-0.00011794365519856377
-0.00011546041298740554
-0.00011309447725738534
-0.00011083838480317122
-0.0001086852706251824
-0.00010662881063028479
-0.00010466317067567094
-0.00010278296116849273
-0.00010098319653022422
-0.00009925925894313249
-0.0000976068658615568
-0.0000960220408481391
-0.00009450108735076606
-0.00009304056508232668
-0.00009163726871240856
-0.00009028820861387914
-0.00008899059343964645
-0.000087741814333546
-0.00008653943060007223
-0.0000853811566812704
-0.00008426485030490909
-0.00008318850168503819
-0.00008215022366812196
-0.00008114824273162609
-0.0000801808907500138
-0.00007924659745637263
-0.00007834388352919553
-0.00007747135424948656
-0.00007662769367136297
-0.0000758116592611186
-0.00007502207696076022
-0.00007425783663827928
-0.0000735178878903386
-0.00007280123616563542
-0.00007210693918209369
-0.00007143410361156527
-0.00007078188200997754
-0.00007014946997189458
-0.00006953610349102264
-0.00006894105650939587
-0.0000683636386404128
-0.0000678031930509849
-0.00006725909449074117
-0.00006673074745627539
-0.00006621758448007196
-0.00006571906453440266
-0.0000652346715412761
-0.00006476391298087104
-0.00006430631859010115
-0.0000638614391458697
-0.00006342884532562858
-0.00006300812664024689
-0.0000625988904339365
-0.00006220076094616405
-0.00006181337843122222
-0.00006143639833171409
-0.0000610694905018803
-0.00006071233847721191
-0.000060364638787785634
-0.000060026100311600495
-0.00005969644366579037
-0.00005937540063297122
-0.00005906271362045764
-0.00005875813515002296
-0.000058461427376553047
-0.00005817236163350871
-0.000057890718003361495
-0.00005761628491196464
-0.00005734885874450419
-0.000057088243482618005
-0.00005683425036063653
-0.000056586697540196384
-0.000056345409801967456
-0.000056110218253457716
-0.000055880960052014247
-0.00005565747814192826
-0.00005543962100506514
-0.00005522724242418551
-0.000055020201257926305
-0.0000548183612271405
-0.00005462159071187782
-0.00005442976255812841
-0.00005424275389409501
-0.00005406044595543151
-0.000053882723918673145
-0.00005370947674277614
-0.000053540597018067205
-0.00005337598082226814
-0.00005321552758328816
-0.0000530591399484155
-0.00005290672365930644
-0.00005275818743296079
-0.00005261344284788194
-0.00005247240423543554
-0.000052334988576112597
-0.00005220111540026522
-0.00005207070669335835
-0.00005194368680531211
-0.0000518199823637578
-0.00005169952219106025
-0.00005158223722497732
-0.000051468060442543734
-0.000051356926787333375
-0.00005124877309974398
-0.00005114353805009727
-0.00005104116207463077
-0.00005094158731410618
-0.00005084475755493083
-0.00005075061817265404
-0.00005065911607775014
-0.000050570199663641196
-0.000050483818756769845
-0.000050399924568585005
-0.00005031846964958893
-0.00005023940784499436
-0.000050162694252254215
-0.000050088285180178265
-0.00005001613810966266
-0.00004994621165585271
-0.00004987846553186731
-0.00004981286051374965
-0.00004974935840690458
-0.00004968792201362255
-0.0000496285151019287
-0.00004957110237557867
-0.00004951564944507993
-0.000049462122799869775
-0.00004941048978143802
-0.00004936071855745205
-0.000049312778096800395
-0.000049266638145551354
-0.00004922226920373709
-0.00004917964250296598
-0.00004913872998487954
-0.00004909950428025255
-0.00004906193868891928
-0.0000490260071603537
-0.00004899168427492461
-0.00004895894522578513
-0.00004892776580140139
-0.00004889812236865559
-0.00004886999185649744
-0.00004884335174021638
-0.00004881818002616084
-0.00004879445523699684
-0.00004877215639745677
-0.00004875126302057294
-0.00004873175509430488
-0.000048713613068667914
-0.000048696817843235594
-0.000048681350755066014
-0.00004866719356698241
-0.00004865432845630079
-0.00004864273800382145
-0.00004863240518323023
-0.00004862331335081894
-0.00004861544623553157
-0.00004860878792928618
-0.0000486033228776637
-0.000048599035870803344
-0.00004859591203464803
-0.00004859393682242789
-0.000048593096006372943
-0.000048593375669743855
-0.00004859476219902477
-0.000048597242276437765
-0.00004860080287258961
-0.00004860543123940291
-0.000048611114903238975
-0.00004861784165819035
-0.0000486255995596359
-0.000048634376917924595
-0.0000486441622922502
-0.000048654944484746135
-0.000048666712534712464
-0.00004867945571300473
-0.0000486931635165992
-0.000048707825663320496
-0.000048723432086711186
-0.00004873997293100039
-0.000048757438546311835
-0.00004877581948389639
-0.000048795106491602974
-0.00004881529050936307
-0.00004883636266490616
-0.000048858314269512864
-0.00004888113681393991
-0.000048904821964416966
-0.00004892936155877703
-0.00004895474760267346
-0.00004898097226590382
-0.00004900802787886622
-0.000049035906929036354
-0.00004906460205761234
-0.00004909410605621193
-0.00004912441186364741
-0.000049155512562837185
-0.00004918740137771871
-0.00004922007167031039
-0.000049253516937820604
-0.00004928773080984298
-0.00004932270704559579
-0.000049358439531275346
-0.000049394922277442115
-0.00004943214941649985
-0.000049470115200193446
-0.00004950881399726249
-0.00004954824029101736
-0.00004958838867711502
-0.000049629253861306226
-0.00004967083065724746
-0.00004971311398440206
-0.000049756098865964565
-0.00004979978042683831
-0.0000498441538916749
-0.00004988921458295406
-0.00004993495791911744
-0.00004998137941272836
-0.00005002847466870248
-0.000050076239382561773
-0.000050124669338747964
-0.00005017376040895321
-0.000050223508550514014
-0.00005027390980483175
-0.000050324960295826115
-0.000050376656228445485
-0.00005042899388718171
-0.000050481969634657844
-0.00005053557991020474
-0.00005058982122851557
-0.00005064469017830873
-0.000050700183421002906
-0.000050756297689480014
-0.000050813029786810825
-0.00005087037658504823
-0.00005092833502405911
-0.00005098690211033467
-0.00005104607491589191
-0.00005110585057712705
-0.00005116622629377253
-0.000051227199327815
-0.00005128876700247131
-0.000051350926701185835
-0.000051413675866634215
-0.00005147701199975365
-0.00005154093265882148
-0.00005160543545850394
-0.00005167051806898635
-0.00005173617821507744
-0.00005180241367534127
-0.000051869222281267456
-0.000051936601916442225
-0.00005200455051575015
-0.000052073066064568544
-0.00005214214659802503
-0.00005221179020022189
-0.00005228199500350749
-0.00005235275918776659
-0.000052424080979694675
-0.00005249595865212032
-0.000052568390523342446
-0.00005264137495645027
-0.00005271491035868739
-0.000052788995180830704
-0.00005286362791655255
-0.00005293880710183543
-0.00005301453131437456
-0.000053090799172992365
-0.00005316760933708746
-0.00005324496050606899
-0.000053322851418820716
-0.00005340128085316929
-0.00005348024762536622
-0.000053559750589592616
-0.00005363978863742919
-0.00005372036069741175
-0.00005380146573452731
-0.00005388310274976518
-0.000053965270779644904
-0.000054047968895788585
-0.000054131196204475885
-0.00005421495184621702
-0.00005429923499533343
-0.000054384044859563356
-0.000054469380679636485
-0.000054555241728912286
-0.0000546416273129706
-0.00005472853676925242
-0.000054815969466692474
-0.00005490392480534697
-0.000054992402216069944
-0.00005508140116013557
-0.00005517092112892335
-0.00005526096164359089
-0.000055351522254733816
-0.00005544260254209498
-0.00005553420211423073
-0.000055626320608229864
-0.000055718957689412
-0.000055812113051029435
-0.00005590578641400271
-0.000055999977526624706
-0.000056094686164306243
-0.00005618991212930712
-0.00005628565525047143
-0.00005638191538298572
-0.00005647869240811029
-0.000056575986232973116
-0.00005667379679029414
-0.00005677212403818467
-0.000056870967959902196
-0.000056970328563639497
-0.00005707020588230523
-0.00005717059997330885
-0.0000572715109183608
-0.00005737293882326257
-0.00005747488381773
-0.000057577346055161355
-0.000057680325712498066
-0.000057783822989993434
-0.000057887838111074455
-0.00005799237132213627
-0.00005809742289238436
-0.00005820299311366964
-0.000058309082300312
-0.00005841569078895922
-0.00005852281893842013
-0.000058630467129508787
-0.000058738635764910124
-0.000058847325269023156
-0.00005895653608783043
-0.00005906626868875134
-0.00005917652356052008
-0.00005928730121304271
-0.0000593986021772722
-0.00005951042700510184
-0.00005962277626921674
-0.000059735650563006836
-0.00005984905050042143
-0.00005996297671589278
-0.00006007742986419765
-0.00006019241062036865
-0.00006030791967958923
-0.00006042395775710202
-0.00006054052558808848
-0.00006065762392761257
-0.00006077525355049307
-0.00006089341525124908
-0.00006101210984398535
-0.00006113133816233317
-0.00006125110105936332
-0.00006137139940749397
-0.00006149223409844278
-0.00006161360604313944
-0.00006173551617164979
-0.00006185796543313255
-0.00006198095479574442
-0.00006210448524660542
-0.00006222855779171663
-0.00006235317345591362
-0.00006247833328281897
-0.0000626040383347771
-0.00006273028969280153
-0.00006285708845653241
-0.00006298443574419545
-0.00006311233269255069
-0.00006324078045684798
-0.00006336978021079328
-0.00006349933314650737
-0.00006362944047448853
-0.00006376010342359022
-0.00006389132324096477
-0.00006402310119206549
-0.00006415543856058861
-0.00006428833664847447
-0.00006442179677585571
-0.00006455582028106029
-0.00006469040852058138
-0.00006482556286905002
-0.00006496128471923439
-0.00006509757548201814
-0.00006523443658638363
-0.00006537186947940728
-0.00006550987562624482
-0.00006564845651013605
-0.0000657876136323777
-0.00006592734851234186
-0.00006606766268745911
-0.0000662085577132209
-0.00006635003516318707
-0.00006649209662898154
-0.00006663474372030526
-0.00006677797806492266
-0.00006692180130869184
-0.00006706621511557424
-0.00006721122116761905
-0.00006735682116500535
-0.00006750301682604278
-0.00006764980988718314
-0.000067797202103053
-0.0000679451952464564
-0.00006809379110840501
-0.00006824299149813816
-0.00006839279824314654
-0.00006854321318919293
-0.00006869423820034732
-0.00006884587515900463
-0.00006899812596592415
-0.00006915099254025871
-0.0000693044768195762
-0.00006945858075991093
-0.00006961330633579027
-0.00006976865554026649
-0.00006992463038497011
-0.00007008123290012949
-0.00007023846513463591
-0.00007039632915606413
-0.00007055482705073495
-0.00007071396092374701
-0.00007087373289903611
-0.00007103414511940802
-0.00007119519974660893
-0.00007135689896135745
-0.00007151924496341627
-0.00007168223997162738
-0.00007184588622398576
-0.00007201018597767415
-0.00007217514150915237
-0.00007234075511419119
-0.0000725070291079434
-0.00007267396582500458
-0.00007284156761949145
-0.0000730098368650753
-0.00007317877595508531
-0.00007334838730255551
-0.00007351867334029618
-0.00007368963652097203
-0.00007386127931717031
-0.00007403360422148537
-0.00007420661374656736
-0.00007438031042523209
-0.0000745546968105171
-0.00007472977547577044
-0.00007490554901473175
-0.00007508202004160506
-0.00007525919119116195
-0.00007543706511880862
-0.00007561564450067752
-0.00007579493203372754
-0.00007597493043581028
-0.00007615564244579447
-0.00007633707082361193
-0.00007651921835040512
-0.00007670208782857807
-0.0000768856820819221
-0.00007707000395569618
-0.00007725505631673707
-0.00007744084205355536
-0.0000776273640764431
-0.00007781462531756993
-0.00007800262873109596
-0.00007819137729327847
-0.00007838087400257759
-0.00007857112187976496
-0.00007876212396803823
-0.00007895388333314108
-0.00007914640306345722
-0.00007933968627014341
-0.00007953373608725018
-0.00007972855567182907
-0.00007992414820405464
-0.00008012051688735963
-0.0000803176649485375
-0.00008051559563788569
-0.00008071431222932752
-0.00008091381802053415
-0.00008111411633306542
-0.00008131521051249001
-0.00008151710392852669
-0.00008171979997518003
-0.00008192330207086582
-0.00008212761365856612
-0.00008233273820595289
-0.0000825386792055375
-0.0000827454401748065
-0.0000829530246563859
-0.00008316143621815976
-0.00008337067845343709
-0.00008358075498109601
-0.00008379166944573475
-0.00008400342551782278
-0.00008421602689386723
-0.00008442947729654654
-0.00008464378047488703
-0.00008485894020442788
-0.00008507496028736082
-0.00008529184455270966
-0.00008550959685649489
-0.00008572822108189551
-0.00008594772113942397
-0.00008616810096708592
-0.00008638936453056772
-0.00008661151582340767
-0.00008683455886715385
-0.00008705849771157591
-0.00008728333643481348
-0.00008750907914357595
-0.00008773572997331863
-0.00008796329308843686
-0.00008819177268245075
-0.00008842117297818776
-0.00008865149822798487
-0.00008888275271387882
-0.00008911494074779873
-0.00008934806667176641
-0.00008958213485810224
-0.00008981714970962076
-0.00009005311565982946
-0.00009029003717315666
-0.00009052791874512884
-0.00009076676490260953
-0.00009100658020399833
-0.00009124736923944344
-0.0000914891366310688
-0.00009173188703318874
-0.00009197562513252136
-0.00009222035564843688
-0.00009246608333314513
-0.00009271281297196598
-0.00009296054938353147
-0.00009320929742002503
-0.00009345906196743018
-0.00009370984794575176
-0.00009396166030926114
-0.00009421450404674357
-0.00009446838418174049
-0.00009472330577279851
-0.00009497927391371726
-0.0000952362937337972
-0.00009549437039811283
-0.00009575350910775357
-0.00009601371510007775
-0.0000962749936490016
-0.00009653735006524895
-0.00009680078969661411
-0.00009706531792824298
-0.00009733094018290053
-0.00009759766192125871
-0.00009786548864215049
-0.00009813442588288182
-0.00009840447921950945
-0.00009867565426709342
-0.00009894795668005207
-0.00009922139215239132
-0.0000994959664180489
-0.00009977168525115929
-0.00010004855446638036
-0.00010032657991918846
-0.00010060576750617927
-0.00010088612316540169
-0.00010116765287664847
-0.00010145036266177818
-0.00010173425858506136
-0.0001020193467534664
-0.00010230563331701094
-0.00010259312446909332
-0.00010288182644680982
-0.00010317174553131029
-0.00010346288804812963
-0.00010375526036752796
-0.00010404886890484776
-0.00010434372012086006
-0.00010463982052211077
-0.00010493717666130097
-0.0001052357951376264
-0.00010553568259714574
-0.00010583684573316336
-0.0001061392912865922
-0.00010644302604632227
-0.00010674805684961887
-0.0001070543905824931
-0.0001073620341800882
-0.0001076709946270861
-0.0001079812789580894
-0.00010829289425802119
-0.00010860584766254043
-0.00010892014635843228
-0.00010923579758403393
-0.00010955280862964836
-0.0001098711868379574
-0.00011019093960445688
-0.00011051207437787585
-0.00011083459866060559
-0.00011115852000915368
-0.0001114838460345796
-0.00011181058440292655
-0.00011213874283569878
-0.00011246832911028129
-0.00011279935106044372
-0.000113131816576767
-0.00011346573360713962
-0.00011380111015720666
-0.00011413795429087296
-0.00011447627413077759
-0.00011481607785877414
-0.00011515737371643899
-0.00011550017000556404
-0.00011584447508865952
-0.00011619029738946959
-0.0001165376453934716
-0.00011688652764841086
-0.00011723695276483954
-0.00011758892941659845
-0.00011794246634140617
-0.0001182975723413762
-0.00011865425628355768
-0.00011901252710050893
-0.00011937239379083102
-0.0001197338654197647
-0.00012009695111972602
-0.00012046166009090155
-0.0001208280016018365
-0.00012119598499000153
-0.00012156561966241217
-0.00012193691509620693
-0.00012230988083927088
-0.00012268452651084005
-0.00012306086180212812
-0.00012343889647693806
-0.00012381864037231834
-0.0001242001033991815
-0.00012458329554295897
-0.00012496822686425044
-0.00012535490749949576
-0.00012574334766162723
-0.0001261335576407422
-0.00012652554780480388
-0.00012691932860030609
-0.00012731491055298727
-0.00012771230426851933
-0.00012811152043323224
-0.00012851256981481274
-0.00012891546326305501
-0.0001293202117105753
-0.00012972682617355514
-0.00013013531775250107
-0.000130545697632989
-0.00013095797708644614
-0.0001313721674709058
-0.00013178828023179874
-0.00013220632690274955
-0.00013262631910635655
-0.000133048268555031
-0.0001334721870517893
-0.0001338980864910702
-0.0001343259788595949
-0.00013475587623720898
-0.00013518779079769267
-0.0001356217348096839
-0.00013605772063751784
-0.0001364957607420886
-0.00013693586768177954
-0.00013737805411333652
-0.00013782233279279734
-0.00013826871657639226
-0.0001387172184214747
-0.00013916785138748595
-0.000139620628636885
-0.0001400755634361105
-0.00014053266915655326
-0.00014099195927556627
-0.00014145344737740573
-0.00014191714715428372
-0.00014238307240736423
-0.00014285123704778908
-0.0001433216550977215
-0.00014379434069139568
-0.00014426930807617745
-0.00014474657161364407
-0.00014522614578066492
-0.0001457080451704979
-0.0001461922844939106
-0.0001466788785802914
-0.0001471678423787935
-0.00014765919095948736
-0.00014815293951451545
-0.00014864910335925927
-0.00014914769793355112
-0.0001496487388028712
-0.00015015224165952797
-0.00015065822232395132
-0.00015116669674587383
-0.00015167768100563913
-0.0001521911913154434
-0.00015270724402062502
-0.00015322585560098692
-0.0001537470426720895
-0.00015427082198661742
-0.00015479721043567155
-0.00015532622505019423
-0.00015585788300230945
-0.00015639220160673601
-0.0001569291983221824
-0.00015746889075279587
-0.0001580112966495917
-0.0001585564339119342
-0.00015910432058898033
-0.0001596549748812166
-0.00016020841514194985
-0.00016076465987885442
-0.0001613237277554971
-0.00016188563759292582
-0.00016245040837125515
-0.00016301805923127656
-0.00016358860947606342
-0.00016416207857263386
-0.00016473848615361646
-0.00016531785201890614
-0.0001659001961374192
-0.00016648553864875637
-0.00016707389986499586
-0.00016766530027245526
-0.00016825976053343373
-0.00016885730148808554
-0.000169457944156202
-0.00017006170973909033
-0.00017066861962143558
-0.00017127869537321089
-0.0001718919587515888
-0.00017250843170288572
-0.00017312813636455112
-0.00017375109506712562
-0.00017437733033629494
-0.0001750068648949018
-0.0001756397216650358
-0.00017627592377010207
-0.0001769154945369686
-0.0001775584574980947
-0.0001782048363936961
-0.00017885465517395943
-0.0001795079380012515
-0.00018016470925239333
-0.0001808249935209162
-0.00018148881561939228
-0.00018215620058176617
-0.00018282717366571832
-0.00018350176035507266
-0.00018417998636222673
-0.00018486187763058128
-0.00018554746033708138
-0.0001862367608946915
-0.00018692980595497505
-0.00018762662241065975
-0.0001883272373982937
-0.00018903167830084652
-0.00018973997275043627
-0.00019045214863104836
-0.00019116823408124622
-0.00019188825749701314
-0.0001926122475345666
-0.000193340233113198
-0.0001940722434182075
-0.00019480830790380674
-0.00019554845629613267
-0.00019629271859621436
-0.00019704112508307667
-0.000197793706316794
-0.0001985504931416645
-0.0001993115166893293
-0.00020007680838203876
-0.00020084639993590023
-0.00020162032336414347
-0.00020239861098053267
-0.00020318129540270062
-0.00020396840955558886
-0.00020475998667495316
-0.00020555606031087847
-0.00020635666433134066
-0.00020716183292583405
-0.0002079716006090529
-0.0002087860022245796
-0.00020960507294869225
-0.000210428848294146
-0.00021125736411407173
-0.00021209065660587098
-0.00021292876231521944
-0.00021377171814006683
-0.00021461956133476736
-0.00021547232951415414
-0.00021633006065778463
-0.00021719279311418376
-0.00021806056560513378
-0.00021893341723006168
-0.00021981138747048822
-0.00022069451619447194
-0.00022158284366121143
-0.00022247641052562187
-0.00022337525784303197
-0.00022427942707394234
-0.0002251889600888067
-0.00022610389917294589
-0.00022702428703144455
-0.00022795016679421116
-0.00022888158202104435
-0.00022981857670679984
-0.0002307611952865972
-0.000231709482641139
-0.00023266348410209476
-0.00023362324545753247
-0.00023458881295747457
-0.00023556023331949044
-0.00023653755373438882
-0.00023752082187199452
-0.00023851008588699938
-0.00023950539442489728
-0.00024050679662800025
-0.00024151434214156347
-0.00024252808111997255
-0.00024354806423302467
-0.00024457434267230845
-0.00024560696815768325
-0.0002466459929438423
-0.00024769146982695986
-0.00024874345215145115
-0.0002498019938168389
-0.00025086714928469983
-0.00025193897358573227
-0.0002530175223269085
-0.00025410285169874113
-0.00025519501848264906
-0.00025629408005850373
-0.0002574000944121326
-0.00025851312014308405
-0.00025963321647244934
-0.00026076044325080256
-0.0002618948609662213
-0.00026303653075251504
-0.00026418551439751125
-0.00026534187435149306
-0.0002665056737357154
-0.0002676769763511583
-0.0002688558466872881
-0.00027004234993101533
-0.00027123655197582567
-0.0002724385194309438
-0.0002736483196307591
-0.00027486602064429576
-0.0002760916912848838
-0.000277325401119983
-0.0002785672204811045
-0.0002798172204739665
-0.0002810754729887171
-0.0002823420507104125
-0.000283617027129555
-0.00028490047655289067
-0.000286192474114323
-0.0002874930957859826
-0.00028880241838954946
-0.0002901205196076596
-0.00029144747799553965
-0.0002927833729928423
-0.0002941282849356092
-0.0002954822950685233
-0.00029684548555720757
-0.00029821793950089335
-0.00029959974094515083
-0.00030099097489491594
-0.0003023917273276418
-0.0003038020852067616
-0.0003052221364952912
-0.00030665197016967134
-0.00030809167623388034
-0.0003095413457336949
-0.00031100107077123863
-0.000312470944519763
-0.0003139510612386679
-0.00031544151628876794
-0.0003169424061477834
-0.0003184538284261147
-0.0003199758818829397
-0.00032150866644241934
-0.00032305228321028703
-0.0003246068344907351
-0.00032617242380355703
-0.00032774915590146633
-0.00032933713678787353
-0.00033093647373488096
-0.00033254727530158295
-0.000334169651352706
-0.0003358037130774704
-0.0003374495730089384
-0.00033910734504351725
-0.00034077714446093725
-0.00034245908794446945
-0.00034415329360154806
-0.00034585988098474166
-0.00034757897111301105
-0.0003493106864935147
-0.00035105515114356914
-0.0003528124906131293
-0.00035458283200766176
-0.0003563663040113302
-0.0003581630369107293
-0.00035997316261882263
-0.0003617968146995188
-0.00036363412839257933
-0.000365485240638956
-0.00036735029010657126
-0.0003692294172166516
-0.000371122764170424
-0.00037303047497630877
-0.000374952695477645
-0.0003768895733809012
-0.0003788412582843643
-0.00038080790170732734
-0.0003827896571199214
-0.0003847866799733103
-0.0003867991277306477
-0.000388827159898372
-0.00039087093805827665
-0.00039293062589999773
-0.0003950063892542588
-0.0003970983961266175
-0.00039920681673182533
-0.0004013318235289311
-0.0004034735912569424
-0.00040563229697121103
-0.0004078081200804034
-0.0004100012423843302
-0.00041221184811229367
-0.00041444012396230767
-0.00041668625914097787
-0.00041895044540415455
-0.00042123287709839143
-0.0004235337512031884
-0.0004258532673739283
-0.00042819162798581354
-0.0004305490381785401
-0.0004329257059018218
-0.0004353218419618839
-0.0004377376600687218
-0.00044017337688443824
-0.00044262921207239225
-0.00044510538834731557
-0.00044760213152650704
-0.00045011967058197874
-0.000452658237693595
-0.0004552180683032922
-0.0004577994011703614
-0.00046040247842788314
-0.0004630275456401907
-0.00046567485186157636
-0.0004683446496960986
-0.00047103719535865915
-0.00047375274873720253
-0.000476491573456369
-0.0004792539369421577
-0.0004820401104882377
-0.000484850369323283
-0.0004876849926798916
-0.0004905442638649208
-0.0004934284703311307
-0.0004963379037504289
-0.0004992728600885517
-0.0005022336396814342
-0.0005052205473128994
-0.0005082338922943283
-0.0005112739885456757
-0.0005143411546784082
-0.0005174357140800029
-0.0005205579950004846
-0.0005237083306404674
-0.000526887059241436
-0.0005300945241776182
-0.000533331074050024
-0.0005365970627824989
-0.0005398928497197138
-0.0005432187997273843
-0.0005465752832946588
-0.0005499626766386958
-0.0005533813618114655
-0.0005568317268090894
-0.0005603141656832306
-0.0005638290786554098
-0.0005673768722333238
-0.0005709579593301669
-0.0005745727593863947
-0.0005782216984942045
-0.0005819052095248642
-0.0005856237322588756
-0.0005893777135190375
-0.0005931676073066081
-0.0005969938749403531
-0.0006008569851990212
-0.0006047574144668522
-0.0006086956468824992
-0.0006126721744914142
-0.000616687497401628
-0.0006207421239432206
-0.0006248365708314634
-0.0006289713633337538
-0.0006331470354404839
-0.0006373641300397961
-0.0006416231990966173
-0.000645924803835702
-0.0006502695149292819
-0.0006546579126888374
-0.0006590905872618069
-0.0006635681388325873
-0.0006680911778287892
-0.0006726603251320644
-0.0006772762122943105
-0.0006819394817589593
-0.0006866507870876966
-0.0006914107931927164
-0.0006962201765746795
-0.0007010796255664793
-0.0007059898405830295
-0.0007109515343773019
-0.0007159654323025347
-0.0007210322725814041
-0.0007261528065812619
-0.0007313277990969862
-0.0007365580286404078
-0.0007418442877374414
-0.0007471873832326219
-0.0007525881366012231
-0.0007580473842696337
-0.0007635659779439293
-0.000769144784946587
-0.0007747846885624154
-0.0007804865883930508
-0.000786251400720771
-0.0007920800588820629
-0.0007979735136507269
-0.0008039327336311172
-0.0008099587056619125
-0.0008160524352305228
-0.0008222149468985234
-0.0008284472847384855
-0.0008347505127826024
-0.0008411257154833869
-0.0008475739981866312
-0.0008540964876176881
-0.0008606943323804272
-0.0008673687034704228
-0.0008741207948018458
-0.000880951823749064
-0.0008878630317033231
-0.0008948556846447023
-0.0009019310737302236
-0.0009090905158984737
-0.0009163353544911875
-0.0009236669598922909
-0.0009310867301854615
-0.0009385960918298154
-0.0009461965003557366
-0.0009538894410800361
-0.0009616764298420062
-0.0009695590137609087
-0.0009775387720153978
-0.000985617316645675
-0.000993796293379314
-0.0010020773824813292
-0.001010462299629555
-0.0010189527968157703
-0.0010275506632742078
-0.0010362577264371195
-0.0010450758529201823
-0.0010540069495367122
-0.001063052964343282
-0.0010722158877170213
-0.001081497753466034
-0.001090900639973935
-0.0011004266713796767
-0.0011100780187943383
-0.0011198569015555635
-0.0011297655885212786
-0.0011398063994045144
-0.0011499817061499946
-0.0011602939343547652
-0.0011707455647339902
-0.0011813391346338791
-0.0011920772395930745
-0.0012029625349548921
-0.0012139977375318915
-0.0012251856273245716
-0.0012365290492966571
-0.0012480309152091873
-0.001259694205514595
-0.0012715219713146668
-0.0012835173363835934
-0.001295683499259025
-0.001308023735403509
-0.0013205413994400747
-0.0013332399274630232
-0.0013461228394286212
-0.0013591937416278781
-0.0013724563292449145
-0.00138591438900428
-0.001399571801910993
-0.001413432546086664
-0.001427500699705716
-0.0014417804440361576
-0.0014562760665883258
-0.001470991964377181
-0.0014859326473012223
-0.0015011027416452038
-0.001516506993709007
-0.0015321502735701916
-0.0015480375789849073
-0.0015641740394329048
-0.0015805649203136424
-0.0015972156272980036
-0.0016141317108453789
-0.0016313188708899774
-0.001648782961706332
-0.0016665299969600936
-0.001684566154953396
-0.0017028977840721916
-0.0017215314084466384
-0.0017404737338309812
-0.0017597316537155488
-0.0017793122556804216