-4.771451031937085e-22
-3.070691873664651e-16
-7.79094256068479e-15
-5.4653371707040446e-14
-2.2139258271281182e-13
-6.601625130696943e-13
-1.618551456739968e-12
-3.463920325729026e-12
-6.708443065579141e-12
-1.2034999247249611e-11
-2.0324072529886035e-11
-3.2681815649153894e-11
-5.046945324877013e-11
-7.533420068654974e-11
-1.0924188736071403e-10
-1.5451148954523105e-10
-2.138517850946763e-10
-2.904003634057663e-10
-3.877652378190957e-10
-5.100693286982505e-10
-6.619981052551193e-10
-8.488506995555916e-10
-1.0765948341185262e-9
-1.3519259252136232e-9
-1.6823307741663977e-9
-2.07615627151215e-9
-2.542683603879684e-9
-3.0922084760035164e-9
-3.736127929661851e-9
-4.487034375752988e-9
-5.358817539389086e-9
-6.3667750632526555e-9
-7.527732610066201e-9
-8.860174374544859e-9
-1.03843850165966e-8
-1.2122604130774391e-8
-1.4099194480189812e-8
-1.6340825360285568e-8
-1.8876672596040153e-8
-2.1738636843945075e-8
-2.4961582053529205e-8
-2.8583596137731634e-8
-3.264627615371473e-8
-3.71950405259513e-8
-4.2279471156369573e-8
-4.795368858385903e-8
-5.4276763728819154e-8
-6.131317017044824e-8
-6.913328139119546e-8
-7.781391792623519e-8
-8.743895001772889e-8
-9.80999619924437e-8
-1.0989698542839738e-7
-1.2293930903237423e-7
-1.3734637417887692e-7
-1.5324876623001817e-7
-1.7078931307937962e-7
-1.901243039097463e-7
-2.1142484288651584e-7
-2.3487835453235196e-7
-2.6069025989444125e-7
-2.8908584524705163e-7
-3.2031234822673207e-7
-3.546412898972842e-7
-3.923710854241249e-7
-4.33829970942817e-7
-4.793792898763191e-7
-5.29417188646346e-7
-5.843827795422659e-7
-6.447608376532739e-7
-7.110871096365195e-7
-7.839543248523736e-7
-8.640190145429023e-7
-9.520092626377244e-7
-1.0487335333078543e-6
-1.1550907457997579e-6
-1.2720817978168237e-6
-1.400822775468542e-6
-1.5425601322211619e-6
-1.6986881729677692e-6
-1.8707692445235104e-6
-2.0605571133772646e-6
-2.270024108656876e-6
-2.5013927276595344e-6
-2.7571725486418045e-6
-3.0402034777589148e-6
-3.353706584117955e-6
-3.7013440604033035e-6
-4.08729020304916e-6
-4.516315755659239e-6
-4.9938885307725545e-6
-5.526293954301029e-6
-6.120780113614516e-6
-6.785733100769239e-6
-7.5308900172247e-6
-8.367599069011056e-6
-9.309138903313553e-6
-0.00001037111295692836
-0.000011571939439403442
-0.000012933464135715424
-0.000014481732169851415
-0.000016247967214843003
-0.000018269823827501725
-0.000020593002801540545
-0.000023273353948248114
-0.00002637964055048805
-0.000029997212695569464
-0.0000342329451168558
-0.000039221958937949605
-0.00004513689845918945
-0.00005220092865841072
-0.00006070625056370826
-0.0000710409662022478
-0.00008372886388562713
-0.00009948970293573197
-0.00011933295087840881
-0.00014470788031671535
-0.000177752148191145
-0.00022171987707926715
-0.000281753465401234
-0.0003663533255256317
-0.0004903687187298849
-0.0006816068571853878
-0.0009970618755537081
-0.0015687753607540676
-0.0027618570057417486
-0.005915085706370596
-0.01950249963436683
-0.4475053337999176
-0.062384402222686826
-0.011455359227763418
-0.004735472784068166
-0.0026091024972953844
-0.0016676172334394684
-0.0011671282474329905
-0.0008683657606800438
-0.0006750962006764253
-0.000542453626560538
-0.0004471897241200445
-0.00037625947972790843
-0.00032187264532767125
-0.00027913779776897083
-0.0002448542179450941
-0.000216853736527255
-0.00019362369568930122
-0.0001740815743472587
-0.0001574352712840096
-0.00014309370982930033
-0.00013060803453565363
-0.0001196319729339611
-0.00010989452722815358
-0.00010118078871463018
-0.00009331821818818588
-0.00008616667562835489
-0.00007961106655238336
-0.00007355584348030669
-0.00006792084150936466
-0.00006263808582113575
-0.00005764931561012196
-0.00005290404167039185
-0.00004835800519440283
-0.000043971940611196404
-0.00003971057029576107
-0.000035541776907692724
-0.000031435912081978045
-0.00002736520964540314
-0.000023303278456483268
-0.000019224655059648368
-0.00001510440007017288
-0.000010917724925011023
-6.63963756283573e-6
-2.2445969052365722e-6
2.2938331757274807e-6
7.003339341889046e-6
0.000011913232678247847
0.000017054850314328744
0.00002246199487170947
0.000028171422997871774
0.000034223395875219596
0.00004066230677258391
0.000047537403537011514
0.000054903627584441086
0.00006282259562359361
0.00007136375635577437
0.00008060576210188718
0.00009063810521466896
0.00010156308198314346
0.00011349816342325199
0.00012657887420069235
0.00014096230974072865
0.00015683145981959482
0.000174400558133277
0.0001939217464552611
0.00021569343616876092
0.00024007087954426917
0.00026747964329060757
0.0002984329302288024
0.0003335540554189776
0.00037360590269343215
0.00041952994707827667
0.0004724985555671283
0.0005339859783429492
0.0006058660516549659
0.0006905487168845139
0.0007911739878702954
0.0009118926797054214
0.0010582811477706558
0.0012379682822009595
0.0014616083280541295
0.0017444355143437717
0.0021088340851173155
0.002588757260642684
0.003237684291667259
0.00414375931848355
0.0054605859260349
0.00747529653816879
0.01077591735370464
0.01672567332487696
0.029106441188763998
0.0619076598897836
0.20593165014039855
5.836470680173789
0.5461411904285356
0.10426130520844581
0.043045058785094646
0.023500055763696792
0.014841406827960582
0.010250821646090261
0.0075222052469487485
0.00576622669795389
0.004568081386741327
0.003712971075185599
0.0030805339235525143
0.0025990254870218764
0.0022234979934046086
0.001924613348320734
0.001682552573023459
0.001483529918425754
0.001317711580522141
0.0011779271736909222
0.001058846521344696
0.0009564390410829104
0.000867609969827545
0.0007899502236582392
0.0007215610248092382
0.0006609287778716396
0.0006068343706704777
0.0005582864723918698
0.0005144718272883491
0.0004747177610293149
0.00043846358047086565
0.00040523852975515574
0.0003746446349525719
0.00034634323220400775
0.00032004429860223936
0.0002954979350373325
0.0002724875153451355
0.0002508241358505537
0.00023034208715968295
0.00021089513497417813
0.00019235344516397624
0.0001746010247955048
0.00015753357845817414
0.00014105670036918067
0.00012508433896127512
0.00010953748323949767
0.00009434302996599721
0.00007943279835070192
0.00006474266495620803
0.000050211796193358575
0.00003578195953172673
0.0000213968974435085
7.001750388892182e-6
-7.457483071171735e-6
-0.00002203445961847715
-0.00003678298754357029
-0.000051757515026059146
-0.0000670136187789484
-0.00008260850134119777
-0.00009860150532109482
-0.00011505465319608002
-0.00013203322175198953
-0.00014960636101117028
-0.0001678477685040766
-0.00018683643108097334
-0.00020665744813229533
-0.00022740295218236424
-0.00024917314542838764
-0.0002720774739937459
-0.0002962359656089992
-0.0003217807612848909
-0.0003488578775236925
-0.0003776292430030266
-0.00040827506282587535
-0.00044099657481338843
-0.0004760192765646923
-0.0005135967198320582
-0.0005540149912950211
-0.0005975980273354907
-0.000644713946796026
-0.0006957826323062799
-0.0007512848509571271
-0.0008117732831974725
-0.0008778859310242731
-0.0009503625111373506
-0.0010300646174720384
-0.001118000676804648
-0.001215357044311883
-0.0013235370265476105
-0.001444210225892429
-0.0015793754446380107
-0.0017314415748716611
-0.0019033325926193082
-0.0020986252172795487
-0.0023217313726938563
-0.0025781428994628855
-0.0028747639960937836
-0.0032203692149341176
-0.003626244209462975
-0.004107097475683802
-0.0046823822827350885
-0.005378253835657462
-0.006230535650632168
-0.007289336142029752
-0.008626453248410902
-0.010347669325616444
-0.012614004121633783
-0.015680234176478906
-0.019968771739777277
-0.026221477015237433
-0.03583963955193735
-0.05173451701195317
-0.08079637263503836
-0.1427604760501226
-0.3148083452165099
-1.1656231665384604
-58.791511061982646
-1.6016607204498194
-0.37695876214231067
-0.16453824511049076
-0.09194229497514488
-0.058722652855242065
-0.04078522811459912
-0.030002905557322487
-0.023014118493070473
-0.018223476931994758
-0.01479452600001362
-0.012254230256709873
-0.010318648308105053
-0.00880892641614206
-0.007607828062431024
-0.0066358898215988765
-0.005837690943006527
-0.005173614094013771
-0.00461472296357008
-0.00413947811329368
-0.003731573770693901
-0.0033784785165648008
-0.0030704296321373
-0.002799726700190767
-0.002560226768630617
-0.00234697785809218
-0.002155949059504402
-0.001983829126736795
-0.0018278743361229866
-0.0016857922455782285
-0.001555651925274187
-0.001435813920173099
-0.0013248750655040409
-0.0012216245808116864
-0.0011250087938458248
-0.0010341025092678537
-0.0009480855176125084
-0.0008662230904526288
-0.0007878495650393162
-0.0007123543109957049
-0.0006391695108400556
-0.0005677592873981637
-0.0004976097832642347
-0.000428219846064413
-0.00035909200240295195
-0.00028972341488096376
-0.00021959651147521596
-0.00014816895398410204
-0.0000748625702642454
9.491902472150939e-7
0.00007995581267987976
0.00016292695192717717
0.0002507331977891321
0.0003443714741427164
0.0004449965267150465
0.0005539604417000077
0.0006728628221834032
0.000803615219875413
0.0009485248121323168
0.0011104043374042358
0.0012927182841438692
0.0014997797921761657
0.0017370195218840677
0.002011358288516004
0.0023317319457608113
0.0027098440143047144
0.0031612663683110082
0.00370708472304248
0.004376420065782439
0.005210401801611048
0.006268631413543275
0.007640091954806464
0.009462369206514309
0.011957281678161534
0.015501088117633139
0.020773599139237275
0.02910622124373663
0.043400564337940255
0.0709951739624683
0.13508783490799364
0.3423977042403143
1.7232454940032205
2.9983432894821838
0.46700719216732944
0.1674294795975625
0.08472049022945798
0.050979589430259716
0.034018037956697764
0.024309355736258163
0.018237568204543458
0.014188146725825504
0.011352436598907384
0.0092891220025732
0.00774075975017923
0.0065489450566470825
0.005611862767193479
0.004861644093333771
0.004251631255929478
0.0037488879721420793
0.0033296238900545013
0.0029763056094319383
0.0026757793423616014
0.002418019628942078
0.0021952763320216284
0.002001481309156537
0.0018318281628261026
0.0016824696618267868
0.00155029661572336
0.0014327740625239755
0.001327818392168085
0.0012337041128484805
0.0011489923560323262
0.0010724755112736005
0.0010031339596098087
0.0009401019738035116
0.0008826406297004777
0.0008301161272296031
0.0007819823198482986
0.0007377665433225813
0.0006970580499603784
0.0006594985144555177
0.0006247741975464963
0.0005926094444588227
0.0005627612642680744
0.0005350147894052313
0.0005091794555539271
0.00048508577410529387
0.00046258259431628733
0.00044153477198861446
0.00042182117706000713
0.00040333298490078545
0.0003859722060284133
0.00036965041693336496
0.00035428766115454784
0.00033981149497370436
0.0003261561563620851
0.00031326183930223265
0.0003010740584745208
0.00028954309166329183
0.0002786234891955804
0.00026827364135109216
0.0002584553960390312
0.0002491337201705405
0.0002402763991073609
0.00023185376936816547
0.0002238384804493181
0.00021620528218944062
0.00020893083459265412
0.00020199353743800708
0.00019537337735638398
0.00018905179035656132
0.00018301153804164651
0.00017723659597908647
0.00017171205287871304
0.0001664240193991822
0.0001613595455456596
0.00015650654574596854
0.00015185373080004965
0.0001473905459913048
0.00014310711473045705
0.00013899418717369267
0.00013504309331965092
0.00013124570014462521
0.0001275943723835709
0.00012408193660675142
0.00012070164827955979
0.0001174471615256356
0.00011431250134293213
0.00011129203804788615
0.00010838046374601868
0.00010557277064746674
0.00010286423106404212
0.00010025037894053074
0.00009772699278736057
0.00009529007989448083
0.0000929358617178156
0.00009066076033988939
0.00008846138591545503
0.00008633452502109202
0.00008427712983533081
0.00008228630808231943
0.0000803593136781991
0.00007849353802470586
0.00007668650189934861
0.00007493584789602969
0.00007323933337384865
0.00007159482387549978
0.00007000028697991392
0.00006845378655677868
0.00006695347739322966
0.00006549760016549105
0.00006408447673040116
0.00006271250571388339
0.00006138015837513144
0.000060085974727084384
0.00005882855989521877
0.000057606580698121496
0.000056418762434568375
0.000055263885863024614
0.00005414078436053263
0.00005304834124895163
0.00005198548727740938
0.00005095119825064566
0.000049944492793696984
0.0000489644302440696
0.000048010108663169706
0.000047080662959374074
0.000046175263115656254
0.00004529311251518843
0.000044433446358790525
0.00004359553016854473
0.00004277865837225714
0.00004198215296384416
0.000041205362235035224
0.00004044765957410208
0.000039708442327608636
0.00003898713072145013
0.00003828316683768991
0.000037596013643930214
0.00003692515407216629
0.0000362700901442881
0.00003563034214153234
0.000035005447815417785
0.00003439496163780804
0.00003379845408789599
0.000033215510974094125
0.000032645732788852584
0.00003208873409463284
0.00003154414293931845
0.00003101160029948014
0.000030490759549981163
0.000029981285958528412
0.000029482856203831098
0.00002899515791613301
0.000028517889238932345
0.000028050758410793955
0.000027593483366203334
0.000027145791354496962
0.000026707418575925965
0.000026278109833997134
0.000025857618203257404
0.000025445704711756368
0.00002504213803744467
0.00002464669421781944
0.000024259156372170766
0.000023879314435799724
0.00002350696490562856
0.000023141910596655192
0.000022783960408728906
0.000022432929103139545
0.000022088637088576334
0.000021750910215991124
0.000021419579581956646
0.000021094481340124407
0.00002077545652039804
0.00002046235085547025
0.00002015501461438244
0.00001985330244278362
0.000019557073209590546
0.00001926618985974879
0.000018980519272832366
0.000018699932127206288
0.00001842430276952008
0.000018153509089282764
0.000017887432398303686
0.000017625957314782623
0.000017368971651847496
0.000017116366310348503
0.000016868035175720276
0.00001662387501874743
0.000016383785400056025
0.000016147668578179083
0.0000159154294210496
0.000015686975320765806
0.000015462216111505192
0.000015241063990447544
0.000015023433441589281
0.000014809241162325744
0.000014598405992693723
0.000014390848847162285
0.00001418649264887383
0.000013985262266231255
0.000013787084451748588
0.00001359188778306301
0.000013399602606034139
0.000013210160979845084
0.00001302349662402741
0.000012839544867339303
0.000012658242598424
0.000012479528218182141
0.000012303341593796075
0.000012129624014340932
0.000011958318147928537
0.000011789368000327438
0.000011622718875003604
0.000011458317334535327
0.000011296111163351075
0.000011136049331747247
0.000010978081961139194
0.000010822160290508172
0.000010668236643999445
0.00001051626439964026
0.000010366197959137232
0.000010217992718720997
0.000010071605041008642
9.926992227849022e-6
9.784112494127674e-6
9.642924942499098e-6
9.503389539027178e-6
9.365467089703657e-6
9.229119217828966e-6
9.094308342227242e-6
8.960997656285704e-6
8.829151107791652e-6
8.698733379554985e-6
8.569709870804322e-6
8.442046679335945e-6
8.31571058441095e-6
8.190669030385001e-6
8.066890111063878e-6
7.944342554776561e-6
7.822995710159773e-6
7.702819532649773e-6
7.583784571675749e-6
7.465861958556632e-6
7.349023395097599e-6
7.233241142888641e-6
7.118488013314326e-6
7.0047373582667114e-6
6.891963061579691e-6
6.780139531187625e-6
6.6692416920199625e-6
6.5592449796428985e-6
6.450125334664008e-6
6.34185919791252e-6
6.2344235064222945e-6
6.1277956902246165e-6
6.021953669990524e-6
5.91687585553419e-6
5.812541145219063e-6
5.7089289262833e-6
5.606019076140136e-6
5.503791964669897e-6
5.402228457557478e-6
5.301309920723557e-6
5.201018225886915e-6
5.101335757322761e-6
5.002245419867733e-6
4.90373064824099e-6
4.805775417744592e-6
4.708364256414616e-6
4.611482258713414e-6
4.515115100833121e-6
4.41924905771749e-6
4.323871021890286e-6
4.228968524204888e-6
4.134529756628109e-6
4.040543597182528e-6
3.9469996371808914e-6
3.853888210900587e-6
3.761200427849873e-6
3.668928207794748e-6
3.5770643187244783e-6
3.485602417959783e-6
3.394537096598346e-6
3.3038639275304548e-6
3.213579517271372e-6
3.123681561866385e-6
3.0341689071427184e-6
2.9450416136336923e-6
2.8563010264788944e-6
2.767949850665267e-6
2.6799922319865054e-6
2.5924338441348814e-6
2.5052819823557983e-6
2.418545664162151e-6
2.332235737603142e-6
2.2463649976654826e-6
2.1609483113813024e-6
2.076002752330842e-6
1.991547745199545e-6
1.907605221185013e-6
1.8241997850539234e-6
1.7413588947524119e-6
1.6591130545146376e-6
1.577496022539236e-6
1.4965450343377888e-6
1.4163010429906447e-6
1.3368089776413447e-6
1.258118021667913e-6
1.1802819120797888e-6
1.103359261868165e-6
1.0274139071123545e-6
9.525152808888908e-7
8.78738816118697e-7
8.061663797542976e-7
7.348867408560095e-7
6.649960753909641e-7
5.965985107753663e-7
5.298067135289815e-7
4.6474252363386176e-7
4.0153763958611095e-7
3.4033435844215073e-7
2.812863755901582e-7
2.2455964939119551e-7
1.7033333633837505e-7
1.188008028748486e-7
7.017072063710469e-8
2.466825248741134e-8
-1.7463662569044107e-8
-5.5962916724909764e-8
-9.054672324117736e-8
-1.209099781919952e-7
-1.467234823663505e-7
-1.6763201046247563e-7
-1.832522134481068e-7
-1.9317033850709457e-7
-1.9693974949140956e-7
-1.9407822900813407e-7
-1.8406504137893815e-7
-1.6633773358951714e-7
-1.402886489704409e-7
-1.0526112571538179e-7
-6.054534947517328e-8
-5.373825963677687e-9
6.108356402128844e-8
1.3972496884385843e-7
2.31522475621276e-7
3.3752857625176953e-7
4.588832465265545e-7
5.968217011154951e-7
7.526828941781616e-7
9.279188429970305e-7
1.1241048607258359e-6
1.3429507938458657e-6
1.5863133708342658e-6
1.856209780428973e-6
2.1548326114291094e-6
2.484566301024059e-6
2.848005255408217e-6
3.2479738254667866e-6
3.687548341233656e-6
4.17008143263681e-6
4.6992288903809e-6
5.278979350455898e-6
5.913687118839656e-6
6.608108489917011e-6
7.367441953480548e-6
8.197372731152683e-6
9.104122134408498e-6
0.000010094502293408932
0.000011175976869080604
0.000012356728430823488
0.000013645733259559737
0.000015052844420298178
0.000016588884041100386
0.00001826574583549804
0.000020096509013505955
0.00002209556484081513
0.000024278757226205984
0.000026663538840331538
0.000029269144392396765
0.00003211678280810676
0.00003522985015738505
0.00003863416525918157
0.00004235822993299484
0.000046433515845491655
0.000050894779793477895
0.00005578040902556916
0.00006113279778465854
0.00006699875558035264
0.00007342994667181985
0.00008048335873456226
0.00008822179652153762
0.00009671439327975433
0.00010603712844604699
0.00011627333431766593
0.00012751416644926777
0.00013985900178448653
0.00015341571410773812
0.0001683007571561996
0.00018463896025771795
0.00020256290783832347
0.00022221173043672734
0.00024372907837425894
0.00026725997705895696
0.0002929461719687123
0.0003209194588574551
0.0003512923587989539
0.0003841453388491459
0.0004195096023185015
0.00045734429071937765
0.0004975067779728606
0.0005397146415165271
0.0005834979376726827
0.0006281407000306769
0.0006726112735231185
0.0007154823884670371
0.0007548439844798189
0.000788214895629144
0.0008124636484337289
0.0008237535437021366
0.0008175321284525107
0.0007885886839409936
0.0007312033818461688
0.0006394059759792562
0.0005073486826467952
0.00032977767733395987
0.00010256401716525478
-0.00017676539545119686
-0.0005085649270548182
-0.0008907353054428672
-0.0013185521617655252
-0.0017846610058656928
-0.0022792136661458767
-0.0027901090400558708
-0.003303308929968993
-0.003803223091743591
-0.004273184594348467
-0.0046960528560377034
-0.005054975591007746
-0.005334307860529389
-0.00552063226166401
-0.0056037654526632456
-0.005577596114909561
-0.0054405995037401745
-0.005195922588406493
-0.004851020373180575
-0.004416920231820706
-0.003907264149247911
-0.003337306049107866
-0.002723019423758914
-0.0020804131766341324
-0.0014250831626372725
-0.0007719637562757924
-0.00013520104346864716
0.0004719477026135906
0.001037274608621339
0.0015498964153681108
0.002000650530895743
0.0023825636843007696
0.00269129924424842
0.00292546836498782
0.003086704653917013
0.003179450542699673
0.0032104706033732307
0.0031881692195726277
0.0031218266355783285
0.0030208697188398
0.0028942671480167285
0.0027500974569524953
0.002595297660009117
0.002435570250754615
0.0022754106155146135
0.0021182135211366827
0.001966422085305911
0.0018216911798280217
0.0016850463393391153
0.001557027124603919
0.0014378098201298783
0.001327308332286624
0.0012252545362147268
0.001131260529849171
0.0010448656889704543
0.0009655713887464297
0.0008928659844265894
0.0008262422688469807
0.0007652092313461005
0.0007092995772941389
0.0006580741494739307
0.000611124128124856
0.0005680716729796354
0.0005285695021938832
0.0004922997726649033
0.00045897252643604264
0.00042832389278883417
0.000400114179297627
0.00037412594370680953
0.0003501621080393939
0.00032804415433695987
0.0003076104256855702
0.0002887145450418105
0.0002712239566641866
0.00025501858974240213
0.00023998964033972384
0.00022603846567933756
0.0002130755835344946
0.00020101976890479528
0.00018979724001909297
0.0001793409258159256
0.00016958980740178458
0.000160488326407479
0.00015198585366821982
0.00014403621216878216
0.0001365972487225995
0.00012963044935782432
0.00012310059385941752
0.00011697544537518252
0.00011122547140063609
0.00010582359284049216
0.0001007449581908764
0.00009596674020338159
0.00009146795266278165
0.00008722928517929526
0.00008323295410902974
0.000079462567929787
0.00007590300557328505
0.00007254030638126371
0.00006936157049475222
0.00006635486861273669
0.00006350916017427295
0.00006081421911439373
0.00005826056643887813
0.00005583940894096211
0.00005354258345360715
0.00005136250609724932
0.00004929212603647886
0.00004732488331174253
0.00004545467035534531
0.00004367579684241839
0.00004198295756159309
0.00004037120302371848
0.00003883591255373734
0.00003737276963733001
0.000035977739315852724
0.00003464704744420868
0.00003337716164355122
0.00003216477379754345
0.00003100678395564035
0.00002990028551933698
0.000028842551599631374
0.000027831022444248213
0.000026863293842804486
0.000025937106426531924
0.00002505033578668358
0.000024200983343342394
0.000023387167901769956
0.00002260711783956957
0.000021859163873032133
0.00002114173235539462
0.000020453339064073143
0.000019792583437746655
0.000019158143227411145
0.000018548769528650816
0.000017963282165479045
0.000017400565398175008
0.00001685956393009117
0.000016339279190746196
0.00001583876587386722
0.000015357128711325275
0.000014893519465235952
0.000014447134121881935
0.000014017210272702079
0.000013603024668448589
0.00001320389093400022
0.000012819157432126658
0.000012448205265617654
0.00001209044640774447
0.000011745321952106109
0.00001141230047331743
0.000011090876490956617
0.000010780569029452254
0.00001048092026734707
0.000010191494269892597