0.20000018878567852
0.20002284497176812
0.20008327994259828
0.2001815441183661
0.2003177195412251
0.20049192003187538
0.20070429140715793
0.20095501175940408
0.20124429179851372
0.20157237525795654
0.20193953936611816
0.20234609538465131
0.20279238921573883
0.20327880208043222
0.20380575127049458
0.20437369097647048
0.20498311319499216
0.20563454871865758
0.20632856821214796
0.2070657833786128
0.20784684822073288
0.20867246040128087
0.20954336270844237
0.21046034463162883
0.21142424405402777
0.2124359490686833
0.21349639992549588
0.21460659111717395
0.21576757361287083
0.2169804572489941
0.21824641328750793
0.21956667715293962
0.22094255136028865
0.2223754086471032
0.2238666953241617
0.22541793486047698
0.22703073171974597
0.22870677546690704
0.2304478451651624
0.23225581408567933
0.2341326547542402
0.23608044436136544
0.23810137056492858
0.24019773771704098
0.242371973550028
0.24462663635969958
0.2469644227278608
0.24938817583016892
0.2519008943800688
0.2545057422646835
0.257206058934284
0.2600053706133642
0.26290740240851396
0.26591609139630557
0.2690356007833924
0.2722703352411259
0.2756249575283396
0.27910440652873963
0.2827139168437655
0.28645904009807943
0.29034566813329304
0.2943800582864503
0.2985688609735443
0.3029191498253753
0.30743845465387365
0.31213479756221285
0.31701673255233087
0.3220933890296795
0.3273745196581407
0.33287055307921765
0.3385926520802382
0.3445527778780371
0.35076376127937825
0.35723938158962465
0.3639944542696839
0.37104492849149806
0.37840799591846186
0.3861022122441831
0.39414763326709973
0.40256596756716384
0.4113807481933287
0.4206175261783226
0.4303040891842622
0.4404707091665561
0.4511504236461818
0.4623793560291791
0.4741970814417167
0.48664704580310825
0.499777047393462
0.5136397920586121
0.5282935355244794
0.5438028291850925
0.5602393893382143
0.577683114373427
0.5962232801383703
0.6159599509773034
0.6370056532318994
0.6594873699654684
0.6835489312026112
0.7093538942827482
0.7370890356974239
0.7669686113885807
0.799239590291754
0.8341881307421878
0.8721476582393344
0.9135090263189145
0.9587334153484842
1.0083688703629905
1.0630717347219931
1.1236347581571806
1.1910244366187879
1.266431326075302
1.3513389125701167
1.4476195456311063
1.5576707117077573
1.6846129289800325
1.8325844214585494
2.0071926894786265
2.2162299278444033
2.4708515523099295
2.787609875115471
3.192166440071019
3.7265574372272114
4.4647326114466095
5.549934151382332
7.300683027094674
10.597036744131906
19.09321460218409
90.79272680578164
-33.66779723057757
-14.335194337073476
-9.162408267716708
-6.764168738249032
-5.381162859443607
-4.48199201931681
-3.851047760415223
-3.3842773819332463
-3.0252996472264235
-2.7409103906448715
-2.5102835376148693
-2.319695401685183
-2.159735362197117
-2.023735383948217
-1.9068392023709704
-1.8054265367152287
-1.7167437938718502
-1.6386597434186516
-1.5694994612915736
-1.5079287751935313
-1.4528721599901648
-1.4034533087718506
-1.3589513972515035
-1.3187684130543422
-1.2824044187370447
-1.249438590957618
-1.2195145240188483
-1.1923287222289425
-1.167621505110978
-1.1451697584055756
-1.124781111557515
-1.1062892282359003
-1.089549973209112
-1.0744382752071142
-1.060845547149469
-1.0486775563789372
-1.0378526611768466
-1.0283003478755068
-1.0199600167761154
-1.012779975880864
-1.006716609923935
-1.0017336989070909
-0.997801865736262
-0.9948981369371971
-0.9930056040465508
-0.9921131763216265
-0.9922154180387085
-0.9933124659813086
-0.9954100248602381
-0.9985194404499204
-1.0026578522561642
-1.007848429636034
-1.0141206975594659
-1.0215109607366932
-1.0300628377511798
-1.0398279202781422
-1.050866576609742
-1.0632489237774285
-1.0770559988525026
-1.0923811679049997
-1.1093318211233794
-1.12803141543695
-1.148621942583153
-1.1712669222185672
-1.1961550481860546
-1.2235046539462615
-1.2535692140415053
-1.2866441674288962
-1.323075443073784
-1.3632701993519347
-1.4077104730364767
-1.4569706959406774
-1.5117404162384607
-1.5728541177474824
-1.6413308612849589
-1.7184277369226644
-1.805713081864685
-1.9051685460603007
-2.0193341926042447
-2.1515193968865836
-2.3061171955491404
-2.489086551158086
-2.7087173973355188
-2.976892855153398
-3.3112713362028514
-3.7392787908958427
-4.305944003052157
-5.090717649618422
-6.248131298405978
-8.123913177339539
-11.683091833158368
-21.021011601732678
-110.30725434180715
33.3621879027582
14.40242194228727
9.146779158752528
6.682986067521497
5.254173076180948
4.3219538932443875
3.66616959089
3.1800394746826552
2.805501507108395
2.5082726086493223
2.266806412242665
2.0668813266819717
1.8987319486308039
1.7554306535968078
1.631926754709345
1.5244512969785389
1.4301348414183956
1.3467543245853613
1.27256084965888
1.206159749489998
1.1464253023466688
1.0924389566062378
1.0434438363648662
0.9988107328770854
0.9580123355926674
0.9206034644256242
0.8862057338831413
0.8544955318364617
0.8251945064145588
0.7980619712587074
0.7728887927308482
0.7494924325753887
0.7277128992539325
0.7074094196457064
0.6884576861433586
0.6707475666060514
0.6541811891274079
0.6386713322334807
0.6241400654539382
0.6105175962958164
0.5977412882891495
0.5857548215529098
0.5745074726848207
0.5639534950322472
0.554051583803795
0.5447644132154389
0.5360582350749394
0.527902530006188
0.5202697039817508
0.5131348240391369
0.5064753880509333
0.5002711242466669
0.4945038168748294
0.48915715497405127
0.4842166017144011
0.4796692821888413
0.47550388789713055
0.4717105964784893
0.46828100552786445
0.46520807957975285
0.46248610957046277
0.4601106843026422
0.4580786736378172
0.4563882233419993
0.4550387617087481
0.45403101829211145
0.45336705530120797
0.4530503124490138
0.45308566631447306
0.45347950558106115
0.45423982386512346
0.45537633225792395
0.45690059419180673
0.4588261858235824
0.4611688858329807
0.4639468993922144
0.4671811221170449
0.47089545111333775
0.47511715185522535
0.4798772916654484
0.48521125313416424
0.4911593440721249
0.49776752476510877
0.5050882786705866
0.5131816596767175
0.5221165581803273
0.5319722403011451
0.5428402306169243
0.5548266304126591
0.5680549927966381
0.5826699163658313
0.5988415751543755
0.6167714814928138
0.6366998909716057
0.6589154217135642
0.6837677000348759
0.7116842038289606
0.7431930234947387
0.7789541155966612
0.8198029900854817
0.8668130100426952
0.9213862601559988
0.9853895296394087
1.0613638929750158
1.1528589577566022
1.2649877949674506
1.405393502090178
1.586033734222644
1.8267229456373035
2.162847222533764
2.66437917275018
3.4916910307286875
5.110292016208245
9.653584784811484
34.532126491163815
-10.999503421079115
-5.314820674965292
-3.4756040458248476
-2.5702861005570012
-2.032410536524391
-1.6763870807921748
-1.4235578921270369
-1.2348991341385467
-1.0888556093947888
-0.9725517603959329
-0.8778232238501088
-0.7992430327757355
-0.7330633339921615
-0.6766127922960804
-0.6279361102975377
-0.5855693026684827
-0.5483946065658256
-0.5155439425358102
-0.48633297479812715
-0.4602150244309696
-0.43674819613462557
-0.4155715010880747
-0.3963872297860884
-0.37894774678663035
-0.3630454659439432
-0.348505147739361
-0.3351779153594263
-0.32293655903102847
-0.3116718172133099
-0.3012894065356908
-0.29170763142999906
-0.28285544682758446
-0.2746708781334773
-0.2670997253607082
-0.2600944951563667
-0.25361351709524627
-0.2476202102056701
-0.24208247302955288
-0.23697217619484973
-0.23226474091436874
-0.22793879033325587
-0.22397586346163062
-0.22036018372698657
-0.2170784760953105
-0.21411982835572027
-0.21147559362343896
-0.20913933247456912
-0.20710679445263283
-0.20537594005631413
-0.20394700580933586
-0.20282261672279742
-0.20200795250269044
-0.20151097638362492
-0.20134273869146477
-0.20151777143220395
-0.20205459577904653
-0.2029763718510119
-0.20431173049044504
-0.20609584109123327
-0.20837178977153636
-0.21119237119166656
-0.21462243953458654
-0.21874202667508513
-0.22365052982216196
-0.2294724159387055
-0.23636511832058618
-0.24453016829107757
-0.25422921364744344
-0.265807614636153
-0.27973014442672356
-0.29663669564326023
-0.31743238335294477
-0.34343958687100845
-0.3766678399151388
-0.42032340004348595
-0.47984814332528114
-0.5652562649908667
-0.6971194611898575
-0.92489335432128
-1.3985688629440376
-2.6096415435630287
2.641128625302076
1.455129038015718
0.8712600134278629
0.6062782016636581
0.4579880989769093
0.36384867365214435
0.299021922994507
0.251791689000429
0.2159327265470731
0.18783807537547556
0.16527586860332785
0.1467920453530228
0.1313991375813301
0.11840325945142294
0.10730269495589412
0.09772577218593569
0.08939135703777722
0.08208291367259597
0.07563099352648421
0.06990112347029535
0.06478524678584013
0.060195558314834335
0.056059987592639256
0.052318838145928866
0.04892225196708446
0.04582827218218807
0.04300134556695465
0.04041115270900092
0.03803168516617058
0.03584051088156532
0.03381818455168512
0.03194777066240863
0.030214454869692025
0.028605225221686018
0.027108609017644284
0.025714454306471405
0.024413747442669515
0.02319845995201825
0.022061419364167705
0.020996199753599173
0.019997028573332847
0.01905870702546492
0.01817654173254223
0.017346285885788588
0.016564088374822435
0.015826449667018863
0.01513018341702564
0.01447238295905823
0.013850391974691812
0.013261778743422355
0.012704313477427506
0.01217594831956547
0.011674799647976032
0.011199132384121084
0.010747346045704861
0.010317962323309704
0.009909613990978158
0.009521034987448903
0.009151051527173127
0.00879857411921889
0.008462590388358063
0.008142158606426494
0.007836401853845662
0.007544502741339688
0.007265698630585592
0.006999277300047082
0.006744573008743208
0.006500962916316811
0.006267863822668367
0.00604472919465404
0.005831046451066062
0.005626334480343279
0.005430141368298516
0.005242042315636531
0.005061637727216357
0.004888551456943174
0.00472242919386709
0.004562936976563003
0.004409759824197392
0.004262600473860201
0.004121178214784217
0.003985227811001452
0.0038544985048148423
0.0037287530941956686
0.0036077670778802847
0.003491327862524595
0.0033792340268012115
0.0032712946377988984
0.0031673286155063578
0.0030671641415422005
0.0029706381086393955
0.0028775956076978566
0.0027878894494991493
0.0027013797184298792
0.002617933355786336
0.0025374237704391166
0.002459730474824959
0.002384738744398559
0.0023123392988357444
0.002242428003414182
0.0021749055891278533
0.0021096773902069023
0.002046653097817938
0.001985746528818973
0.0019268754085282078
0.0018699611665480406
0.0018149287447581104
0.0017617064166586074
0.0017102256173066996
0.0016604207831451927
0.0016122292010743793
0.0015655908661655483
0.0015204483474587573
0.0014767466613264718
0.0014344331519232198
0.0013934573782743017
0.001353771007588274
0.001315327714407459
0.001278083085236414
0.0012419945283139613
0.0012070211882167288
0.0011731238650029038
0.0011402649376252945
0.0011084082913602677
0.0010775192490156066
0.001047564505696732
0.0010185120669243207
0.0009903311899100565
0.0009629923278097089
0.0009364670767841128
0.000910728125709373
0.0008857492083877193
0.0008615050581194412
0.0008379713645054042
0.0008151247323571471
0.000792942642599529
0.000771403415057787
0.000750486173027077
0.0007301708095290876
0.0007104379551659178
0.0006912689474864115
0.0006726458017854925
0.0006545511832615954
0.0006369683804613877
0.0006198812799454941
0.0006032743421123379
0.0005871325781210652
0.0005714415278576248
0.0005561872388915359
0.0005413562463734436
0.0005269355538266707
0.0005129126147883211
0.000499275315258073
0.00048601195691501213
0.0004731112410651122
0.0004605622532837295
0.00044835444871984615
0.0004364776380300193
0.0004249219739123106
0.00041367793821124723
0.00040273632956740906
0.0003920882515855878
0.00038172510149749777
0.00037163855929602847
0.00036182057731925707
0.0003522633702633874
0.00034295940560512213
0.0003339013944148078
0.00032508228254248163
0.0003164952421602735
0.00030813366364487445
0.0002999911477851235
0.0002920614983000898
0.00028433871465406805
0.0002768169851552883
0.0002694906803259862
0.0002623543465319832
0.00025540269986049844
0.00024863062023548776
0.00024203314576032542
0.00023560546727800435
0.0002293429231397074
0.0002232409941728262
0.00021729529884004545
0.0002115015885814351
0.00020585574333192898
0.0002003537672068884
0.00019499178434867655
0.00018976603492774176
0.00018467287129178656
0.0001797087542569014
0.00017487024953502034
0.00017015402429198717
0.00016555684383111948
0.00016107556839710957
0.00015670715009546483
0.00015244862992291284
0.00014829713490429862
0.00014424987533179093
0.0001403041421024056
0.0001364573041498643
0.0001327068059672307
0.00012905016521670622
0.0001254849704232316
0.0001220088787486308
0.00011861961384324538
0.0001153149637720262
0.00011209277901226563
0.0001089509705202585
0.00010588750786424812
0.00010290041742117123
0.00009998778063477746
0.00009714773233287222
0.00009437845910140119
0.0000916781977133168
0.000089045233610178
0.00008647789943451961
0.00008397457361113387
0.00008153367897546966
0.00007915368144742286
0.00007683308874884492
0.00007457044916322136
0.00007236435033594808
0.0000702134181137599
0.00006811631542191959
0.00006607174117776701
0.00006407842923936789
0.00006213514738801117
0.000060240696343296765
0.000058393908809750425
0.0000565936485537532
0.000054838809509776377
0.000053128314914902515
0.00005146111647056318
0.00004983619353064508
0.00004825255231495195
0.00004670922514719171
0.00004520526971663346
0.00004373976836258345
0.00004231182738090979
0.000040920576351872404
0.00003956516748847393
0.00003824477500466594
0.00003695859450271649
0.000035705842379080544
0.00003448575524809374
0.00003329758938296469
0.00003214062017339325
0.00003101414159928295
0.000029917465719960587
0.000028849922178424244
0.000027810857720032934
0.00002679963572519843
0.00002581563575554929
0.000024858253113149423
0.000023926898412242317
0.00002302099716316892
0.000022139989367957206
0.000021283329127233354
0.000020450484257990592
0.00001964093592188377
0.000018854178263631988
0.000018089718059177404
0.00001734707437323302
0.000016625778225893295
0.000015925372267923682
0.000015245410464446195
0.000014585457786648792
0.000013945089911260187
0.000013323892927395948
0.00001272146305057647
0.00001213740634350768
0.000011571338443427782
0.000011022884295665296
0.000010491677893155938
9.977362021621492e-6
9.479588010152195e-6
8.998015486904503e-6
8.532312139632415e-6
8.082153480809662e-6
7.64722261705504e-6
7.2272100225863045e-6
6.821813316445942e-6
6.430737043250029e-6
6.053692457135236e-6
5.690397308690936e-6
5.340575634591615e-6
5.0039575496150526e-6
4.6802790408197535e-6
4.369281763584851e-6
4.070712839212636e-6
3.7843246538104834e-6
3.5098746581821517e-6
3.247125168376516e-6
2.995843166646251e-6
2.755800102430158e-6
2.526771693142723e-6
2.3085377242723347e-6
2.1008818486514012e-6
1.903591384363609e-6
1.7164571110429026e-6
1.5392730641245942e-6
1.3718363267196155e-6
1.213946818638986e-6
1.065407082219722e-6
9.260220644958333e-7
7.955988952736877e-7
6.739466606279726e-7
5.608761714188526e-7
4.5619972621807015e-7
3.5973086827119695e-7
2.7128413583131826e-7
1.9067480543997653e-7
1.1771862750081407e-7
5.223155363345364e-8
-5.970544856380169e-9
-5.7072167923246596e-8
-1.0125848786795818e-7
-1.3871566111009845e-7
-1.6963115137974674e-7
-1.9419406493474778e-7
-2.125954985000998e-7
-2.2502890057610306e-7
-2.3169044681154003e-7
-2.3277943002883503e-7
-2.284986656063814e-7
-2.1905491275948682e-7
-2.0465931231030017e-7
-1.855278414217309e-7
-1.6188178576436172e-7
-1.3394822940272273e-7
-1.0196056266204534e-7
-6.615900802614921e-8
-2.6791163939219924e-8
1.5887433753877625e-8
6.161273341123658e-8
1.1011157309691834e-7
1.611010713001515e-7
2.1428800467837422e-7
2.693681751362743e-7
3.2602576921367673e-7
3.839327136285476e-7
4.427480316333177e-7
5.021172060940643e-7
5.616715563790934e-7
6.210276378240352e-7
6.797866743201358e-7
7.375340367123143e-7
7.938387823707142e-7
8.482532741761151e-7
9.00312900883308e-7
9.495359248446022e-7
9.954234882697325e-7
1.0374598147603975e-6
1.0751126500061158e-6
1.1078339934693953e-6
1.1350611825212844e-6
1.1562184018489544e-6
1.1707187040848009e-6
1.1779666437043935e-6
1.1773616443986539e-6
1.1683022424945721e-6
1.1501913747237978e-6
1.1224429095213828e-6
1.0844896575358288e-6
1.035793139900514e-6
9.7585544440135e-7
9.042335602211313e-7
8.205566539953107e-7
7.245468360130454e-7
6.160440671937384e-7
4.950359791401396e-7
3.61693524420455e-7
2.1641354675720406e-7
5.986956745046624e-8
-1.0692766973084979e-7
-2.825580581978691e-7
-4.651062032908485e-7
-6.520591010353819e-7
-8.401843039151291e-7
-1.0253848515021844e-6
-1.202526516702755e-6
-1.3652320475878355e-6
-1.5056360395976019e-6
-1.6140928195897783e-6
-1.6788282201889375e-6
-1.6855243232321027e-6
-1.6168240960205089e-6
-1.451740269718062e-6
-1.164949739118295e-6
-7.259511138687739e-7
-9.805872802257157e-8
7.627986787316022e-7
1.9095123562635518e-6
3.4055056807171406e-6
5.326776629815285e-6
7.76433213711684e-6
0.000010827085740526422
0.000014645300459653818
0.00001937466952908463
0.000025201137499625477
0.0000323465718218336
0.00004107539789133662
0.00005170230494611858
0.00006460111058422881
0.00008021482995702223
0.00009906692031889214
0.0001217735467838472
0.00014905651965091643
0.00018175626041723214
0.00022084373035428435
0.00026742966664980287
0.00032276868507225893
0.00038825480936710615
0.00046540379870340683
0.0005558163614659589
0.0006611151798896279
0.0007828480101791309
0.0009223495570878284
0.0010805571299629091
0.001257780104328222
0.0014534315208303847
0.0016657415746221611
0.001891485753992245
0.0021257717268754585
0.002361934109385366
0.002591580400506472
0.002804812528334021
0.002990619358611313
0.0031374042640368045
0.0032335894181450384
0.0032682336332322667
0.0032316150418973547
0.0031157567484358995
0.002914899963502942
0.002625942192122927
0.0022488503315125914
0.001787031121796575
0.0012476039153173153
0.0006414889811572083
-0.000016784176287676054
-0.0007096173844524702
-0.001417239708514533
-0.002118882098349925
-0.0027940782590055234
-0.0034238997598956306
-0.003991947238959227
-0.0044849823834628285
-0.004893174063438793
-0.005210016265395869
-0.005432031417394955
-0.005558390274922435
-0.005590562110499621
-0.005532067589508104
-0.005388354375540328
-0.005166763918802612
-0.004876517229979226
-0.004528626886449045
-0.004135649197621852
-0.003711226312110136
-0.003269426059509808
-0.002823950609452335
-0.002387331710328153
-0.0019702428268135543
-0.0015810326160519321
-0.001225530984395619
-0.0009071189142396838
-0.0006270059477527805
-0.00038463542933530866
-0.00017813737429060137
-4.764831877355533e-6
0.0001387276178426053
0.00025578268848573595
0.00034981918653878395
0.0004240828898673689
0.0004815565330122171
0.0005249147494706631
0.0005565109598951086
0.0005783854085644593
0.0005922860242644354
0.0005996960650502209
0.0006018644005815527
0.0005998357498115215
0.0005944792623994457
0.0005865145788525468
0.0005765350021831463
0.0005650277289660438
0.0005523912749572786
0.0005389503308648165
0.0005249683279826609
0.0005106580024074943
0.000496190234887737
0.0004817014207743618
0.0004672995969736334
0.00045306952423604174
0.000439076895524457
0.0004253718159128222
0.00041199167689035443
0.00039896352824018446
0.00038630603371307855
0.0003740310822968886
0.0003621451147175855
0.000350650214608759
0.00033954500527163953
0.00032882538586999653
0.00031848513503015304
0.0003085164049571888
0.00029891012515620105
0.0002896563315301305
0.0002807444338831331
0.00027216343259737856
0.0002639020933834231
0.00025594908746426597
0.0002482931032807337
0.00024092293475393866
0.00023382755027466048
0.00022699614586936282
0.00022041818539971308
0.00021408343016062568
0.00020798195983685462
0.00020210418643602237
0.00019644086254288386
0.0001909830850014697
0.00018572229494418516
0.00018065027492353066
0.00017575914377171884
0.00017104134970253023
0.00016648966207712468
0.00016209716218184414
0.00015785723329985572
0.00015376355030853747
0.0001498100689899006
0.000145991015204262
0.00014230087404953765
0.00013873437910151613
0.00013528650181156483
0.0001319524411201317
0.00012872761333136736
0.0001256076422816359
0.000122588349826485
0.00011966574666182749
0.00011683602348965887
0.00011409554253289216
0.00011144082940060645
0.00010886856530094595
0.00010637557959677664
0.00010395884269744694
0.0001016154592778355
0.00009934266181528999
0.00009713780443397833
0.00009499835704574379
0.00009292189977612673
0.00009090611766382404
0.00008894879562249515
0.00008704781365308196
0.00008520114229540754
0.00008340683830813056
0.00008166304056608293
0.0000799679661645581
0.00007831990672050218
0.00007671722486073224
0.0000751583508877402
0.00007364177961432733
0.00007216606735821165
0.00007072982908836359
0.00006933173571549225
0.00006797051151882747
0.00006664493170232846
0.00006535382007349764
0.00006409604683825038
0.00006287052650594526
0.00006167621589856993
0.00006051211225872748
0.000059377251451134204
0.00005827070625284492
0.000057191584727336024
0.000056139028678226425
0.000055112212178273856
0.00005411034016991116
0.000053132647133384666
0.000052178395819022186
0.00005124687604040309