-6.627009758818409e-22
-1.0662232679428178e-16
-2.7043163181106486e-15
-1.8963483667322077e-14
-7.677749326938788e-14
-2.2878502537903354e-13
-5.604605641513709e-13
-1.1982954083035656e-12
-2.31809226209755e-12
-4.1533959349766445e-12
-7.004084133090395e-12
-1.1245142606043775e-11
-1.73356484159269e-11
-2.5827988787906776e-11
-3.7377339186103857e-11
-5.275143090414135e-11
-7.284063379936378e-11
-9.866838504353278e-11
-1.3140199479885385e-10
-1.7236385882946873e-10
-2.2304311553604228e-10
-2.851077769122639e-10
-3.6041737634604286e-10
-4.510361675452282e-10
-5.59246917912313e-10
-6.875653384573048e-10
-8.387551962245315e-10
-1.0158441588600775e-9
-1.222140417623524e-9
-1.4612501505987137e-9
-1.737095875237862e-9
-2.0539357593043363e-9
-2.4163839466076826e-9
-2.829431975629064e-9
-3.298471356021098e-9
-3.829317388298429e-9
-4.4282343054244886e-9
-5.10196182833464e-9
-5.857743230188113e-9
-6.703355010055377e-9
-7.647138285698606e-9
-8.698032025140631e-9
-9.865608236391693e-9
-1.1160109253943444e-8
-1.2592487264087953e-8
-1.4174446223483403e-8
-1.5918486338036797e-8
-1.783795127677587e-8
-1.9947078317044685e-8
-2.226105162322478e-8
-2.479605888253068e-8
-2.756935153645009e-8
-3.059930886781173e-8
-3.390550621644573e-8
-3.750878762834544e-8
-4.143134326102503e-8
-4.569679189411276e-8
-5.033026892415777e-8
-5.5358520258843434e-8
-6.081000254131203e-8
-6.6714990206453e-8
-7.310568986743287e-8
-8.001636262047417e-8
-8.748345486505251e-8
-9.554573832075384e-8
-1.0424445996089828e-7
-1.1362350265573853e-7
-1.2372955738686596e-7
-1.3461230797296387e-7
-1.463246293318424e-7
-1.5892280039465408e-7
-1.7246673290205074e-7
-1.8702021741043557e-7
-2.0265118797856175e-7
-2.1943200713748412e-7
-2.3743977290226604e-7
-2.567566497459571e-7
-2.774702256801736e-7
-2.9967389774214876e-7
-3.234672884821516e-7
-3.489566962588491e-7
-3.7625558247566784e-7
-4.0548509918839984e-7
-4.3677466089420255e-7
-4.702625647168191e-7
-5.060966636382363e-7
-5.444350979545756e-7
-5.854470906935057e-7
-6.293138133777389e-7
-6.76229329217621e-7
-7.264016216585171e-7
-7.800537171026081e-7
-8.374249116460318e-7
-8.987721128908393e-7
-9.643713091323623e-7
-1.0345191798269153e-6
-1.109534862852224e-6
-1.189761896098998e-6
-1.2755703530917153e-6
-1.367359194906474e-6
-1.4655588635306026e-6
-1.5706341451361014e-6
-1.6830873355684473e-6
-1.8034617447166832e-6
-1.9323455815230392e-6
-2.0703762672177913e-6
-2.21824523114386e-6
-2.3767032514072374e-6
-2.54656641170316e-6
-2.7287227563190415e-6
-2.9241397377861454e-6
-3.133872566169586e-6
-3.359073586121048e-6
-3.601002827941966e-6
-3.861039902622888e-6
-4.14069743901133e-6
-4.441636294498333e-6
-4.765682810440187e-6
-5.114848430847996e-6
-5.491352059686163e-6
-5.897645600350804e-6
-6.336443203090275e-6
-6.810754845761032e-6
-7.323924994055453e-6
-7.879677234771946e-6
-8.482165956007882e-6
-9.136036369732952e-6
-9.846494445861665e-6
-0.000010619388666013762
-0.00001146130592769198
-0.000012379684458478547
-0.000013382947265326212
-0.000014480660485812493
-0.000015683722079082168
-0.00001700458766480642
-0.000018457542082908865
-0.000020059027534243252
-0.000021828042146984946
-0.000023786626737692183
-0.000025960462733463192
-0.000028379611163480173
-0.00003107943197886521
-0.00003410173567107053
-0.000037496236608043164
-0.000041322401708861354
-0.00004565182202025958
-0.0000505712829290715
-0.000056186777987613555
-0.00006262881223408508
-0.00007005949013215077
-0.00007868210755893309
-0.0000887543103222991
-0.00010060641643352954
-0.0001146673504751048
-0.00013150202449623184
-0.00015186631523699353
-0.00017678976587901982
-0.0002077031959498775
-0.0002466413693612247
-0.0002965756854781955
-0.00036198161052061853
-0.0004498508539064588
-0.0005715957306423466
-0.0007468709132090839
-0.001011880496766095
-0.001439366482116919
-0.0021936293541377472
-0.003713311513111992
-0.007520352237512938
-0.022217770155286923
-0.2663102709207297
-0.1287249008796388
-0.01791361149587852
-0.006806699582177953
-0.003568099637360701
-0.002196248102879753
-0.0014885337235729277
-0.0010756477142058875
-0.0008135438044476985
-0.0006365677160866727
-0.0005113019007865117
-0.00041927087840897215
-0.00034958082246437514
-0.0002954679452401696
-0.00025255097084824754
-0.00021788958968678952
-0.00018945031322107288
-0.0001657899755161682
-0.00014586108647139705
-0.0001288882043670372
-0.00011428717171626016
-0.00010161102530976935
-0.00009051296138342158
-0.00008072047182342461
-0.00007201695734000746
-0.00006422844369605953
-0.00005721384294120417
-0.000050857717304491186
-0.000045064836119379314
-0.00003975603487793368
-0.00003486503178363763
-0.000030335956553771966
-0.000026121414736480662
-0.00002218095868640527
-0.000018479870224704133
-0.000014988184267391113
-0.000011679900267679016
-8.532341159284116e-6
-5.525628971890457e-6
-2.6422533545845113e-6
1.332854465307173e-7
2.8147735879381306e-6
5.414531967528146e-6
7.943624903433827e-6
0.0000104120363270059
0.00001282881924097415
0.000015202223077380427
0.00001753980271141514
0.000019848512188730095
0.000022134785668861917
0.000024404607641949282
0.000026663574117716352
0.00002891694619616787
0.00003116969719399478
0.00003342655430967138
0.000035692035652621266
0.000037970483333659084
0.000040266093207582755
0.000042582941771215246
0.00004492501064733109
0.00004729620902529829
0.00004970039437825152
0.00005214139173552639
0.00005462301175414104
0.00005714906780412555
0.00005972339225823039
0.0000623498521570657
0.00006503236440379956
0.00006777491062937175
0.00007058155185804903
0.0000734564430946796
0.00007640384794834046
0.00007942815340174936
0.0000825338848331144
0.00008572572139449417
0.0000890085118505996
0.00009238729098246346
0.0000958672966624171
0.00009945398770975434
0.00010315306264096275
0.00010697047943372346
0.00011091247643078088
0.000114985594517846
0.00011919670071894634
0.00012355301336408833
0.00012806212899616357
0.0001327320511986529
0.00013757122154205322
0.00014258855286535666
0.00014779346512957913
0.00015319592410438453
0.00015880648317489026
0.00016463632858617646
0.00017069732847645113
0.0001770020860882234
0.0001835639975896971
0.00019039731498737781
0.00019751721466573644
0.00020493987215219845
0.0002126825437761135
0.00022076365597048584
0.00022920290305657867
0.00023802135445453472
0.0002472415723818335
0.00025688774123582264
0.0002669858100111765
0.00027756364927938236
0.0002886512244606445
0.0003002807873514062
0.0003124870881396232
0.00032530761044992937
0.0003387828323197046
0.00035295651642287866
0.0003678760333414086
0.0003835927222471353
0.0004001622940128619
0.0004176452825397711
0.0004361075509890418
0.0004556208606637705
0.00047626351153641874
0.0004981210648920261
0.0005212871603060416
0.0005458644412555337
0.0005719656061412028
0.0005997146044635801
0.0006292480014550896
0.0006607165387550926
0.0006942869238922094
0.0007301438876167115
0.000768492555767852
0.0008095611917006509
0.0008536043767551666
0.0009009067103708308
0.0009517871289262303
0.0010066039641135197
0.0010657608888090112
0.0011297139324964994
0.001198979791344248
0.001274145712676538
0.0013558813033499313
0.0014449527011733243
0.0015422396643924655
0.0016487562851090955
0.001765676230266523
0.001894363675062492
0.0020364114414797604
0.002193688321673995
0.0023683981987459995
0.0025631544429641786
0.0027810742574738215
0.0030258993180811784
0.0033021514123731575
0.0036153351610513423
0.003972204802102933
0.004381119223654249
0.004852520197951925
0.005399585132152923
0.006039130984162469
0.0067928860102410005
0.007689310647939297
0.008766255827433369
0.010074928981078795
0.011685957090898418
0.0136989150041351
0.01625777901500222
0.019576918046360622
0.023986701002673392
0.030017639636829657
0.03856527226640615
0.051238068778731286
0.0711631741428367
0.10509336619891306
0.16991134342309727
0.31825789235347157
0.7902258893006763
4.2385799923590906
29.139435121809285
1.558114770175965
0.49021966667879524
0.2375022477083006
0.14013929042878473
0.09260764009177629
0.06587268423209533
0.04934230941867526
0.038403838325627965
0.030786272645796555
0.02526561842987533
0.021134582531684116
0.017961175552374274
0.015469373492479548
0.013476067000573166
0.011855874488389723
0.010520581997466317
0.009406650164574303
0.008467362408014135
0.0076677427280969854
0.006981179908946467
0.006387133105150939
0.0058695401060721445
0.005415692545110172
0.005015427729297109
0.0046605391165323255
0.004344340313447091
0.004061338514612955
0.0038069870539657424
0.003577495882194818
0.003369684962776677
0.003180869818246781
0.0030087714069478508
0.0028514445882120544
0.0027072209156361947
0.0025746625666636406
0.0024525249954114718
0.002339726468785222
0.002235323071615195
0.002138488085498694
0.0020484948869768697
0.001964702694101361
0.0018865446311145395
0.001813517689593285
0.001745174248845352
0.0016811148843952285
0.0016209822453678048
0.0015644558227059268
0.001511247462880745
0.0014610975079238791
0.0014137714636443112
0.001369057114877881
0.0013267620203951489
0.0012867113313185278
0.0012487458860828522
0.001212720542516314
0.001178502713838137
0.0011459710805164557
0.0011150144542045129
0.0010855307735360797
0.0010574262145394986
0.0010306144009283673
0.001005015701629181
0.0009805566046802972
0.0009571691581376525
0.0009347904698972115
0.0009133622594278887
0.0008928304553339261
0.0008731448334565223
0.000854258690903067
0.0008361285519748829
0.0008187139024667224
0.0008019769492444843
0.0007858824023827865
0.0007703972774688241
0.0007554907159617317
0.0007411338217421054
0.0007272995122009734
0.0007139623824047079
0.0007010985810363507
0.0006886856969576213
0.0006767026553621402
0.0006651296226015251
0.0006539479188639919
0.0006431399379715982
0.0006326890736382822
0.0006225796515994705
0.0006127968670827889
0.000603326727143798
0.0005941559974374417
0.0005852721530383469
0.0005766633329606688
0.0005683182980618317
0.0005602263920445452
0.0005523775052983516
0.0005447620413461047
0.0005373708856823879
0.0005301953768103348
0.0005232272793007917
0.000516458758713464
0.0005098823582339857
0.0005034909768935091
0.0004972778492491387
0.0004912365264138437
0.0004853608583341023
0.0004796449772219785
0.0004740832820562374
0.0004686704240740708
0.0004634012931814908
0.0004582710052162969
0.0004532748900027716
0.0004484084801422188
0.00044366750048773857
0.0004390478582558261
0.00043454563373092136
0.00043015707152252013
0.00042587857233745925
0.00042170668523288296
0.00041763810031792916
0.00041366964187457354
0.0004097982618702731
0.0004060210338369849
0.00040233514709307375
0.0003987379012862032
0.0003952267012369737
0.0003917990520644216
0.0003884525545758584
0.0003851849009047537
0.00038199387038145887
0.0003788773256226591
0.0003758332088263391
0.0003728595382600174
0.0003699544049307444
0.0003671159694261862
0.00036434245891679625
0.00036163216430971055
0.00035898343754567325
0.0003563946890307786
0.0003538643851954114
0.00035139104617322225
0.0003489732435934152
0.0003466095984800761
0.0003442987792526377
0.0003420394998219566
0.0003398305177768014
0.00033767063265588654
0.0003355586843008631
0.00033349355128597827
0.0003314741494203302
0.00032949943031893887
0.00032756838003903093
0.00032568001777818264
0.0003238333946311214
0.0003220275924022204
0.0003202617224708409
0.0003185349247068818
0.0003168463664340119
0.0003151952414382277
0.00031358076901949407
0.00031200219308436406
0.0003104587812775756
0.0003089498241507464
0.000307474634366386
0.0003060325459355328
0.0003046229134874304
0.00030324511156973083
0.00030189853397779567
0.00030058259311174757
0.0002992967193599814
0.000298040360507936
0.00029681298117096325
0.0002956140622502061
0.000294443100410457
0.0002932996075790107
0.00029218311046457483
0.0002910931500953672
0.0002900292813755477
0.0002889910726591923
0.00028797810534105016
0.0002869899734633719
0.0002860262833381064
0.00028508665318383654
0.0002841707127768189
0.0002832781031155497
0.0002824084760982893
0.0002815614942130149
0.00028073683023929866
0.00027993416696161724
0.0002791531968936465
0.0002783936220130914
0.0002776551535066397
0.0002769375115246407
0.0002762404249451293
0.0002755636311468379
0.00027490687579084154
0.0002742699126105216
0.00027365250320952357
0.0002730544168674172
0.000272475430352771
0.0002719153277433712
0.00027137390025331975
0.00027085094606677857
0.00027034627017810637
0.0002698596842381727
0.0002693910064066384
0.00026894006120998284
0.00026850667940510087
0.0002680906978482654
0.0002676919593692885
0.0002673103126507108
0.0002669456121118479
0.00026659771779755103
0.00026626649527152635
0.0002659518155140742
0.0002656535548241145
0.00026537159472537434
0.0002651058218766065
0.0002648561279857312
0.00026462240972779043
0.00026440456866660186
0.0002642025111800222
0.0002640161483887168
0.00026384539608835116
0.0002636901746851125
0.0002635504091344885
0.0002634260288832116
0.00026331696781431614
0.0002632231641952164
0.00026314456062875933
0.0002630811040071797
0.0002630327454688975
0.0002629994403581173
0.0002629811481871574
0.0002629778326014781
0.0002629894613473578
0.0002630160062421701
0.00026305744314723253
0.00026311375194318403
0.00026318491650786067
0.00026327092469663943
0.0002633717683252217
0.0002634874431548339
0.00026361794887981707
0.00026376328911759535
0.00026392347140099723
0.0002640985071729218
0.0002642884117833311
0.00026449320448856793
0.0002647129084529829
0.0002649475507528738
0.00026519716238272776
0.0002654617782637739
0.00026574143725484225
0.00026603618216553834
0.0002663460597717391
0.0002666711208334177
0.0002670114201148164
0.00026736701640697096
0.0002677379725526149
0.0002681243554734758
0.0002685262361999862
0.00026894368990343793
0.00026937679593059996
0.00026982563784083637
0.0002702903034457518
0.00027077088485139884
0.00027126747850308866
0.0002717801852328429
0.0002723091103095275
0.0002728543634917183
0.00027341605908334625
0.0002739943159921717
0.00027458925779114417
0.0002752010127827098
0.0002758297140661172
0.0002764754996078007
0.00027713851231489565
0.0002778189001119672
0.00027851681602102275
0.000279232418244888
0.0002799658702540333
0.0002807173408769312
0.0002814870043940426
0.0002822750406355212
0.0002830816350827438
0.00028390697897376176
0.0002847512694127942
0.0002856147094838656
0.00028649750836871776
0.00028739988146911334
0.0002883220505336702
0.00028926424378935216
0.0002902266960777684
0.00029120964899642573
0.000292213351045088
0.00029323805777740973
0.00029428403195800744
0.00029535154372514896
0.00029644087075924365
0.000297552298457328
0.0002986861201137437
0.00029984263710722107
0.0003010221590945854
0.0003022250042113131
0.00030345149927918006
0.0003047019800212448
0.0003059767912844315
0.00030727628726997977
0.00030860083177204894
0.0003099507984247653
0.00031132657095802647
0.0003127285434623863
0.00031415712066334544
0.0003156127182054164
0.000317095762946314
0.0003186066932616663
0.0003201459593606384
0.0003217140236128935
0.00032331136088733066
0.0003249384589030482
0.00032659581859302084
0.0003282839544809891
0.0003300033950720795
0.0003317546832577108
0.00033353837673535437
0.00033535504844375293
0.0003372052870142214
0.00033908969723869266
0.0003410089005551914
0.0003429635355514655
0.0003449542584875212
0.0003469817438378625
0.0003490466848542613
0.0003511497941499293
0.0003532918043060051
0.0003554734685013106
0.0003576955611663905
0.0003599588786628756
0.00036226423998928685
0.0003646124875144353
0.00036700448773964325
0.00036944113209106213
0.0003719233377434328
0.0003744520484767131
0.00037702823556704136
0.0003796528987136194
0.0003823270670031395
0.0003850517999135065
0.0003878281883586525
0.0003906573557763821
0.0003935404592612456
0.0003964786907445832
0.000399473278223966
0.0004025254870443971
0.00040563662123376166
0.0004088080248951453
0.0004120410836587863
0.0004153372261965802
0.0004186979258022215
0.00042212470204022447
0.00042561912246726524
0.000429182804429466
0.0004328174169394638
0.0004365246826373082
0.0004403063798394722
0.0004441643446805198
0.0004481004733522151
0.0004521167244451613
0.00045621512139832883
0.00046039775506219753
0.0004646667863815161
0.00046902444920409424
0.0004734730532224124
0.00047801498705523856
0.00048265272147689545
0.00048738881280227525
0.0004922259064362351
0.0004971667405964974
0.0005022141502197951
0.0005073710710615879
0.0005126405440003684
0.0005180257195582349
0.0005235298626502092
0.0005291563575755577
0.0005349087132652652
0.0005407905688007157
0.0005468056992196632
0.0005529580216266335
0.000559251601626052
0.0005656906600976474
0.000572279580334987
0.000579022915569484
0.0005859253969037001
0.0005929919416794829
0.0006002276623082505
0.0006076378755926735
0.0006152281125710813
0.0006230041289181867
0.0006309719159381565
0.000639137712188667
0.0006475080157774194
0.0006560895973757145
0.0006648895139969288
0.0006739151235914213
0.0006831741005132331
0.0006926744519182065
0.0007024245351577555
0.0007124330762374491
0.0007227091894150283
0.0007332623980183445
0.0007441026565700666
0.0007552403743130349
0.000766686440237606
0.0007784522497207208
0.0007905497328952818
0.0008029913848783479
0.0008157902979973127
0.0008289601961649467
0.000842515471566966
0.0008564712238397819
0.0008708433019314076
0.0008856483488552223
0.0009009038495647346
0.0009166281821975526
0.0009328406729589827
0.0009495616549398807
0.0009668125311901209
0.0009846158423984215
0.001002995339561492
0.0010219760620611602
0.0010415844216072603
0.0010618482925473906
0.0010827971090922738
0.00110446197005831
0.0011268757517869995
0.0011500732299655574
0.0011740912111440683
0.0011989686748237268
0.0012247469270781565
0.0012514697667666043
0.0012791836655057925
0.0013079379626864103
0.0013377850769531279
0.0013687807357144746
0.0014009842244129644
0.0014344586574683087
0.001469271273009724
0.0015054937537392367
0.0015432025765198284
0.001582479393562536
0.0016234114483990333
0.0016660920301739667
0.001710620970178953
0.0017571051849815363
0.0018056592709821127
0.0018564061557662262
0.0019094778122123303
0.001965016041973541
0.0020231733356807727
0.002084113818020923
0.002148014286732355
0.0022150653555365798
0.0022854727120937527
0.002359458503233067
0.0024372628609667223
0.002519145584143621
0.0026053879920275758
0.002696294967573408
0.0027921972096970017
0.002893453715341037
0.003000454513564098
0.003113623675122887
0.003233422621939694
0.003360353761252376
0.0034949644688605937
0.003637851444341043
0.0037896654578964553
0.003951116502947467
0.0041229793597472655
0.004306099561968012
0.004501399738723065
0.00470988627668293
0.004932656207936511
0.005170904175294996
0.0054259292529618
0.005699141300631411
0.005992066395189047
0.006306350706322402
0.006643761948384421
0.007006187236354692
0.007395625782390044
0.007814174373979382
0.008264002959244223
0.008747316919210118
0.009266301733822108
0.00982304477637006
0.010419427972395697
0.011056984178467767
0.011736709626889852
0.012458825052184987
0.013222479771666528
0.014025396869172722
0.014863464757253206
0.015730291843393557
0.0166167575673307
0.01751061453105169
0.018396220753773253
0.01925450326325866
0.020063265708863645
0.02079794194870676
0.02143285323023267
0.021942943229930106
0.022305850709742805
0.022504059815635115
0.022526783881036835
0.022371231433707593
0.02204299380878091
0.021555466293508678
0.020928417271049934
0.020185986397996496
0.01935447358419448
0.018460262435714327
0.017528128658966642
0.016580058929536765
0.01563459001243754
0.014706596543423838
0.0138074152920925
0.012945187148675836
0.012125313172830813
0.011350945865212925
0.010623462742582418
0.009942891499066877
0.009308272717600144
0.008717957322247744
0.008169842691149608
0.007661554783228717
0.007190584872397473
0.006754389399207028
0.00635046065934383
0.0059763749551609005
0.005629823684025149
0.005308631758271897
0.005010766807347001
0.004734341821990692
0.004477613258323782
0.004238976110361976
0.004016957062622371
0.0038102065297798207
0.003617490159294168
0.003437680199728403
0.003269747009003018
0.0031127508825643468
0.0029658343130717192
0.0028282147442622394
0.0026991778471718245
0.0025780713230896864
0.0024642992216402848
0.002357316752081881
0.0022566255596772693
0.0021617694356494597
0.0020723304279066813
0.001987925319766465
0.0019082024448669234
0.0018328388079844483
0.00176153748334825
0.0016940252640793223
0.0016300505384751174
0.0015693813709267157
0.0015118037672472535
0.001457120106072201
0.001405147719751141
0.0013557176097742083
0.0013086732832667024
0.0012638696984430355
0.0012211723081439214
0.0011804561916942088
0.0011416052663235162
0.0011045115702942331
0.0010690746106926695
0.0010352007695658624
0.0010028027627372782
0.0009717991462174775
0.0009421138656467127
0.0009136758446724184
0.0008864186085811277
0.0008602799398767058
0.0008352015628299414
0.0008111288543222326
0.0007880105785724974
0.000765798643575081
0.0007444478772896597
0.0007239158218154896
0.0007041625439537649
0.0006851504607153852
0.000666844178469547
0.0006492103445521851
0.00063221751026463
0.0006158360042929459
0.0006000378156681894
0.0005847964854690753
0.0005700870065413457
0.000555885730574112
0.0005421702819326657
0.0005289194777009818
0.0005161132534356122
0.0005037325941763548
0.0004917594702988969
0.0004801767778304156
0.00046896828288174917
0.00045811856987924745
0.00044761299330619333
0.0004374376326880361
0.00042757925057783055
0.0004180252533183507
0.00040876365437570144
0.0003997830400559404
0.00039107253743141714
0.00038262178431746084
0.00037442090115262223
0.0003664604646473972
0.0003587314830767878
0.00035122537310184243
0.00034393393801412616
0.00033684934730519617
0.0003299641174706325
0.0003232710939649063
0.0003167634342297379
0.00031043459172428443
0.0003042783008907832
0.0002982885629941396
0.0002924596327784622
0.00028678600588758163
0.0002812624070004434
0.0002758837786357679
0.00027064527058350945
0.00026554222992373593
0.0002605701915962093
0.0002557248694865065
0.0002510021479969049
0.0002463980740723638
0.0002419088496539748
0.00023753082453413225
0.00023326048958933123
0.00022909447036817686
0.00022502952101359974
0.0002210625184996977
0.00021719045716485583
0.000213410443524007
0.00020971969134399684
0.00020611551696702506
0.00020259533486808614
0.00019915665343323352
0.0001957970709463054
0.00019251427177251546