0.3333334744329013
0.33335040711760044
0.3333955680868339
0.333468976829914
0.33357066504010174
0.3337006766476959
0.333859067865939
0.33404590724983063
0.33426127576796194
0.33450526688751026
0.3347779866725595
0.33507955389593985
0.33541010016480377
0.33576977006018727
0.33615872129083024
0.33657712486156266
0.33702516525659054
0.3375030406380486
0.3380109630602214
0.33854915869986296
0.33911786810308725
0.3397173464493335
0.34034786383295135
0.34100970556299165
0.3417031724818294
0.3424285813032912
0.3431862649710082
0.3439765730377595
0.34479987206662943
0.34565654605485346
0.34654699688128615
0.34747164477848747
0.34843092883048715
0.34942530749735634
0.35045525916779224
0.3515212827409928
0.3526238982391887
0.3537636474522831
0.35494109461614454
0.3561568271262011
0.35741145628808524
0.3587056181071989
0.36003997411918465
0.3614152122634229
0.3628320478018099
0.3642912242852256
0.3657935145702526
0.3673397218888866
0.36893068097415355
0.3705672592447522
0.3722503580520477
0.37398091399296857
0.375759900292608
0.37758832826058625
0.37946724882551824
0.3813977541522333
0.3833809793467227
0.3854181042541443
0.38751035535559725
0.38965900776979095
0.39186538736618104
0.39413087299663024
0.3964568988531695
0.39884495696000916
0.40129659980856025
0.4038134431448966
0.4063971689198088
0.40904952841239844
0.41177234553900505
0.41456752036020306
0.41743703279961736
0.4203829465894152
0.4234074134585429
0.4265126775810972
0.42970108030366677
0.432975065172061
0.4363371832795736
0.43979009896082827
0.4433365958573392
0.4469795833832056
0.4507221036218762
0.4545673386876913
0.458518618588961
0.4625794296327031
0.46675342341488274
0.47104442644410144
0.4754564504512336
0.479993703442539
0.4846606015593725
0.48946178181381234
0.49440211577642873
0.49948672430009605
0.5047209933723092
0.510110591198029
0.5156614866257581
0.5213799690415118
0.5272726698687508
0.5333465858273887
0.5396091041219108
0.5460680297476821
0.5527316151260214
0.559608592302874
0.5667082079733925
0.5740402616258631
0.5816151471337612
0.5894438981649383
0.5975382378227826
0.6059106329865163
0.6145743538777059
0.6235435394486976
0.6328332692676119
0.6424596426653525
0.6524398660149491
0.6627923491348179
0.6735368119481643
0.6846944026942223
0.6962878291775397
0.7083415047641285
0.7208817110941594
0.7339367797873821
0.7475372957786888
0.7617163253482828
0.7765096724173352
0.7919561672825965
0.8080979926828286
0.824981052951971
0.8426553930506308
0.8611756755191654
0.8806017249128878
0.9009991511269793
0.9224400652771158
0.9450039045760177
0.9687783860703673
0.9938606133506046
1.0203583656442574
1.0483916053482532
1.0780942484384621
1.109616252835736
1.1431260934037852
1.1788137097460971
1.2168940356379983
1.257611248536152
1.3012439165932943
1.34811127239271
1.3985809120522656
1.4530783123774185
1.512098687442521
1.5762218841605578
1.6461312661440703
1.722637889890311
1.8067117884838018
1.8995229261955882
2.002495501326412
2.1173809645014545
2.2463577363383185
2.3921697534795907
2.55832270610107
2.7493680840073655
2.9713245647293376
3.2323210099087207
3.543610100430459
3.921228353878077
4.3888405997483275
4.982887984412713
5.762555453398733
6.830795786169014
8.383964245369302
10.848812522277388
15.360687872970695
26.27806359975905
90.5845688328903
-62.73135750431482
-23.319427781598733
-14.330256484991168
-10.348048559235076
-8.10099763521434
-6.658062426415355
-5.653239434167201
-4.913386980162315
-4.345978811098833
-3.8970775105948214
-3.5331167551477645
-3.232113855848879
-2.9790697944109326
-2.7633999986672144
-2.5774216149208673
-2.4154229344531095
-2.273069354361915
-2.147011955386377
-2.034622406107458
-1.9338090562420946
-1.8428866184496304
-1.7604820647672814
-1.6854655162882117
-1.6168987100066412
-1.5539960393687788
-1.4960947292000262
-1.4426317404137043
-1.393125697118083
-1.3471626064785578
-1.3043844741289676
-1.2644801525588725
-1.2271779276914832
-1.192239470320362
-1.1594548679854004
-1.1286385186476569
-1.0996257166677468
-1.0722697986500065
-1.0464397448996818
-1.0220181538524236
-0.9988995235344229
-0.9769887871079272
-0.9562000597411118
-0.9364555620733175
-0.9176846919205075
-0.8998232209530886
-0.8828125971613642
-0.8665993372182323
-0.8511344955200981
-0.836373198863603
-0.8222742374973405
-0.8087997047524268
-0.7959146786649383
-0.7835869400055334
-0.7717867219655331
-0.7604864874452092
-0.7496607304738397
-0.7392857987819986
-0.7293397349608152
-0.7198021339935753
-0.7106540152427783
-0.7018777072292469
-0.693456743756448
-0.6853757701185702
-0.6776204582901344
-0.6701774301319617
-0.6630341877666716
-0.6561790503791992
-0.6496010967866555
-0.6432901131990056
-0.6372365456593463
-0.631431456711296
-0.6258664858924653
-0.6205338136981122
-0.6154261286987909
-0.6105365975307997
-0.6058588375091641
-0.6013868916402954
-0.5971152058358044
-0.5930386081506118
-0.5891522898878767
-0.5854517884305981
-0.5819329716753404
-0.578592023957615
-0.575425433371201
-0.5724299803952962
-0.5696027277540127
-0.566941011442522
-0.5644424328631933
-0.5621048520235361
-0.5599263817557033
-0.5579053829248456
-0.5560404606008402
-0.5543304611749134
-0.5527744704094962
-0.5513718124164632
-0.5501220495656352
-0.5490249833323388
-0.548080656099832
-0.5472893539397059
-0.5466516104010285
-0.5461682113470915
-0.545840200887263
-0.5456688884608012
-0.5456558571395967
-0.5458029732279308
-0.5461123972495368
-0.5465865964258267
-0.5472283587641921
-0.5480408088922052
-0.5490274257924997
-0.55019206261452
-0.5515389687635885
-0.5530728144952584
-0.5547987182743601
-0.5567222771940163
-0.5588496007911109
-0.5611873486420287
-0.5637427721771103
-0.5665237612154316
-0.5695388957947769
-0.5727975039568775
-0.576309726247368
-0.5800865878061768
-0.5841400790604399
-0.5884832461925568
-0.5931302927454444
-0.5980966939514724
-0.603399325638137
-0.6090566098814384
-0.6150886799582886
-0.6215175676060852
-0.6283674161482985
-0.6356647237115982
-0.6434386215702776
-0.6517211936429824
-0.6605478443798688
-0.6699577237731748
-0.6799942200753883
-0.6907055331137151
-0.7021453439741954
-0.7143736004604323
-0.7274574423320276
-0.7414722961919211
-0.7565031774180322
-0.7726462462637486
-0.7900106779235972
-0.8087209229991696
-0.8289194568347301
-0.8507701456393021
-0.8744623970503187
-0.9002163169813127
-0.9282891693147186
-0.9589835392742406
-0.9926577487253728
-1.0297392829932872
-1.0707422964144926
-1.116290719090849
-1.1671491733340318
-1.2242649627953692
-1.288826054131425
-1.36234263842928
-1.4467642720048492
-1.5446521213006765
-1.6594391214319657
-1.7958352551182006
-1.9604820520955193
-2.1630554708342062
-2.418221592047987
-2.7493279028212694
-3.195937774940364
-3.8308514475420874
-4.804223735734733
-6.483094349104738
-10.060197462394772
-22.666443129179846
52.05696896416171
13.522866433677626
7.5185245842406765
5.169851791457065
3.920722495798124
3.146137174444809
2.6191111050839475
2.237464101270466
1.9484315404265777
1.7220203729990968
1.5399232219115382
1.3903332574852374
1.265294562875131
1.1592506697890146
1.0682035072171698
0.9892029105443686
0.9200244460010384
0.8589592041090536
0.804672651059925
0.7561074450118501
0.7124150299799183
0.6729065335835047
0.6370168990248618
0.60427826891745
0.5742999516433399
0.5467531462173284
0.5213591572662266
0.4978802039398866
0.47611218025210117
0.4558789000084675
0.4370274828955745
0.41942462619247406
0.4029535699341544
0.38751160957876174
0.3730080443103911
0.35936247449057573
0.3465033808532796
0.33436693251071326
0.3228959819055011
0.312039213375561
0.3017504186219208
0.29198787754861877
0.28271382701984377
0.27389400330747243
0.2654972465737297
0.2574951577939462
0.24986180018373333
0.24257343853829735
0.23560831098445076
0.22894642853903016
0.22256939860067057
0.21646026910636854
0.21060339058463048
0.2049842937528527
0.19958958065339277
0.19440682761316871
0.18942449855553387
0.18463186739870532
0.18001894844888805
0.17557643384359806
0.17129563722611402
0.16716844293894267
0.1631872601157069
0.15934498112932105
0.1556349439218625
0.1520508977996821
0.14858697232761808
0.1452376489997112
0.14199773540163763
0.13886234161297095
0.1358268586260693
0.13288693858344405
0.13003847665740417
0.12727759441501435
0.12460062452831916
0.12200409670466687
0.1194847247251095
0.11703939449044458
0.11466515298474295
0.11235919807529837
0.11011886907602672
0.10794163800851446
0.1058251015013321
0.10376697327391765
0.10176507715645157
0.0998173406016883
0.09792178864880609
0.0960765383029912
0.09427979329776603
0.09252983921002722
0.09082503890042175
0.08916382825408968
0.08754471219896905
0.08596626098081271
0.08442710667583858
0.08292593992353924
0.0814615068636241
0.0800326062623925
0.07863808681502915
0.07727684461140369
0.07594782075394767
0.0746499991170856
0.0733824042385185
0.07214409933341341
0.07093418442323564
0.06975179457159228
0.06859609822002714
0.06746629561723605
0.0663616173356541
0.06528132286980952
0.06422469931124412
0.06319106009517755
0.062179743814433565
0.06119011309646468
0.06022155353960329
0.05927347270493628
0.05834529916044645
0.05743648157429722
0.05654648785434436
0.055674804331155646
0.054820934982003244
0.053984400693455545
0.053164738560355654
0.05236150121911448
0.051574256213381145
0.050802585390276836
0.05004608432549378
0.04930436177566692
0.04857703915652675
0.047863750045432134
0.04716413970697088
0.04647786464039286
0.045804592147717586
0.045143999921427175
0.04449577565071898
0.0438596166453563
0.04323522947620802
0.04262232963162527
0.04202064118884908
0.04142989649969047
0.040849835889769946
0.040280207370640024
0.0397207663641553
0.039171275438489174
0.03863150405522982
0.038101228327018864
0.03758023078522693
0.03706830015718538
0.03656523115252331
0.03607082425817811
0.035584885541675874
0.0351072264622959
0.03463766368975549
0.034176018930069614
0.03372211875825837
0.0332757944575918
0.0328368818650774
0.03240522122291173
0.03198065703562943
0.03156303793269937
0.031152216536327517
0.030748049334239316
0.03035039655722607
0.029959122061248986
0.029574093213905868
0.02919518078507437
0.028822258841554975
0.028455204645544404
0.028093898556780458
0.027738223938203552
0.02738806706499108
0.02704331703682445
0.026703865693256838
0.02636960753205608
0.02604043963040085
0.02571626156881698
0.025396975357742435
0.02508248536661801
0.024772698255402167
0.02446752290841584
0.024166870370424906
0.02387065378487401
0.023578788334187573
0.02329119118205893
0.023007781417650978
0.022728480001635572
0.022453209714001863
0.022181895103566752
0.021914462439123636
0.021650839662168037
0.021390956341141715
0.021134743627138946
0.02088213421102114
0.020633062281888395
0.020387463486858177
0.0201452748921043
0.01990643494511004
0.019670883438092424
0.01943856147255526
0.019209411424931388
0.018983376913274976
0.018760402764967272
0.018540434985400225
0.018323420727603644
0.018109308262783397
0.017898046951738987
0.017689587217130206
0.017483880516563837
0.017280879316472722
0.017080537066759542
0.016882808176180375
0.016687647988442425
0.016495012758992386
0.016304859632472378
0.016117146620820973
0.015931832581998494
0.015748877199315447
0.015568240961345006
0.015389885142399633
0.015213771783554386
0.015039863674198564
0.014868124334098912
0.014698517995957939
0.014531009588451623
0.014365564719730927
0.014202149661372801
0.014040731332766114
0.01388127728591918
0.013723755690675318
0.013568135320323882
0.01341438553759462
0.013262476281022912
0.013112378051675354
0.012964061900223551
0.012817499414356297
0.012672662706519374
0.012529524401973068
0.012388057627157865
0.012248235998358864
0.012110033610660105
0.01197342502717985
0.011838385268578722
0.011704889802832233
0.011572914535260149
0.01144243579880477
0.011313430344551153
0.011185875332481745
0.011059748322458754
0.010935027265427735
0.010811690494835467
0.010689716718256425
0.01056908500922137
0.010449774799242455
0.010331765870028927
0.010215038345888269
0.010099572686307038
0.009985349678706573
0.009872350431368372
0.009760556366524334
0.009649949213607184
0.009540511002656502
0.009432224057875901
0.009325070991337043
0.009219034696826426
0.009114098343830727
0.009010245371656971
0.00890745948368351
0.008805724641738236
0.008705025060600455
0.008605345202622756
0.008506669772469687
0.008408983711969725
0.008312272195077654
0.008216520622943693
0.008121714619086999
0.00802784002466995
0.007934882893870888
0.007842829489352117
0.007751666277820576
0.0076613799256786755
0.007571957294762413
0.007483385438164511
0.007395651596139981
0.007308743192091781
0.007222647828634199
0.007137353283731663
0.007052847506910788
0.006969118615543512
0.006886154891199093
0.006803944776063048
0.006722476869420793
0.006641739924204224
0.006561722843599169
0.006482414677711772
0.006403804620292117
0.006325882005513019
0.006248636304802448
0.006172057123727622
0.006096134198929192
0.006020857395103706
0.0059462167020327954
0.005872202231657334
0.005798804215195096
0.005726013000300165
0.005653819048262658
0.0055822129312471675
0.005511185329568401
0.005440727029002521
0.005370828918132675
0.0053014819857272934
0.005232677318149652
0.005164406096797261
0.005096659595569697
0.005029429178363351
0.004962706296591789
0.004896482486730268
0.0048307493678829555
0.004765498639371636
0.004700722078344188
0.004636411537401803
0.004572558942243336
0.004509156289325341
0.004446195643536664
0.004383669135885843
0.004321568961200235
0.004259887375835192
0.004198616695391967
0.004137749292443001
0.004077277594262975
0.004017194080564215
0.003957491281235034
0.0038981617740794852
0.0038391981825568935
0.0037805931735197577
0.003722339454948426
0.003664429773680901
0.003606856913136129
0.0035496136910292387
0.0034926929570768895
0.0034360875906911765
0.00337979049866005
0.0033237946128127907
0.0032680928876684407
0.0032126782980653203
0.0031575438367697933
0.0031026825120621794
0.003048087345297819
0.002993751368441069
0.002939667621570186
0.002885829150350726
0.002832229003475247
0.0027788602300667918
0.0027257158770437567
0.0026727889864436544
0.002620072592702894
0.0025675597198900543
0.0025152433788897797
0.002463116564534188
0.002411172252678888
0.002359403397220406
0.002307802927051688
0.00225636374295226
0.002205078714409452
0.0021539406763670826
0.0021029424258976366
0.0020520767187939353
0.0020013362660761666
0.0019507137304098526
0.0019002017224302576
0.001849792796968442
0.0017994794491740067
0.001749254110529408
0.0016991091447504316
0.0016490368435670834
0.001599029422379144
0.0015490790157801871
0.0014991776729434533
0.0014493173528631097
0.0013994899194436138
0.001349687136429914
0.001299900662170653
0.0012501220442064124
0.0012003427136743853
0.001150553979520699
0.001100747022510937
0.0010509128890292534
0.0010010424846557807
0.0009511265675115203
0.0009011557413596133
0.0008511204484511178
0.0008010109621029031
0.0007508173789946824
0.0007005296111716368
0.000650137377738221
0.0005996301962283146
0.0005489973736358037
0.0004982279970892731
0.00044731092415341923
0.00039623477273895906
0.00034498791060213704
0.0002935584444136978
0.00024193420837652984
0.00019010275236982236
0.00013805132959692257
0.0000857668837126339
0.00003323603540474072
-0.000019554931596721877
-0.00007262008511008331
-0.00012597385972149761
-0.00017963107266359568
-0.00023360694038476864
-0.0002879170958422172
-0.0003425776065529375
-0.00039760499343873847
-0.0004530162505021253
-0.0005088288653720247
-0.0005650608407591309
-0.0006217307168625716
-0.000678857594770423
-0.0007364611608981768
-0.0007945617125104605
-0.0008531801843719601
-0.0009123381765748563
-0.000972057983590145
-0.0010323626245911373
-0.0010932758750968343
-0.0011548222999827951
-0.0012170272879061376
-0.0012799170871892864
-0.0013435188432052263
-0.001407860637303116
-0.0014729715273091245
-0.001538881589631005
-0.0016056219629878648
-0.001673224893776816
-0.0017417237830769099
-0.0018111532352756703
-0.001881549108286324
-0.0019529485653021334
-0.0020253901280075644
-0.0020989137311349573
-0.002173560778216728
-0.0022493741983375935
-0.0023263985036360542
-0.00240467984723893
-0.0024842660812338757
-0.0025652068141914183
-0.0026475534676358215
-0.002731359330731315
-0.002816679612291459
-0.002903571489030665
-0.0029920941487521385
-0.0030823088268993053
-0.003174278834579689
-0.0032680695757908397
-0.0033637485511278558
-0.0034613853447142797
-0.0035610515904587977
-0.003662820912977037
-0.003766768837608562
-0.003872972662873808
-0.0039815112874197105
-0.004092464981955175
-0.004205915094827222
-0.00432194367767593
-0.004440633014957634
-0.004562065037956024
-0.004686320600101636
-0.004813478585869759
-0.004943614820069331
-0.005076800737795388
-0.005213101767474092
-0.005352575370029267
-0.00549526866593745
-0.00564121556845564
-0.005790433325187391
-0.0059429183509123705
-0.006098641211696241
-0.006257540593105225
-0.006419516053213646
-0.006584419323318528
-0.0067520438752116455
-0.00692211242295225
-0.007094261969051709
-0.007268025940022054
-0.007442812885384143
-0.007617881139873653
-0.007792308775248115
-0.007964958103574763
-0.008134433950807232
-0.008299034917540561
-0.008456696912797115
-0.008604928430137472
-0.008740737395429223
-0.008860550038077836
-0.008960123236728441
-0.009034453311461634
-0.009077686449253622
-0.009083039040009974
-0.009042740319389909
-0.008948014908463484
-0.008789128919917713
-0.0085555296468802
-0.008236114161861716
-0.00781966418764844
-0.007295480045779739
-0.006654231198835173
-0.00588901086350034
-0.004996535461002585
-0.003978369387499495
-0.002841992836504651
-0.0016014853470090935
-0.0002775960130552479
0.0011029657731468372
0.002509054167423624
0.0039072863111659
0.005264612284651731
0.006550851210561674
0.007740795310840508
0.00881559362925282
0.009763299334249019
0.010578639148896582
0.011262190107174101
0.011819204595358495
0.012258315256793164
0.012590300002460279
0.012827020608702043
0.012980586386920595
0.013062747769707735
0.013084495769355173
0.013055829575250808
0.01298565160566739
0.012881752728898414
0.012750856714509177
0.01259870003164886
0.012430129630047542
0.01224920676929211
0.012059309177864705
0.011863226923356937
0.011663249549706217
0.011461243494071753
0.011258719723292891
0.011056892082314588
0.010856727143727882
0.010658986476506866
0.010464262275562014
0.010273007254860769
0.010085559634296177
0.009902163962753464
0.009722988428467416
0.009548139219546418
0.009377672416136044
0.009211603822781515
0.009049917085569029
0.008892570383321485
0.008739501934838556
0.008590634524070682
0.008445879211326964
0.008305138370272028
0.00816830816677964
0.008035280575967096
0.007905945017308177
0.007780189674081123
0.007657902552084148
0.007538972323163844
0.007423288991315699
0.007310744412666587
0.007201232695299062
0.007094650500445717
0.006990897262903157
0.006889875345467593
0.006791490139661659
0.006695650122922017
0.006602266880671719
0.006511255100252364
0.006422532542485213
0.006336019995629786
0.0062516412156739636
0.006169322856197576
0.006088994390474662
0.006010588027999494
0.005934038627223057
0.0058592836059545165
0.005786262850606408
0.005714918625233256
0.005645195481122768
0.005577040167541414
0.005510401544105248
0.0054452304951386294
0.005381479846294975
0.0053191042836395995
0.00525806027533486
0.005198305996018658
0.005139801253926903
0.0050825074207787035
0.005026387364416383
0.004971405384171967
0.004917527148915571
0.004864719637727903
0.0048129510831299025
0.004762190916794991
0.00471240971766451
0.004663579162383179
0.004615671977969479
0.004568661896635085
0.004522523612666893
0.004477232741286443
0.004432765779402259
0.004389100068172673
0.004346213757298581
0.004304085770967798
0.004262695775375289
0.004222024147746136
0.004182051946790712
0.00414276088452431
0.0041041332993862895
0.004066152130596414
0.004028800893688931
0.003992063657167261
0.003955925020225268
0.0039203700914830775
0.003885384468688184
0.003850954219334818
0.003817065862156823
0.003783706349451595
0.0037508630501944143
0.0037185237339048996
0.003686676555229012
0.0036553100392018438
0.0036244130671582026
0.0035939748632598614
0.0035639849816095403
0.0035344332939235153
0.0035053099777361553
0.0034766055051107447
0.0034483106318326964
0.0034204163870621197
0.0033929140634239826
0.0033657952075153656
0.0033390516108100857
0.0033126753009421
0.003286658533350158
0.0032609937832667386
0.00323567373803552
0.0032106912897421317
0.0031860395281439295
0.0031617117338850484
0.0031377013719837833
0.003114002085580037
0.0030906076899310645
0.0030675121666443616
0.0030447096581371386
0.0030221944623123206
0.00299996102744147